subj_wossc_code,subj_oecd_code,cpc_class,cpc_subclass,weight
ji,5.01,A61,A61J,.0014880952658132
yp,3.02,C12,C12H,.0015220700297505
ec,1.04,A21,A21D,.0016181230312213
ve,3.02,B65,B65B,.0016750418581069
dq,9,A43,A43B,.0018315018387511
yp,3.02,A21,A21D,.0019047618843615
ot,6.02,C10,C10L,.0019762846641243
rb,2.02,A61,A61J,.0019841270986944
rx,3.02,C08,C08B,.0019960079807788
qq,1.05,B82,B82B,.002032520249486
mu,4.01,C07,C07G,.0021186440717429
wy,5.04,A01,A01K,.0021367522422224
ta,1.06,C07,C07F,.0021739129442722
ru,3.01,F15,F15D,.0021929824724793
un,1.03,C07,C07H,.0021929824724793
fu,5.04,C09,C09K,.0022321429569274
dx,3.01,B81,B81B,.0022522523067892
yq,5.07,A01,A01H,.0022675737272948
ia,3.02,C12,C12H,.0022831049282104
ip,2.07,A01,A01K,.0022988505661488
pw,2.06,H04,H04J,.0024154589045793
oe,5.06,C11,C11B,.0024875621311367
ns,2.01,D21,D21B,.0024875621311367
hy,1.06,B65,B65B,.0025125627871603
fi,1.04,G16,G16H,.0025974025484174
ac,2.02,A24,A24D,.0026041667442769
xy,1.01,A24,A24D,.0026041667442769
ep,1.02,A24,A24D,.0026041667442769
po,1.01,A24,A24D,.0026041667442769
xy,1.01,C07,C07J,.0026315790601075
yr,2.01,F03,F03G,.0026666666381061
mc,1.06,A47,A47J,.0026666666381061
ht,1.06,G16,G16H,.0026881720405072
ex,1.02,B82,B82B,.0027100271545351
qq,1.05,C07,C07F,.00277777784504
mu,4.01,C10,C10B,.00277777784504
af,4.05,C07,C07C,.0027932960074395
io,2.07,C25,C25B,.0028089887928218
il,2.07,C25,C25B,.0028089887928218
vs,5.01,C07,C07H,.0028248587623239
ht,1.06,C07,C07G,.0028248587623239
ct,9,Y02,Y02P,.0028571428265423
ze,1.06,F02,F02D,.0028735632076859
ou,1.06,C10,C10G,.0029069767333567
ex,1.02,B41,B41N,.0029069767333567
uu,5.06,B81,B81B,.0029585799202323
wm,5.04,B81,B81B,.0029585799202323
mw,5.09,C07,C07H,.003086419776082
wm,5.04,B03,B03C,.0031847134232521
wu,5.04,B03,B03C,.0031847134232521
qf,9,F41,F41G,.0032258064020425
pu,2.03,B41,B41D,.0032258064020425
ve,3.02,C11,C11C,.0032679738942534
pw,2.06,F15,F15D,.003289473708719
fe,5.05,C12,C12P,.003289473708719
gy,5.02,D21,D21C,.003333333414048
po,1.01,D21,D21C,.003333333414048
ps,5.04,D21,D21C,.003333333414048
xy,1.01,D21,D21C,.003333333414048
ex,1.02,H01,H01K,.003333333414048
op,3.03,C11,C11C,.0033670032862574
de,1.06,B66,B66C,.0033783784601837
mu,4.01,B66,B66C,.0033783784601837
am,4.01,B66,B66C,.0033783784601837
ue,2.11,F17,F17C,.0034246575087309
da,1.06,F02,F02C,.0034722222480923
my,5.01,C07,C07H,.0034722222480923
mu,4.01,B01,B01F,.0035211266949773
xw,3.03,A47,A47L,.0035714285913855
um,3.01,A47,A47L,.0035714285913855
un,1.03,F15,F15D,.0035714285913855
hb,5.03,H04,H04J,.0036231884732842
oa,2.11,D21,D21B,.003731343196705
ni,3.01,D21,D21B,.003731343196705
yp,3.02,G09,G09F,.003745318390429
pw,2.06,B05,B05B,.003745318390429
ht,1.06,Y02,Y02A,.003745318390429
ps,5.04,H03,H03H,.0037878789007664
dr,1.06,H01,H01C,.0037878789007664
dm,3.02,C12,C12H,.0038051749579608
qj,2.05,C12,C12R,.0038167939055711
pj,2.05,A61,A61C,.0038314175326377
ku,5.07,G01,G01T,.0038461538497359
ct,9,B03,B03B,.0038461538497359
kv,1.05,G01,G01T,.0038461538497359
ry,2.03,A47,A47G,.0038461538497359
ma,3.02,B03,B03B,.0038461538497359
un,1.03,A47,A47G,.0038461538497359
ue,2.11,D06,D06M,.003875968977809
co,1.06,B41,B41N,.003875968977809
re,1.05,B05,B05B,.00390625
xq,2.11,A23,A23K,.00390625
ah,4.01,C01,C01F,.0039215688593686
dx,3.01,B82,B82B,.0039215688593686
dx,3.01,C25,C25F,.0039215688593686
um,3.01,C25,C25F,.0039215688593686
qc,6.02,A01,A01H,.0039370078593493
rz,3.03,C10,C10L,.0039525693282485
wh,3.02,C10,C10L,.0039525693282485
io,2.07,C01,C01B,.0039619497256353
ix,2.07,C01,C01B,.0039619497256353
vj,5.01,B82,B82Y,.0039682541973889
wv,3.03,B81,B81C,.0040322579443455
vi,5.01,B81,B81C,.0040322579443455
sr,2.07,B41,B41D,.0040322579443455
ti,9,B60,B60R,.0040650404989719
fi,1.04,F16,F16K,.0040650404989719
qa,3.01,H05,H05G,.0040650404989719
gu,1.06,C12,C12C,.0040650404989719
ru,3.01,H05,H05G,.0040650404989719
ff,3.02,A24,A24B,.004115226212889
dx,3.01,G01,G01G,.004115226212889
ya,3.02,A24,A24B,.004115226212889
wc,3.03,A24,A24B,.004115226212889
ue,2.11,A61,A61J,.0041666667675599
dt,2.03,D21,D21B,.0041666668839753
fi,1.04,F04,F04B,.0041666668839753
wv,3.03,C12,C12Y,.0041666668839753
ac,2.02,G03,G03C,.0041666668839753
pu,2.03,D21,D21B,.0041666668839753
rt,3.02,C07,C07G,.0042372881434858
ye,2.02,C07,C07G,.0042372881434858
vj,5.01,G02,G02C,.0042735044844449
qg,2.05,F28,F28C,.0043103448115289
qg,2.05,Y02,Y02A,.0043103448115289
bv,5.01,D01,D01F,.0043478258885443
kv,1.05,H03,H03F,.0043478258885443
ku,5.07,H03,H03F,.0043478258885443
cn,5.01,D01,D01F,.0043478258885443
yy,5.07,H03,H03F,.0043478258885443
dx,3.01,F15,F15D,.0043859649449587
dr,1.06,F15,F15D,.0043859649449587
ay,3.01,G01,G01L,.0044444445520639
um,3.01,A47,A47J,.0044444445520639
hq,1.04,H01,H01K,.0044444445520639
if,2.11,C07,C07G,.0044642859138548
bm,5.07,G01,G01B,.0045045046135783
hl,3.03,C11,C11B,.0045454544015229
pt,3.03,H04,H04H,.0045454544015229
lq,3.03,C11,C11B,.0045454544015229
ti,9,C12,C12H,.0045662098564208
ay,3.01,C08,C08H,.0045662098564208
ma,3.02,C12,C12H,.0045662098564208
my,5.01,C08,C08H,.0045662098564208
rz,3.03,C12,C12H,.0045662098564208
ev,1.02,C12,C12H,.0045662098564208
dq,9,C12,C12H,.0045662098564208
ki,3.02,C12,C12H,.0045662098564208
rx,3.02,B01,B01D,.0045662098564208
wc,3.03,C12,C12H,.0045662098564208
yp,3.02,B81,B81C,.0046296296641231
hb,5.03,B81,B81C,.0046296296641231
wm,5.04,B81,B81C,.0046296296641231
ex,1.02,H02,H02S,.0046296296641231
xy,1.01,C07,C07B,.0046511627733707
tc,3.02,G01,G01Q,.0046728970482945
qe,2.09,B60,B60C,.0046948357485235
ry,2.03,G02,G02C,.0046948357485235
ah,4.01,F15,F15D,.0047619049437344
dw,1.04,F15,F15D,.0047619049437344
dm,3.02,H01,H01H,.0048076924867928
un,1.03,F16,F16L,.0048076924867928
ae,4.05,F02,F02P,.0048309178091586
dw,1.04,F02,F02P,.0048309178091586
za,3.02,C11,C11C,.0049019609577954
xe,4.01,H03,H03M,.0049019609577954
qg,2.05,A22,A22C,.0049999998882413
qf,9,B03,B03C,.0049999998882413
uk,1.03,A22,A22C,.0049999998882413
ve,3.02,G07,G07C,.0049999998882413
bv,5.01,C12,C12Y,.0049999998882413
ub,1.03,A22,A22C,.0049999998882413
rq,1.06,B65,B65B,.0050251255743206
pw,2.06,B65,B65B,.0050251255743206
ps,5.04,A61,A61L,.0050505050458014
ik,2.11,A47,A47G,.0051282052882016
bd,1.06,B81,B81C,.0051282052882016
db,2.08,H02,H02N,.0052083334885538
un,1.03,A41,A41D,.0052083334885538
pu,2.03,A41,A41D,.0052083334885538
ns,2.01,B21,B21F,.0052083334885538
qa,3.01,F02,F02C,.0052083334885538
xy,1.01,F42,F42B,.0052631581202149
ay,3.01,C30,C30B,.0052910051308572
qa,3.01,C12,C12H,.0053272449877113
ig,2.06,F22,F22B,.0053763440810144
ei,1.04,D01,D01B,.0053763440810144
dy,1.04,D01,D01B,.0053763440810144
im,2.01,D21,D21G,.0053763440810144
ub,1.03,D01,D01B,.0053763440810144
aa,1.03,F22,F22B,.0053763440810144
id,2.07,D21,D21G,.0053763440810144
uk,1.03,D01,D01B,.0053763440810144
td,3.02,G01,G01B,.0053763440810144
ik,2.11,F22,F22B,.0053763440810144
ue,2.11,B04,B04B,.005405405536294
if,2.11,C12,C12Y,.0054322292562574
oo,3.03,C40,C40B,.0054347827099264
aa,1.03,A43,A43B,.0054945056326687
km,1.06,B82,B82B,.0055555556900799
tm,3.01,A61,A61J,.0055555556900799
ds,3.02,C40,C40B,.0055555556900799
vy,3.02,B82,B82B,.0055555556900799
er,1.02,D05,D05B,.0055555556900799
dr,1.06,G03,G03C,.0055555556900799
ix,2.07,B24,B24B,.0055555556900799
za,3.02,C23,C23F,.0055555556900799
ct,9,C09,C09B,.0055555556900799
pe,5.02,H02,H02K,.0055555556900799
po,1.01,A61,A61J,.0055555556900799
ps,5.04,C08,C08J,.0055555556900799
vy,3.02,B60,B60L,.0055555556900799
hy,1.06,C10,C10B,.0055555556900799
qa,3.01,B82,B82B,.0055555556900799
dm,3.02,B82,B82B,.0055555556900799
fu,5.04,C07,C07H,.0056179775856435
ik,2.11,C13,C13K,.0056179775856435
qa,3.01,G09,G09F,.0056179775856435
jb,5.07,C07,C07H,.0056179775856435
qu,1.06,G09,G09F,.0056179775856435
nu,5.08,Y02,Y02A,.0056179775856435
oo,3.03,C07,C07H,.0056179775856435
aq,3.02,G09,G09F,.0056179775856435
rb,2.02,D05,D05C,.0056497175246477
er,1.02,D05,D05C,.0056497175246477
es,2.02,D05,D05C,.0056497175246477
yy,5.07,C12,C12P,.0056807771325111
yq,5.07,C08,C08G,.0056818183511496
jy,4.05,F21,F21V,.0056818183511496
jy,4.05,H01,H01C,.0056818183511496
ct,9,G01,G01K,.0056969695724547
rz,3.03,A21,A21D,.0057142856530845
ti,9,A21,A21D,.0057142856530845
tm,3.01,C11,C11C,.0057189543731511
yp,3.02,G01,G01B,.0057471264153719
hq,1.04,Y02,Y02A,.0057471264153719
uf,1.03,Y02,Y02A,.0057471264153719
ah,4.01,B29,B29B,.0057471264153719
id,2.07,Y02,Y02A,.0057471264153719
hq,1.04,F28,F28C,.0057471264153719
pt,3.03,A41,A41D,.0057471264153719
pz,2.05,Y02,Y02A,.0057471264153719
ht,1.06,C07,C07J,.0057471264153719
wc,3.03,C11,C11B,.0057803466916084
nq,5.01,H02,H02K,.0058139534667134
ry,2.03,A24,A24F,.0058139534667134
ig,2.06,B41,B41N,.0058139534667134
hb,5.03,B41,B41N,.0058139534667134
un,1.03,B05,B05B,.0058139534667134
vx,5.01,A45,A45F,.0058139534667134
qe,2.09,B41,B41N,.0058139534667134
ye,2.02,B41,B41N,.0058139534667134
ra,2.11,G01,G01D,.0058479532599449
mc,1.06,B82,B82B,.0058823530562222
vs,5.01,C08,C08J,.0059523810632527
ac,2.02,C06,C06B,.0059523810632527
ps,5.04,H01,H01F,.0059523810632527
vi,5.01,A21,A21D,.0059523810632527
wf,1.06,C11,C11B,.0059523810632527
yq,5.07,B82,B82Y,.0059523810632527
bv,5.01,B82,B82Y,.0059523810632527
yr,2.01,A21,A21D,.0059523810632527
rx,3.02,A61,A61J,.0059523812960833
yp,3.02,B09,B09C,.0060240961611271
yu,3.03,H04,H04B,.0060240961611271
td,3.02,B03,B03C,.0060240961611271
qu,1.06,C10,C10B,.0060240961611271
qh,2.05,H04,H04B,.0060240961611271
kv,1.05,B09,B09C,.0060240961611271
ya,3.02,B09,B09C,.0060240961611271
qh,2.05,G05,G05F,.0060606058686972
nn,3.03,C12,C12H,.0060882798861712
we,3.02,G01,G01L,.0060975607484579
ya,3.02,E03,E03B,.0060975607484579
ja,1.05,B26,B26B,.0060975607484579
un,1.03,B82,B82B,.0060975607484579
ry,2.03,B82,B82B,.0060975607484579
dw,1.04,H03,H03D,.0060975607484579
vs,5.01,G03,G03F,.0061728395521641
ds,3.02,A24,A24B,.0061728395521641
rx,3.02,C12,C12R,.0061728395521641
ig,2.06,B02,B02C,.0061728395521641
uf,1.03,G01,G01G,.0061728395521641
ra,2.11,G01,G01G,.0061728395521641
rx,3.02,B25,B25J,.0061728395521641
wf,1.06,A24,A24B,.0061728395521641
ma,3.02,B44,B44C,.0061728395521641
il,2.07,H03,H03B,.0061728395521641
am,4.01,B05,B05D,.0061728395521641
ur,1.01,G01,G01G,.0061728395521641
ou,1.06,G01,G01G,.0061728395521641
ia,3.02,A24,A24B,.0061728395521641
ku,5.07,H03,H03B,.0061728395521641
iy,1.06,C12,C12C,.0062500000931323
ur,1.01,B08,B08B,.0062500000931323
am,4.01,G01,G01K,.0062500000931323
gc,1.05,B22,B22F,.0062500000931323
ma,3.02,C25,C25B,.0062500000931323
nn,3.03,A62,A62D,.0062893079593778
zm,1.06,C40,C40B,.0063107183668762
ad,4.02,H02,H02K,.0063291140832007
km,1.06,H02,H02K,.0063291140832007
ru,3.01,F15,F15C,.0063291140832007
ja,1.05,B81,B81B,.0063291140832007
ky,1.05,B82,B82Y,.0063694268465042
ku,5.07,G04,G04F,.0064102564938366
sd,3.02,G02,G02C,.0064102564938366
zr,1.05,H03,H03F,.0064102564938366
tq,3.02,G02,G02C,.0064102564938366
my,5.01,G02,G02C,.0064102564938366
il,2.07,G04,G04F,.0064102564938366
cn,5.01,F21,F21V,.006517379777506
ur,1.01,F03,F03G,.0065359477885067
we,3.02,F21,F21K,.0065359477885067
qu,1.06,F21,F21K,.0065359477885067
ky,1.05,G01,G01B,.0065359477885067
rq,1.06,G06,G06N,.0065658243838698
bf,5.04,B01,B01L,.006578947417438
qq,1.05,F15,F15D,.006578947417438
qa,3.01,F15,F15D,.006578947417438
ml,9,G06,G06N,.006578947417438
xe,4.01,H01,H01B,.006578947417438
rt,3.02,D01,D01D,.006578947417438
qa,3.01,A22,A22C,.0066666668280959
ur,1.01,D21,D21C,.0066666668280959
xy,1.01,C01,C01D,.0066666668280959
mc,1.06,C01,C01D,.0066666668280959
ga,3.02,A46,A46B,.0066666668280959
io,2.07,B01,B01L,.0066666668280959
co,1.06,H01,H01K,.0066666668280959
pk,2.05,A22,A22C,.0066666668280959
cn,5.01,C08,C08F,.0066666668280959
tq,3.02,A22,A22C,.0066666668280959
yu,3.03,B65,B65B,.0066666668280959
pz,2.05,A22,A22C,.0066666668280959
ay,3.01,A47,A47J,.0066666668280959
yp,3.02,A22,A22C,.0066666668280959
vp,3.03,C07,C07K,.0066666668280959
up,1.03,B05,B05C,.0066666668280959
tm,3.01,A47,A47J,.0066666668280959
bu,1.03,B05,B05C,.0066666668280959
uf,1.03,D21,D21C,.0066666668280959
rq,1.06,B66,B66C,.0067567569203675
wf,1.06,H01,H01S,.0067567569203675
yu,3.03,B66,B66C,.0067567569203675
rq,1.06,G11,G11C,.0067567569203675
uh,1.03,G08,G08C,.0067567569203675
sy,1.03,D05,D05C,.006779660936445
yp,3.02,A23,A23D,.0068027209490538
fi,1.04,B44,B44C,.0068027209490538
wf,1.06,A61,A61C,.0068027209490538
pw,2.06,H01,H01S,.0068195180501789
gu,1.06,C12,C12H,.0068493147846311
cn,5.01,C08,C08H,.0068493150174618
lj,3.02,G08,G08C,.0068493150174618
zm,1.06,C08,C08H,.0068493150174618
tm,3.01,A61,A61D,.0068493150174618
bv,5.01,B01,B01L,.0068493150174618
op,3.03,A23,A23D,.0068583409301937
ee,1.04,C25,C25F,.0068627453874797
rx,3.02,C08,C08G,.00687285233289
js,6.04,A01,A01K,.0068965516984463
op,3.03,C11,C11D,.0069124426227063
kv,1.05,G10,G10K,.0069444444961846
qe,2.09,F23,F23C,.0069444444961846
qe,2.09,A41,A41C,.0069444444961846
hb,5.03,C07,C07B,.0069444444961846
mw,5.09,C12,C12N,.0069444444961846
zk,9,C07,C07H,.0069444444961846
ky,1.05,G01,G01T,.0069444444961846
ds,3.02,A41,A41C,.0069444444961846
re,1.05,H03,H03K,.0069444444961846
ku,5.07,A41,A41D,.0069444444961846
oi,3.02,C09,C09B,.0069444444961846
hl,3.03,C07,C07B,.0069444444961846
bf,5.04,A41,A41D,.0069444444961846
qq,1.05,H03,H03G,.0070175440050662
ub,1.03,C10,C10J,.0070422533899546
yr,2.01,C01,C01G,.007092198356986
am,4.01,H01,H01H,.007142857182771
ue,2.11,D02,D02G,.007142857182771
yo,3.01,H01,H01H,.007142857182771
cl,9,A23,A23D,.007142857182771
qu,1.06,Y02,Y02P,.007142857182771
rx,3.02,G10,G10K,.007142857182771
am,4.01,F15,F15D,.007142857182771
uh,1.03,B62,B62D,.007142857182771
ht,1.06,F02,F02D,.0071839080192149
vj,5.01,C12,C12Y,.0072429722640663
ay,3.01,G11,G11B,.0072463769465685
pc,5.02,C08,C08B,.0072463769465685
sd,3.02,D01,D01D,.0072463769465685
nq,5.01,C08,C08B,.0072463769465685
qf,9,F02,F02G,.0072463769465685
yo,3.01,H03,H03H,.0072463769465685
wf,1.06,D01,D01D,.0072463769465685
qg,2.05,B09,B09C,.0072493362240493
hy,1.06,A63,A63F,.0073529412038624
ip,2.07,C09,C09G,.0073529412038624
rx,3.02,G01,G01M,.0073529412038624
da,1.06,C10,C10B,.0074074072763324
ea,1.04,E03,E03B,.0074074072763324
ct,9,G11,G11C,.0074074072763324
or,5.09,B01,B01L,.0074074072763324
ue,2.11,B29,B29B,.0074074072763324
qe,2.09,B09,B09C,.0074074072763324
um,3.01,G04,G04F,.0074074072763324
bv,5.01,G04,G04F,.0074074072763324
vp,3.03,G09,G09B,.0074074072763324
ac,2.02,A01,A01H,.0074284812435508
po,1.01,A01,A01H,.0074284812435508
un,1.03,C08,C08H,.0074316938407719
bf,5.04,C25,C25B,.00746268639341
aa,1.03,D21,D21B,.00746268639341
ti,9,A61,A61N,.007490636780858
pk,2.05,B66,B66B,.0075757578015327
le,1.05,H03,H03H,.0075757578015327
ew,1.02,F15,F15C,.0075757578015327
zk,9,C07,C07J,.0075757578015327
if,2.11,G05,G05G,.0075757578015327
za,3.02,C01,C01G,.0075757578015327
qf,9,B66,B66B,.0075757578015327
um,3.01,C01,C01G,.0075757578015327
fa,2.01,C30,C30B,.0075757578015327
gm,3.03,H03,H03H,.0075757578015327
uu,5.06,C25,C25D,.0075757578015327
nq,5.01,B81,B81C,.0076923076994717
um,3.01,A47,A47G,.0076923076994717
iu,2.03,A47,A47G,.0076923076994717
qe,2.09,G01,G01H,.0076923076994717
jy,4.05,B81,B81C,.0076923076994717
zd,9,A47,A47G,.0076923076994717
rt,3.02,A24,A24F,.0077519379556179
dx,3.01,A24,A24F,.0077519379556179
qf,9,F21,F21V,.0077519379556179
tm,3.01,B21,B21F,.0078125
dm,3.02,B21,B21F,.0078125
ee,1.04,F02,F02M,.0078125
nn,3.03,B21,B21F,.0078125
ee,1.04,A23,A23N,.0078125
oa,2.11,A24,A24D,.0078125002328306
un,1.03,D21,D21B,.0078980100806803
po,1.01,B60,B60W,.0079365083947778
xw,3.03,F16,F16L,.0079365083947778
qe,2.09,H02,H02K,.0079365083947778
hq,1.04,C07,C07J,.0080000003799796
iy,1.06,G09,G09G,.0080000003799796
zm,1.06,A23,A23P,.0080645158886909
il,2.07,F41,F41H,.0080645158886909
dr,1.06,A23,A23P,.0080645158886909
vx,5.01,G10,G10D,.0080645158886909
qe,2.09,B41,B41D,.0080645158886909
su,3.02,A23,A23P,.0080645158886909
tu,3.01,B26,B26D,.0080645158886909
wc,3.03,G10,G10D,.0080645158886909
nn,3.03,B26,B26D,.0080645158886909
ht,1.06,A45,A45D,.0080645158886909
km,1.06,A45,A45D,.0080645158886909
hq,1.04,B41,B41D,.0080645158886909
qe,2.09,A23,A23P,.0080645158886909
id,2.07,B41,B41D,.0080645158886909
cu,1.06,F41,F41G,.0080645158886909
gy,5.02,A45,A45D,.0080645158886909
bu,1.03,A23,A23P,.0080645158886909
ht,1.06,H01,H01B,.0081300809979439
dq,9,C10,C10L,.0081300809979439
hb,5.03,C12,C12Y,.0081967208534479
yu,3.03,F25,F25B,.0081967208534479
ad,4.02,C40,C40B,.0082280787173659
km,1.06,C10,C10B,.0083333335351199
ea,1.04,B28,B28B,.0083333337679505
pt,3.03,G09,G09C,.0083333337679505
tm,3.01,F25,F25C,.0083333337679505
da,1.06,B28,B28B,.0083333337679505
ds,3.02,G21,G21C,.0083333337679505
ya,3.02,G21,G21C,.0083333337679505
ne,3.03,G21,G21B,.0083333337679505
ai,2.03,H03,H03C,.0083333337679505
po,1.01,C10,C10M,.0083333337679505
qu,1.06,B02,B02C,.0083333337679505
mc,1.06,B33,B33Y,.0083333337679505
il,2.07,G02,G02F,.0083333337679505
pt,3.03,B33,B33Y,.0083333337679505
ig,2.06,B33,B33Y,.0083333337679505
mc,1.06,G09,G09C,.0083333337679505
um,3.01,F25,F25C,.0083333337679505
zd,9,G21,G21C,.0083333337679505
pq,1.01,D05,D05B,.0083333337679505
vy,3.02,B33,B33Y,.0083333337679505
dt,2.03,B82,B82B,.0083333337679505
et,1.02,B33,B33Y,.0083333337679505
um,3.01,G10,G10H,.0083333337679505
ru,3.01,F25,F25C,.0083333337679505
re,1.05,C10,C10J,.0083333337679505
pi,1.06,H05,H05H,.0083887306973338
gu,1.06,H05,H05H,.0083887306973338
fu,5.04,C40,C40B,.0084745762869716
hy,1.06,C08,C08H,.0084745762869716
nm,5.02,C40,C40B,.0084745762869716
pq,1.01,D05,D05C,.0084745762869716
ev,1.02,D05,D05C,.0084745762869716
rz,3.03,C07,C07G,.0084745762869716
ox,6.02,C12,C12Q,.0084745762869716
up,1.03,B05,B05B,.0085470089688897
ba,3.02,F28,F28F,.0085470089688897
hl,3.03,C12,C12M,.0085470089688897
gy,5.02,C12,C12M,.0085470089688897
we,3.02,B29,B29D,.0085470089688897
qf,9,F28,F28C,.0086206896230578
te,1.05,C12,C12P,.0086206896230578
ec,1.04,F28,F28C,.0086206896230578
bv,5.01,C07,C07J,.0086206896230578
qf,9,Y02,Y02A,.0086206896230578
uh,1.03,Y02,Y02A,.0086206896230578
pc,5.02,F28,F28C,.0086206896230578
he,5.03,C07,C07J,.0086206896230578
ec,1.04,Y02,Y02A,.0086206896230578
ja,1.05,Y02,Y02A,.0086206896230578
wc,3.03,C07,C07J,.0086206896230578
wu,5.04,F28,F28C,.0086206896230578
ox,6.02,C12,C12M,.0086206896230578
uh,1.03,F28,F28C,.0086206896230578
ee,1.04,F02,F02D,.0086206896230578
cu,1.06,B82,B82B,.0086601309012622
my,5.01,A01,A01K,.0086604016833007
hy,1.06,F02,F02C,.0086805557366461
dx,3.01,F02,F02C,.0086805557366461
vx,5.01,G01,G01T,.0086956517770886
hf,6.03,G21,G21B,.0086956517770886
bv,5.01,G01,G01T,.0086956517770886
ua,6.03,G21,G21B,.0086956517770886
ct,9,B03,B03C,.0086956517770886
mq,6.01,G21,G21B,.0086956517770886
ha,5.03,A24,A24B,.0087719298899174
mw,5.09,A24,A24B,.0087719298899174
dw,1.04,H03,H03G,.0087719298899174
pc,5.02,A24,A24B,.0087719298899174
xw,3.03,B23,B23P,.0087719298899174
lj,3.02,C07,C07B,.0087719298899174
ff,3.02,B21,B21D,.0089285718277097
ij,2.11,C07,C07G,.0089285718277097
wc,3.03,A21,A21D,.0089285718277097
he,5.03,A21,A21D,.0089285718277097
hq,1.04,G06,G06G,.0089285718277097
tc,3.02,B21,B21D,.0089285718277097
qj,2.05,A01,A01K,.0089285718277097
re,1.05,B24,B24C,.0089285718277097
hb,5.03,C01,C01G,.0089285718277097
bu,1.03,C08,C08B,.0090090092271566
ei,1.04,B66,B66C,.0090090092271566
dw,1.04,B28,B28D,.0090090092271566
il,2.07,G11,G11B,.0090090092271566
dx,3.01,F16,F16P,.0090090092271566
yo,3.01,G21,G21K,.0090090092271566
mu,4.01,G02,G02F,.0090097403153777
ec,1.04,D02,D02G,.0090909088030457
co,1.06,D02,D02G,.0090909088030457
um,3.01,B60,B60N,.0090909088030457
he,5.03,C12,C12P,.0090909088030457
ee,1.04,A47,A47L,.0090909088030457
qh,2.05,B42,B42D,.0090909088030457
ur,1.01,F15,F15D,.0090909088030457
qu,1.06,B60,B60N,.0090909088030457
ff,3.02,C08,C08F,.0091743115335703
yq,5.07,B41,B41J,.0092592593282461
km,1.06,B67,B67B,.0092592593282461
de,1.06,G01,G01T,.0092592593282461
il,2.07,F16,F16J,.0092592593282461
rt,3.02,B07,B07C,.0092592593282461
cl,9,C12,C12Y,.0092592593282461
ec,1.04,B29,B29D,.0092592593282461
hi,5.01,G04,G04F,.0092592593282461
ay,3.01,A61,A61D,.0092592593282461
tm,3.01,B07,B07C,.0092592593282461
am,4.01,G01,G01T,.0092592593282461
ry,2.03,A24,A24B,.0092592593282461
oy,9,G04,G04F,.0092592593282461
rb,2.02,F03,F03H,.0092592593282461
za,3.02,H05,H05G,.0092592593282461
yp,3.02,H05,H05G,.0092592593282461
vs,5.01,C12,C12N,.0093352128751576
jy,4.05,G01,G01Q,.0093457940965891
nn,3.03,A23,A23F,.0094339624047279
pc,5.02,H05,H05H,.0094339624047279
ds,3.02,A62,A62D,.0094339624047279
we,3.02,G01,G01G,.0094339624047279
rp,6.04,G01,G01Q,.0095238098874688
am,4.01,G08,G08C,.0095238098874688
iy,1.06,G08,G08C,.0095238098874688
ee,1.04,A61,A61H,.0095238098874688
qj,2.05,F15,F15D,.0095238098874688
pk,2.05,B82,B82B,.0095238098874688
ec,1.04,B63,B63B,.0095238098874688
yo,3.01,G08,G08C,.0095238098874688
ns,2.01,A21,A21D,.0095238098874688
iy,1.06,H05,H05B,.0095238098874688
yq,5.07,C12,C12Y,.009571619797498
ee,1.04,A47,A47B,.0096153849735856
ds,3.02,B01,B01F,.0096153849735856
ig,2.06,A47,A47B,.0096153849735856
ph,6.02,C12,C12Y,.0096153849735856
mq,6.01,C11,C11B,.0096153849735856
bu,1.03,B03,B03C,.0096153849735856
dy,1.04,A45,A45F,.0096230953931808
ei,1.04,A45,A45F,.0096230953931808
uk,1.03,A45,A45F,.0096230953931808
ru,3.01,B09,B09C,.0096657816320658
ve,3.02,B09,B09C,.0096657816320658
mc,1.06,C25,C25D,.0098039219155908
um,3.01,F21,F21K,.0098039219155908
li,3.02,C11,C11C,.0098039219155908
ya,3.02,F21,F21K,.0098039219155908
cn,5.01,F21,F21K,.0098039219155908
ff,3.02,C08,C08J,.0098039219155908
km,1.06,G21,G21F,.0098039219155908
pk,2.05,H04,H04S,.0098039219155908
yo,3.01,C01,C01F,.0098039219155908
hl,3.03,G06,G06G,.0098039219155908
da,1.06,F24,F24F,.0098039219155908
mw,5.09,G03,G03B,.0098039219155908
pi,1.06,F21,F21K,.0098039219155908
ih,2.07,G01,G01Q,.0098316273652017
io,2.07,A01,A01C,.0099999997764826
sr,2.07,C12,C12M,.0099999997764826
xw,3.03,A22,A22C,.0099999997764826
rq,1.06,B60,B60W,.0099999997764826
zd,9,A22,A22C,.0099999997764826
bv,5.01,A47,A47C,.0099999997764826
hy,1.06,A22,A22C,.0099999997764826
ps,5.04,A23,A23B,.0101010100916028
ou,1.06,B65,B65G,.0101010100916028
fa,2.01,B66,B66B,.0101010100916028
po,1.01,A23,A23B,.0101010100916028
qj,2.05,C10,C10C,.0101010100916028
ou,1.06,G01,G01D,.0101010100916028
yu,3.03,B60,B60R,.0101626012474298
po,1.01,B81,B81C,.0102040814235806
xw,3.03,A23,A23D,.0102040814235806
hb,5.03,B41,B41J,.0102040814235806
pf,6.02,C07,C07J,.0102040814235806
tc,3.02,C09,C09K,.0102040814235806
az,3.02,G06,G06N,.0103092780336738
ht,1.06,B01,B01F,.0103985884925351
ev,1.02,B03,B03B,.0104166669771075
ps,5.04,F23,F23L,.0104166669771075
jy,4.05,F23,F23C,.0104166669771075
sr,2.07,F16,F16K,.0104166669771075
mc,1.06,H02,H02N,.0104166669771075
ee,1.04,B21,B21F,.0104166669771075
ru,3.01,B03,B03B,.0104166669771075
po,1.01,B62,B62K,.0104166669771075
dq,9,F26,F26B,.0104166669771075
ay,3.01,Y02,Y02A,.0104166669771075
pw,2.06,F02,F02C,.0104166669771075
xy,1.01,B62,B62K,.0104166669771075
ps,5.04,C07,C07C,.0104166669771075
aq,3.02,A41,A41D,.0104166669771075
we,3.02,F26,F26B,.0104166669771075
xy,1.01,F23,F23L,.0104166669771075
ra,2.11,Y02,Y02A,.0104166669771075
iy,1.06,B05,B05D,.0104166669771075
hb,5.03,H04,H04H,.0104166669771075
dk,5.02,F23,F23K,.0104166669771075
yo,3.01,F02,F02C,.0104166669771075
po,1.01,F23,F23L,.0104166669771075
xy,1.01,F23,F23K,.0104166669771075
ky,1.05,A01,A01H,.0104166669771075
bq,6.05,C40,C40B,.0104166669771075
sa,3.03,F04,F04B,.0104166669771075
ct,9,F26,F26B,.0104166669771075
dx,3.01,B21,B21F,.0104166669771075
dk,5.02,F23,F23L,.0104166669771075
re,1.05,F23,F23M,.0104166669771075
gm,3.03,A41,A41D,.0104166669771075
po,1.01,F23,F23K,.0104166669771075
yo,3.01,B21,B21F,.0104166669771075
ze,1.06,A41,A41D,.0104166669771075
zd,9,F02,F02C,.0104166669771075
ps,5.04,F23,F23K,.0104166669771075
zq,2.07,F23,F23M,.0104166669771075
uk,1.03,A01,A01K,.0104166669771075
ct,9,C09,C09K,.0105263162404299
pu,2.03,A63,A63G,.0105263162404299
il,2.07,H03,H03M,.0105263162404299
su,3.02,B04,B04B,.0106382975354791
zc,4.03,C01,C01G,.0106382975354791
xq,2.11,A47,A47L,.0106382975354791
kv,1.05,C01,C01G,.0106382975354791
pi,1.06,H01,H01J,.0106382975354791
yo,3.01,C23,C23G,.0106382975354791
wv,3.03,B23,B23K,.0106382975354791
ze,1.06,C12,C12H,.010654489742592
ql,9,C12,C12N,.0106575964018703
vj,5.01,C25,C25C,.0107526881620288
ht,1.06,F03,F03H,.0107526881620288
dr,1.06,D01,D01B,.0107526881620288
we,3.02,F25,F25B,.0107526881620288
ei,1.04,B04,B04B,.0107526881620288
iy,1.06,B04,B04B,.0107526881620288
km,1.06,F03,F03H,.0107526881620288
da,1.06,C25,C25C,.0107526881620288
gu,1.06,F03,F03H,.0107526881620288
we,3.02,F25,F25D,.0107526881620288
dq,9,F25,F25D,.0107526881620288
hq,1.04,A61,A61G,.0107526881620288
zm,1.06,B04,B04B,.0107526881620288
ra,2.11,G06,G06E,.0107526881620288
ay,3.01,A61,A61G,.0107526881620288
vi,5.01,C25,C25C,.0107526881620288
ct,9,F25,F25D,.0107526881620288
dq,9,F25,F25B,.0107526881620288
yp,3.02,F25,F25D,.0107526881620288
gm,3.03,C40,C40B,.0107886905316263
ti,9,C11,C11B,.0107993246056139
pt,3.03,H01,H01S,.0108136544004083
po,1.01,B81,B81B,.0108225108124316
si,1.05,E01,E01F,.0108695654198527
er,1.02,F02,F02G,.0108695654198527
ev,1.02,F02,F02G,.0108695654198527
rb,2.02,B05,B05C,.0108695654198527
wv,3.03,H03,H03F,.0108695654198527
pt,3.03,H01,H01P,.0108695654198527
ec,1.04,B64,B64G,.0108695654198527
hl,3.03,H03,H03F,.0108695654198527
oi,3.02,E06,E06B,.0108695654198527
er,1.02,C12,C12Y,.0108695654198527
vm,5.06,B82,B82Y,.0108695654198527
tm,3.01,G01,G01P,.0108695654198527
ji,5.01,C12,C12Y,.0108695654198527
oo,3.03,H03,H03F,.0108695654198527
wy,5.04,B82,B82Y,.0108695654198527
ou,1.06,E01,E01F,.0108695654198527
or,5.09,B05,B05D,.0108695654198527
ep,1.02,B05,B05C,.0108695654198527
eq,3.01,C12,C12Y,.0108695654198527
fa,2.01,C11,C11B,.0109289614483714
sa,3.03,A43,A43B,.0109890112653375
ht,1.06,A43,A43B,.0109890112653375
bu,1.03,A23,A23K,.0111111113801599
mc,1.06,F02,F02M,.0111111113801599
ea,1.04,H01,H01K,.0111111113801599
sr,2.07,B41,B41F,.0111111113801599
im,2.01,B29,B29D,.0111111113801599
ku,5.07,B41,B41F,.0111111113801599
km,1.06,C01,C01D,.0111111113801599
kv,1.05,C05,C05F,.0111111113801599
si,1.05,C40,C40B,.0111111113801599
cu,1.06,G10,G10H,.0111111113801599
gc,1.05,G21,G21K,.0111111113801599
nn,3.03,F16,F16F,.0111111113801599
yp,3.02,B22,B22F,.0111111113801599
ia,3.02,C10,C10B,.0111111113801599
bi,6.01,A23,A23G,.0111111113801599
ee,1.04,E03,E03B,.0111111113801599
pn,1.01,C11,C11B,.0111111113801599
qd,6.02,C02,C02F,.0111111113801599
sr,2.07,G09,G09C,.0111111113801599
xq,2.11,B82,B82B,.0111111113801599
sr,2.07,B29,B29D,.0111111113801599
ji,5.01,C23,C23C,.0111111113801599
rx,3.02,G10,G10H,.0111111113801599
ct,9,H04,H04B,.0111111113801599
tu,3.01,F16,F16F,.0111111113801599
ht,1.06,G10,G10H,.0111111113801599
if,2.11,B82,B82B,.0111111113801599
qd,6.02,C07,C07K,.0111957145854831
ct,9,B05,B05B,.0112359551712871
qa,3.01,G08,G08C,.011292114155367
ac,2.02,D05,D05C,.0112994350492954
iu,2.03,B01,B01B,.0113636367022991
bv,5.01,A24,A24D,.0113636367022991
ig,2.06,F16,F16B,.0113636367022991
da,1.06,H01,H01T,.0113636367022991
wq,5.01,C07,C07H,.0113636367022991
cu,1.06,H01,H01T,.0113636367022991
yr,2.01,B01,B01B,.0113636367022991
ni,3.01,B29,B29D,.0113636367022991
uk,1.03,B25,B25D,.0113636367022991
ex,1.02,F15,F15C,.0113636367022991
ep,1.02,F15,F15C,.0113636367022991
pk,2.05,B25,B25D,.0113636367022991
aa,1.03,C09,C09J,.0113636367022991
er,1.02,F15,F15C,.0113636367022991
un,1.03,H01,H01T,.0113636367022991
ox,6.02,D21,D21C,.0113636367022991
rb,2.02,C01,C01G,.0114942528307438
wh,3.02,G01,G01B,.0114942528307438
ji,5.01,C10,C10B,.0114942528307438
uf,1.03,F17,F17C,.0114942528307438
ep,1.02,B28,B28D,.0114942528307438
hq,1.04,A41,A41D,.0114942528307438
ru,3.01,C12,C12C,.0114942528307438
rb,2.02,A41,A41D,.0114942528307438
qe,2.09,G09,G09G,.0114942528307438
ah,4.01,H01,H01B,.0114942528307438
zr,1.05,H05,H05H,.0114942528307438
ka,4.01,C05,C05B,.0114942528307438
qh,2.05,A45,A45F,.011547714471817
sy,1.03,A45,A45F,.011547714471817
uy,1.04,A45,A45F,.011547714471817
cl,9,A45,A45F,.0116279069334269
hq,1.04,B41,B41N,.0116279069334269
um,3.01,A24,A24F,.0116279069334269
ou,1.06,B01,B01F,.0116279069334269
si,1.05,B01,B01F,.0116279069334269
bv,5.01,C12,C12P,.0116279069334269
yy,5.07,B01,B01F,.0116279069334269
cl,9,H02,H02K,.0116279069334269
xw,3.03,A24,A24F,.0116279069334269
ki,3.02,B65,B65B,.011725293006748
xy,1.01,A21,A21D,.0117346935439855
yp,3.02,B05,B05D,.011737089138478
ne,3.03,B82,B82B,.0117647061124444
yp,3.02,C01,C01F,.0117647061124444
gm,3.03,C01,C01F,.0117647061124444
ds,3.02,Y02,Y02A,.0117647061124444
js,6.04,B82,B82B,.0117647061124444
ha,5.03,A21,A21D,.0117988134734333
sr,2.07,D21,D21C,.0119047621265054
mc,1.06,C10,C10L,.0119047621265054
le,1.05,B60,B60W,.0119047621265054
ml,9,G02,G02F,.0119047621265054
ra,2.11,D02,D02G,.0119047621265054
xw,3.03,H01,H01H,.0119047621265054
mw,5.09,H01,H01H,.0119047621265054
ff,3.02,F16,F16L,.0119047621265054
py,3.02,B81,B81B,.0119047621265054
di,5.02,C08,C08C,.0119047621265054
pw,2.06,G01,G01H,.0119047621265054
qa,3.01,F04,F04F,.0119047621265054
my,5.01,A21,A21D,.0119047621265054
up,1.03,C12,C12Y,.0119047621265054
ct,9,H05,H05K,.0119047621265054
ye,2.02,G21,G21B,.0119047621265054
ja,1.05,D21,D21D,.0119047621265054
ip,2.07,E21,E21F,.0119047621265054
pt,3.03,F02,F02D,.0119047621265054
mc,1.06,F02,F02D,.0119047621265054
pt,3.03,F04,F04F,.0119047621265054
ih,2.07,D21,D21D,.0119047621265054
um,3.01,B09,B09C,.0119047621265054
qa,3.01,B29,B29B,.0119047621265054
ja,1.05,E21,E21F,.0119047621265054
qf,9,G06,G06E,.0119047621265054
ev,1.02,D21,D21D,.0119047621265054
ml,9,B81,B81B,.0119047621265054
rt,3.02,G01,G01H,.0119047621265054
qe,2.09,C05,C05F,.0119047621265054
qu,1.06,H01,H01G,.0119971265085042
nn,3.03,H01,H01G,.0119971265085042
fi,1.04,A63,A63F,.0120098043698817
su,3.02,B09,B09C,.0120481923222542
ma,3.02,B09,B09C,.0120481923222542
ga,3.02,B03,B03C,.0120481923222542
ig,2.06,B41,B41D,.0120967738330364
xe,4.01,H04,H04B,.0121678009163588
sy,1.03,C12,C12Y,.0121951214969158
py,3.02,E03,E03B,.0121951214969158
fi,1.04,B26,B26B,.0121951214969158
uq,5.07,C12,C12P,.0121951214969158
ff,3.02,C12,C12Y,.0121951214969158
pt,3.03,A21,A21D,.0121951214969158
qe,2.09,B82,B82B,.0121951214969158
ua,6.03,H03,H03G,.0121951214969158
yp,3.02,A22,A22B,.0123456791043282
ra,2.11,A24,A24B,.0123456791043282
ay,3.01,A24,A24B,.0123456791043282
eq,3.01,G04,G04F,.0123456791043282
hy,1.06,C07,C07B,.0123456791043282
rt,3.02,G04,G04F,.0123456791043282
ze,1.06,D01,D01F,.0123456791043282
qe,2.09,F15,F15C,.0123456791043282
dq,9,A22,A22B,.0123456791043282
ru,3.01,B67,B67B,.0123456791043282
we,3.02,A22,A22B,.0123456791043282
wh,3.02,A24,A24B,.0123456791043282
rx,3.02,G04,G04F,.0123456791043282
km,1.06,H02,H02N,.0123456791043282
ot,6.02,G04,G04F,.0123456791043282
qq,1.05,F03,F03H,.0123456791043282
rt,3.02,B67,B67B,.0123456791043282
si,1.05,B01,B01L,.0123484851792455
ue,2.11,C12,C12P,.0124320654431358
mq,6.01,A23,A23L,.012438575271517
ji,5.01,F28,F28F,.0125000001862645
ix,2.07,H01,H01P,.0125000001862645
db,2.08,H03,H03D,.0125000001862645
ew,1.02,F41,F41B,.0125000001862645
et,1.02,F22,F22G,.0125000001862645
nq,5.01,F28,F28F,.0125000001862645
es,2.02,F22,F22G,.0125000001862645
kv,1.05,G21,G21K,.0125000001862645
pf,6.02,G11,G11C,.0125000001862645
ns,2.01,F41,F41B,.0125000001862645
xa,5.04,G21,G21B,.0125000001862645
mc,1.06,F41,F41B,.0125000001862645
ki,3.02,B08,B08B,.0125000001862645
ai,2.03,E06,E06B,.0125000001862645
fu,5.04,G21,G21B,.0125000001862645
da,1.06,B65,B65G,.0125000001862645
tu,3.01,H03,H03D,.0125000001862645
ml,9,G01,G01J,.0125000001862645
vi,5.01,F28,F28F,.0125000001862645
ew,1.02,F22,F22G,.0125000001862645
ik,2.11,C40,C40B,.0125313284806907
mc,1.06,B05,B05D,.0127803860232234
ah,4.01,C01,C01G,.0128205129876733
hq,1.04,H04,H04K,.0128205129876733
co,1.06,D21,D21B,.0128205129876733
yr,2.01,B28,B28B,.0128205129876733
ay,3.01,C12,C12R,.0128205129876733
pi,1.06,D21,D21B,.0128205129876733
yp,3.02,B60,B60L,.0128205129876733
yq,5.07,B28,B28B,.0128205129876733
ky,1.05,C07,C07F,.0128205129876733
iy,1.06,C03,C03C,.0128205129876733
jb,5.07,D21,D21B,.0128205129876733
te,1.05,A61,A61N,.0128205129876733
ju,4.01,D21,D21B,.0128205129876733
jm,5.04,G08,G08B,.0128205129876733
mq,6.01,C12,C12M,.0128205129876733
ma,3.02,G01,G01H,.0128205129876733
oe,5.06,D01,D01F,.0129870129749179
dq,9,C12,C12C,.0129870129749179
ei,1.04,B21,B21F,.0130208334885538
bv,5.01,B60,B60K,.013043477665633
zr,1.05,C03,C03B,.0130718955770135
io,2.07,B22,B22D,.0131578948348761
dm,3.02,F15,F15D,.0131578948348761
il,2.07,B22,B22D,.0131578948348761
ew,1.02,G21,G21H,.0131578948348761
tm,3.01,C25,C25B,.0131578948348761
fy,3.02,C09,C09B,.0131578948348761
io,2.07,G09,G09B,.0131578948348761
es,2.02,G21,G21H,.0131578948348761
et,1.02,G21,G21H,.0131578948348761
oo,3.03,C08,C08G,.0131578948348761
cl,9,C10,C10L,.0131578948348761
pn,1.01,C01,C01F,.0131578948348761
ex,1.02,G21,G21H,.0131578948348761
ix,2.07,B22,B22D,.0131578948348761
ay,3.01,C09,C09B,.0131578948348761
yu,3.03,H01,H01J,.0131601733155549
iy,1.06,A23,A23D,.0131669533438981
um,3.01,H01,H01S,.0131711168214679
rz,3.03,B65,B65B,.0133333336561918
ue,2.11,B62,B62J,.0133333336561918
ff,3.02,A23,A23D,.0133333336561918
oa,2.11,E03,E03F,.0133333336561918
rq,1.06,C13,C13K,.0133333336561918
ns,2.01,E03,E03F,.0133333336561918
co,1.06,G05,G05F,.0133333336561918
xy,1.01,H03,H03G,.0133333336561918
oa,2.11,G07,G07G,.0133333336561918
il,2.07,H04,H04Q,.0133333336561918
fa,2.01,G09,G09G,.0133333336561918
ru,3.01,D02,D02J,.0133333336561918
bv,5.01,H01,H01P,.0133333336561918
rb,2.02,C08,C08K,.0133333336561918
up,1.03,F03,F03H,.0133333336561918
io,2.07,H04,H04Q,.0133333336561918
sy,1.03,B62,B62J,.0133333336561918
ur,1.01,B62,B62J,.0133333336561918
ve,3.02,D02,D02J,.0133333336561918
es,2.02,B28,B28D,.013513513840735
ur,1.01,B04,B04B,.013513513840735
qf,9,B28,B28D,.013513513840735
xq,2.11,B04,B04B,.013513513840735
uf,1.03,B28,B28D,.013513513840735
yi,6.03,C40,C40B,.013513513840735
pw,2.06,G08,G08C,.013513513840735
pn,1.01,B04,B04B,.013513513840735
uh,1.03,B28,B28D,.013513513840735
py,3.02,B66,B66C,.013513513840735
op,3.03,B66,B66C,.013513513840735
un,1.03,B28,B28D,.013513513840735
jy,4.05,F16,F16P,.013513513840735
wm,5.04,C40,C40B,.013513513840735
ec,1.04,H05,H05G,.0136054418981075
vx,5.01,A23,A23K,.0136820552870631
eq,3.01,G08,G08C,.0136986300349236
dr,1.06,C25,C25F,.0137254907749593
jo,5.04,A61,A61M,.0137637639418244
ou,1.06,C10,C10B,.0138046029023826
fy,3.02,A41,A41C,.0138888889923692
tc,3.02,B21,B21J,.0138888889923692
ns,2.01,F21,F21S,.0138888889923692
ev,1.02,C10,C10B,.0138888889923692
cu,1.06,F23,F23M,.0138888889923692
db,2.08,F23,F23L,.0138888889923692
ip,2.07,F23,F23K,.0138888889923692
ds,3.02,B21,B21J,.0138888889923692
td,3.02,D04,D04C,.0138888889923692
tq,3.02,A41,A41C,.0138888889923692
cq,1.06,A41,A41C,.0138888889923692
pi,1.06,A24,A24B,.0138888889923692
km,1.06,F28,F28D,.0138888889923692
ky,1.05,B09,B09C,.0138888889923692
qj,2.05,G11,G11C,.0138888889923692
ua,6.03,G03,G03H,.0138888889923692
ma,3.02,A24,A24B,.0138888889923692
yq,5.07,G01,G01T,.0138888889923692
kv,1.05,D21,D21H,.0138888889923692
gu,1.06,F23,F23M,.0138888889923692
zc,4.03,D21,D21H,.0138888889923692
ij,2.11,B28,B28C,.0138888889923692
db,2.08,F23,F23K,.0138888889923692
jo,5.04,A61,A61D,.0138888889923692
ht,1.06,F23,F23M,.0138888889923692
lq,3.03,A61,A61D,.0138888889923692
ae,4.05,F23,F23L,.0138888889923692
oa,2.11,A22,A22C,.0138888889923692
iu,2.03,B28,B28C,.0138888889923692
vm,5.06,H01,H01M,.0138888889923692
qe,2.09,F16,F16J,.0138888889923692
ff,3.02,B21,B21J,.0138888889923692
zm,1.06,D04,D04C,.0138888889923692
im,2.01,C10,C10B,.0138888889923692
ae,4.05,F23,F23K,.0138888889923692
lq,3.03,A23,A23C,.0138888889923692
bu,1.03,B09,B09C,.0138888889923692
ec,1.04,F21,F21S,.0138888889923692
za,3.02,A41,A41C,.0138888889923692
wu,5.04,B42,B42D,.0138888889923692
we,3.02,A23,A23C,.0138888889923692
cu,1.06,H05,H05H,.0138888889923692
sr,2.07,B62,B62D,.0138888894580305
yr,2.01,C25,C25B,.0139860142953694
ay,3.01,H01,H01S,.0140412459149957
si,1.05,C30,C30B,.0140845067799091
si,1.05,H01,H01B,.0140845067799091
ta,1.06,C07,C07C,.0140845067799091
mm,6.01,A61,A61H,.0140845067799091
sr,2.07,H03,H03C,.0142138367518783
gc,1.05,H03,H03C,.0142138367518783
qq,1.05,H03,H03C,.0142138367518783
ig,2.06,B63,B63B,.0142857143655419
ki,3.02,Y02,Y02P,.0142857143655419
yo,3.01,B03,B03D,.0142857143655419
mc,1.06,C13,C13B,.0142857143655419
xy,1.01,C13,C13B,.0142857143655419
tq,3.02,Y02,Y02P,.0142857143655419
ka,4.01,F15,F15D,.0142857143655419
sr,2.07,C08,C08B,.0142857143655419
ns,2.01,F25,F25J,.0142857143655419
ni,3.01,Y02,Y02P,.0142857143655419
ku,5.07,C08,C08B,.0142857143655419
bu,1.03,H05,H05B,.0142857143655419
lj,3.02,C12,C12M,.0142857143655419
pq,1.01,B62,B62D,.0142857143655419
sa,3.03,B03,B03D,.0142857143655419
zm,1.06,B09,B09C,.0142857143655419
hb,5.03,H03,H03B,.0142857143655419
ga,3.02,G01,G01K,.0142857143655419
xq,2.11,F15,F15D,.0142857143655419
uh,1.03,B63,B63B,.0142857143655419
et,1.02,H02,H02S,.014302920550108
pi,1.06,A61,A61N,.0143569293431938
dw,1.04,H05,H05G,.0144308945164084
ew,1.02,B82,B82B,.0144747332669795
le,1.05,C06,C06B,.014492753893137
ra,2.11,B29,B29B,.014492753893137
ba,3.02,C04,C04B,.014492753893137
ik,2.11,B63,B63G,.014492753893137
yq,5.07,B01,B01L,.014492753893137
te,1.05,E21,E21B,.014492753893137
qf,9,B63,B63G,.014492753893137
po,1.01,E01,E01F,.014492753893137
xe,4.01,G02,G02B,.014492753893137
pe,5.02,B63,B63G,.014492753893137
bf,5.04,C30,C30B,.014492753893137
qf,9,F41,F41A,.014492753893137
le,1.05,E01,E01F,.014492753893137
pe,5.02,E01,E01F,.014492753893137
fa,2.01,E21,E21C,.014492753893137
ij,2.11,B63,B63G,.014492753893137
qa,3.01,B60,B60W,.014492753893137
xe,4.01,B63,B63G,.014492753893137
km,1.06,C06,C06B,.014492753893137
qh,2.05,C06,C06B,.0147058824077249
ee,1.04,F24,F24F,.0147058824077249
bm,5.07,A01,A01K,.0147058824077249
ec,1.04,F24,F24F,.0147058824077249
ay,3.01,G01,G01C,.0147058824077249
mc,1.06,B09,B09C,.0147058824077249
un,1.03,C12,C12Y,.0147058824077249
uy,1.04,B04,B04B,.0147058824077249
wu,5.04,C11,C11C,.0147058824077249
ig,2.06,C06,C06B,.0147058824077249
yp,3.02,G01,G01H,.0147058824077249
ox,6.02,G01,G01T,.0147058824077249
re,1.05,B01,B01L,.0147058824077249
af,4.05,C05,C05F,.0147058824077249
up,1.03,G01,G01W,.0147058824077249
up,1.03,C06,C06B,.0147058824077249
nq,5.01,G01,G01V,.0147058824077249
ua,6.03,G01,G01T,.0147058824077249
fs,6.04,F41,F41H,.0149253727868199
ki,3.02,B64,B64C,.0149253727868199
uu,5.06,D21,D21B,.0149253727868199
pf,6.02,C12,C12M,.0149253727868199
dr,1.06,D21,D21B,.0149253727868199
pi,1.06,C40,C40B,.0149884175043553
es,2.02,B66,B66D,.0151515156030655
ja,1.05,G05,G05G,.0151515156030655
fi,1.04,C25,C25F,.0151515156030655
bf,5.04,A61,A61H,.0151515156030655
qf,9,B25,B25D,.0151515156030655
aa,1.03,A61,A61D,.0151515156030655
qe,2.09,F15,F15B,.0151515156030655
qq,1.05,G05,G05G,.0151515156030655
ru,3.01,H01,H01T,.0151515156030655
rx,3.02,C09,C09K,.0151515156030655
ps,5.04,H01,H01B,.0151515156030655
ra,2.11,G21,G21G,.0151515156030655
wh,3.02,G21,G21K,.0151515156030655
bm,5.07,G07,G07B,.0151515156030655
wu,5.04,C25,C25C,.0151515156030655
xw,3.03,C11,C11B,.0151515156030655
tc,3.02,G21,G21K,.0151515156030655
dw,1.04,A61,A61D,.0151515156030655
ae,4.05,B05,B05D,.0151515156030655
rx,3.02,B42,B42D,.0151515156030655
ji,5.01,F16,F16B,.0151515156030655
op,3.03,A61,A61D,.0151515156030655
zk,9,A01,A01K,.0151515156030655
rt,3.02,H01,H01T,.0151515156030655
up,1.03,A01,A01K,.0151515156030655
ye,2.02,A23,A23J,.0151515156030655
ql,9,G01,G01C,.0151515156030655
ih,2.07,G05,G05G,.0151515156030655
vs,5.01,H01,H01B,.0151515156030655
um,3.01,H01,H01B,.0151515156030655
un,1.03,A01,A01K,.0151515156030655
ct,9,B41,B41J,.0151515156030655
oe,5.06,C25,C25D,.0151515156030655
pc,5.02,C25,C25C,.0151515156030655
tc,3.02,G06,G06G,.0151515156030655
vx,5.01,H01,H01B,.0151515156030655
nn,3.03,H04,H04H,.0151515156030655
ia,3.02,C05,C05G,.0151515156030655
ye,2.02,F02,F02K,.0151515156030655
re,1.05,B65,B65G,.0151515156030655
ii,2.04,D02,D02J,.0151515156030655
ix,2.07,B66,B66B,.0151515156030655
ba,3.02,H01,H01T,.0151515156030655
mc,1.06,C07,C07B,.0151774790138006
ay,3.01,G16,G16H,.0151881722267717
jm,5.04,G01,G01T,.0153846153989434
bq,6.05,H01,H01C,.0153846153989434
ec,1.04,A47,A47G,.0153846153989434
ji,5.01,H02,H02S,.0154320988804102
zd,9,B44,B44C,.0154320988804102
ns,2.01,A45,A45F,.0154370488598943
gc,1.05,C23,C23F,.015625
ma,3.02,A23,A23N,.015625
er,1.02,C05,C05F,.015625
if,2.11,F22,F22G,.015625
cn,5.01,A41,A41D,.015625
ct,9,H01,H01G,.015625
eo,6.02,G10,G10K,.015625
ry,2.03,F02,F02M,.015625
mc,1.06,H02,H02P,.015625
ep,1.02,C05,C05F,.015625
ps,5.04,H01,H01Q,.015625
bq,6.05,G10,G10K,.015625
tc,3.02,B21,B21F,.015625
cl,9,A23,A23L,.015625
ec,1.04,B26,B26D,.015625
ix,2.07,B82,B82Y,.015625
sr,2.07,C23,C23F,.015625
un,1.03,G09,G09G,.015625
dy,1.04,B02,B02B,.015625
qe,2.09,B21,B21F,.015625
jm,5.04,G05,G05B,.015625
bv,5.01,A41,A41D,.015625
ev,1.02,C05,C05F,.015625
ur,1.01,B04,B04C,.015625
vx,5.01,A41,A41D,.015625
xw,3.03,F26,F26B,.015625
oa,2.11,B21,B21F,.015625
ds,3.02,F04,F04B,.015625
qu,1.06,G01,G01F,.015625
vs,5.01,H01,H01Q,.015625
bd,1.06,G01,G01S,.015625
ee,1.04,G01,G01F,.015625
ec,1.04,G01,G01D,.015625
cu,1.06,F04,F04B,.015625
ht,1.06,H01,H01Q,.015625
ga,3.02,B21,B21F,.015625
xw,3.03,B21,B21F,.015625
ee,1.04,F02,F02C,.0156250004656613
uk,1.03,Y02,Y02A,.0158045976422727
vp,3.03,A61,A61B,.015813953243196
qq,1.05,C01,C01D,.0158730167895555
pz,2.05,B64,B64F,.0158730167895555
ma,3.02,C09,C09C,.0158730167895555
fi,1.04,B21,B21B,.0158730167895555
ne,3.03,D04,D04G,.0158730167895555
ip,2.07,D21,D21H,.0158730167895555
hl,3.03,D04,D04G,.0158730167895555
nn,3.03,H05,H05H,.0158730167895555
zd,9,G21,G21K,.0158730167895555
ni,3.01,H05,H05H,.0158730167895555
kv,1.05,F26,F26B,.0158730167895555
fa,2.01,G08,G08C,.0158730167895555
id,2.07,E21,E21F,.0158730167895555
pk,2.05,B64,B64F,.0158730167895555
ti,9,A01,A01G,.0158730167895555
py,3.02,D04,D04G,.0158730167895555
ze,1.06,A01,A01G,.0158730167895555
ee,1.04,A21,A21C,.0158730167895555
mw,5.09,G08,G08C,.0158730167895555
er,1.02,A61,A61L,.0158730167895555
xq,2.11,C12,C12H,.0158730167895555
uy,1.04,A21,A21C,.0158730167895555
rx,3.02,H05,H05H,.0158730167895555
wc,3.03,H05,H05H,.0158730167895555
hl,3.03,G03,G03H,.016012909822166
pt,3.03,G03,G03H,.016012909822166
yr,2.01,B81,B81B,.0160183068364859
up,1.03,C12,C12M,.0160222868435085
tq,3.02,A23,A23P,.0161290317773819
eu,2.02,F22,F22B,.0161290317773819
il,2.07,G05,G05F,.0161290317773819
da,1.06,D01,D01B,.0161290317773819
pw,2.06,A47,A47G,.0161290317773819
co,1.06,D01,D01B,.0161290317773819
hy,1.06,B27,B27N,.0161290317773819
jy,4.05,D01,D01B,.0161290317773819
qu,1.06,B27,B27N,.0161290317773819
da,1.06,A23,A23P,.0161290317773819
ji,5.01,F02,F02M,.0161290317773819
rt,3.02,A23,A23P,.0161290317773819
xa,5.04,C25,C25C,.0161290317773819
es,2.02,D21,D21G,.0161290317773819
pg,6.02,C04,C04B,.0161290317773819
sd,3.02,A23,A23P,.0161290317773819
qa,3.01,A23,A23P,.0161290317773819
qe,2.09,G03,G03B,.0161290317773819
sd,3.02,A47,A47G,.0161290317773819
fi,1.04,A23,A23P,.0161290317773819
nu,5.08,B04,B04B,.0161290317773819
uh,1.03,C10,C10J,.0161290317773819
xw,3.03,F25,F25D,.0161290317773819
oa,2.11,B09,B09B,.0161290317773819
fa,2.01,F22,F22B,.0161290317773819
ds,3.02,A47,A47G,.0161290317773819
we,3.02,A47,A47G,.0161290317773819
db,2.08,B41,B41D,.0161290317773819
ea,1.04,B41,B41D,.0161290317773819
yy,5.07,C25,C25C,.0161290317773819
tu,3.01,D01,D01B,.0161290317773819
nn,3.03,A47,A47G,.0161290322430432
qu,1.06,A47,A47G,.0161290322430432
ba,3.02,C40,C40B,.016233766451478
uh,1.03,B64,B64G,.0163043481297791
ns,2.01,A23,A23P,.0163522008806467
rz,3.03,F25,F25B,.0163934417068958
qd,6.02,C12,C12Q,.0163934417068958
im,2.01,C01,C01D,.0166666675359011
hi,5.01,G11,G11C,.0166666675359011
up,1.03,G08,G08C,.0166666675359011
if,2.11,B28,B28C,.0166666675359011
ex,1.02,B33,B33Y,.0166666675359011
dr,1.06,C01,C01D,.0166666675359011
sr,2.07,F26,F26B,.0166666675359011
aa,1.03,D01,D01F,.0166666675359011
zm,1.06,G16,G16H,.0166666675359011
ik,2.11,G09,G09D,.0166666675359011
si,1.05,C08,C08G,.0166666675359011
vi,5.01,E05,E05D,.0166666675359011
ev,1.02,B33,B33Y,.0166666675359011
ye,2.02,C05,C05C,.0166666675359011
yy,5.07,H04,H04Q,.0166666675359011
pk,2.05,G06,G06E,.0166666675359011
mq,6.01,G10,G10H,.0166666675359011
ju,4.01,H03,H03C,.0166666675359011
ue,2.11,D05,D05B,.0166666675359011
eu,2.02,G21,G21C,.0166666675359011
ii,2.04,H05,H05G,.0166666675359011
er,1.02,B33,B33Y,.0166666675359011
jo,5.04,A23,A23L,.0166666675359011
mc,1.06,F16,F16D,.0166666675359011
es,2.02,B33,B33Y,.0166666675359011
di,5.02,H02,H02S,.0166666675359011
mw,5.09,E05,E05D,.0166666675359011
iq,2.02,B33,B33Y,.0166666675359011
es,2.02,B28,B28C,.0166666675359011
dx,3.01,C05,C05C,.0166666675359011
co,1.06,G08,G08G,.0166666675359011
nq,5.01,E05,E05D,.0166666675359011
ip,2.07,H01,H01F,.0166666675359011
if,2.11,G09,G09D,.0166666675359011
pg,6.02,C12,C12P,.0166666675359011
hb,5.03,C40,C40B,.0166666675359011
qq,1.05,B66,B66B,.0166666675359011
yr,2.01,C25,C25C,.0166666675359011
ig,2.06,G09,G09C,.0166666675359011
ky,1.05,C08,C08H,.0166666675359011
yr,2.01,C05,C05C,.0166666675359011
yq,5.07,G09,G09D,.0166666675359011
ra,2.11,D06,D06P,.0166666675359011
po,1.01,B33,B33Y,.0166666675359011
sr,2.07,A62,A62D,.0166666675359011
co,1.06,H05,H05G,.0166666675359011
sr,2.07,D06,D06M,.0166666675359011
dr,1.06,F25,F25C,.0166666675359011
wf,1.06,G10,G10H,.0166666675359011
pt,3.03,F28,F28D,.0166666675359011
rx,3.02,B05,B05B,.0166666675359011
id,2.07,B33,B33Y,.0166666675359011
un,1.03,G08,G08C,.0166666675359011
qa,3.01,F25,F25C,.0166666675359011
yr,2.01,C09,C09B,.0166666675359011
ma,3.02,F25,F25C,.0166666675359011
yp,3.02,H02,H02N,.0166666675359011
py,3.02,B82,B82B,.0166666675359011
mu,4.01,B09,B09C,.0167410718277097
ti,9,Y02,Y02A,.0168539327569306
yu,3.03,Y02,Y02A,.0168539327569306
dr,1.06,B66,B66C,.0168918923009187
xy,1.01,C25,C25B,.0169491525739431
io,2.07,C08,C08B,.0169491525739431
um,3.01,H01,H01G,.0169491525739431
ra,2.11,B22,B22F,.0169491525739431
aq,3.02,C08,C08H,.0169491525739431
ue,2.11,D05,D05C,.0169491525739431
hy,1.06,A21,A21D,.0169526147656143
wf,1.06,A21,A21D,.0169526147656143
dr,1.06,F15,F15C,.0170023823156953
yu,3.03,A23,A23D,.0170068023726344
pw,2.06,F21,F21V,.0170454550534487
ml,9,C08,C08G,.0171130956150591
dm,3.02,Y02,Y02P,.0171428571920842
ff,3.02,C08,C08B,.0172172449529171
ac,2.02,H01,H01K,.0172222224064171
wc,3.03,G03,G03H,.0172413792461157
sy,1.03,B27,B27K,.0172413792461157
ui,1.03,Y02,Y02A,.0172413792461157
hi,5.01,G03,G03H,.0172413792461157
ka,4.01,B29,B29B,.0172413792461157
ct,9,G01,G01L,.0172413792461157
uy,1.04,Y02,Y02A,.0172413792461157
pe,5.02,C12,C12R,.0172413792461157
qh,2.05,F28,F28C,.0172413792461157
ns,2.01,F28,F28C,.0172413792461157
aq,3.02,C23,C23C,.0172413792461157
yp,3.02,F16,F16K,.0172413792461157
qh,2.05,Y02,Y02A,.0172413792461157
gy,5.02,Y02,Y02A,.0172413792461157
gy,5.02,F28,F28C,.0172413792461157
ea,1.04,F28,F28C,.0172413792461157
re,1.05,H01,H01P,.0172413792461157
pt,3.03,H05,H05H,.0173000772483647
qq,1.05,A24,A24F,.0174418604001403
ep,1.02,C11,C11C,.0175438597798347
wc,3.03,C12,C12R,.0175438597798347
ea,1.04,A63,A63G,.0175438597798347
af,4.05,C12,C12Y,.0175438597798347
ay,3.01,B25,B25B,.0175438597798347
er,1.02,C30,C30B,.0175438597798347
fi,1.04,G21,G21H,.0175438597798347
yr,2.01,G16,G16H,.0175438597798347
ex,1.02,C11,C11C,.0175438597798347
ht,1.06,G10,G10L,.0175438597798347
hq,1.04,A63,A63G,.0175438597798347
nm,5.02,B01,B01J,.0175438597798347
hy,1.06,B23,B23P,.0175438597798347
pw,2.06,C08,C08H,.0175438597798347
rq,1.06,C09,C09D,.0175438597798347
rb,2.02,H03,H03D,.0175654850900173
ig,2.06,B82,B82B,.0177506771869957
fu,5.04,C01,C01B,.0177672961726785
jo,5.04,C12,C12P,.0178121058270335
er,1.02,C01,C01G,.0178571431897581
dr,1.06,F04,F04F,.0178571436554193
eq,3.01,A21,A21D,.0178571436554193
zk,9,G07,G07C,.0178571436554193
my,5.01,H01,H01H,.0178571436554193
hf,6.03,B64,B64D,.0178571436554193
wu,5.04,B21,B21D,.0178571436554193
wv,3.03,C07,C07J,.0178571436554193
sa,3.03,C25,C25B,.0178571436554193
ec,1.04,G10,G10L,.0178571436554193
le,1.05,B21,B21D,.0178571436554193
wv,3.03,B64,B64D,.0178571436554193
un,1.03,H03,H03B,.0178571436554193
hl,3.03,C07,C07J,.0178571436554193
gm,3.03,A21,A21D,.0178571436554193
ya,3.02,F04,F04F,.0178571436554193
tq,3.02,F04,F04F,.0178571436554193
ip,2.07,F24,F24F,.0178571436554193
pe,5.02,G01,G01H,.0178571436554193
oo,3.03,B64,B64D,.0178571436554193
ji,5.01,B63,B63B,.0178571436554193
mc,1.06,C05,C05F,.0178571436554193
yo,3.01,F04,F04F,.0178571436554193
wy,5.04,B01,B01J,.0178571436554193
za,3.02,A23,A23D,.0178571436554193
oo,3.03,C07,C07J,.0178571436554193
hb,5.03,C03,C03B,.0178571436554193
hf,6.03,C07,C07J,.0178571436554193
bd,1.06,C30,C30B,.0178571436554193
am,4.01,F04,F04F,.0178571436554193
yp,3.02,B24,B24C,.0178571436554193
eu,2.02,H03,H03D,.0178628386929631
uu,5.06,H03,H03D,.0178628386929631
ve,3.02,C08,C08H,.0178995435126126
ct,9,C12,C12R,.0179487182758749
ea,1.04,B64,B64G,.0181159423664212
ig,2.06,F02,F02G,.0181159423664212
qg,2.05,D02,D02G,.0181818176060915
ky,1.05,E01,E01C,.0181818176060915
pu,2.03,G05,G05G,.0181818176060915
hy,1.06,B60,B60N,.0181818176060915
uf,1.03,D02,D02G,.0181818176060915
uh,1.03,H02,H02H,.0181818176060915
vy,3.02,D01,D01D,.0181818176060915
rx,3.02,H04,H04R,.0181818176060915
ue,2.11,D01,D01D,.0181818176060915
pz,2.05,F15,F15D,.0181818176060915
de,1.06,F15,F15D,.0181818176060915
za,3.02,B60,B60N,.0181818176060915
xq,2.11,D02,D02G,.0181818176060915
yi,6.03,A23,A23K,.0181818176060915
aa,1.03,F16,F16B,.0181818176060915
pk,2.05,C08,C08C,.0181818176060915
xq,2.11,C08,C08H,.0184615389443934
bv,5.01,G11,G11B,.0184782603755593
ei,1.04,A22,A22C,.0185185186564922
gc,1.05,B02,B02C,.0185185186564922
gm,3.03,G04,G04F,.0185185186564922
ki,3.02,B29,B29D,.0185185186564922
ep,1.02,B29,B29B,.0185185186564922
dy,1.04,D04,D04C,.0185185186564922
su,3.02,A01,A01J,.0185185186564922
dt,2.03,D06,D06P,.0185185186564922
ua,6.03,C13,C13K,.0185185186564922
ah,4.01,F42,F42D,.0185185186564922
bi,6.01,H05,H05H,.0185185186564922
vs,5.01,A47,A47C,.0185185186564922
ii,2.04,H01,H01K,.0185185186564922
rt,3.02,A22,A22B,.0185185186564922
ti,9,A47,A47L,.0185185186564922
mu,4.01,D06,D06M,.0185185186564922
wc,3.03,A01,A01J,.0185185186564922
ze,1.06,A47,A47L,.0185185186564922
py,3.02,B09,B09C,.0185185186564922
ma,3.02,B67,B67B,.0185185186564922
pw,2.06,F03,F03G,.0185185186564922
ns,2.01,D04,D04C,.0185185186564922
ox,6.02,C13,C13K,.0185185186564922
ix,2.07,H01,H01B,.0185185186564922
dq,9,B42,B42D,.0185185186564922
ky,1.05,A23,A23J,.0185185186564922
zd,9,B67,B67B,.0185185186564922
re,1.05,G05,G05D,.0185185186564922
dw,1.04,F42,F42D,.0185185186564922
td,3.02,B05,B05D,.0185185186564922
aa,1.03,C07,C07J,.0185185186564922
ur,1.01,H01,H01T,.0185185186564922
mc,1.06,E21,E21B,.0185185186564922
pt,3.03,F03,F03G,.0185185186564922
dq,9,F03,F03G,.0185185186564922
qf,9,F24,F24S,.0185185186564922
rt,3.02,F03,F03G,.0185185186564922
aa,1.03,B22,B22C,.0185185186564922
ip,2.07,B64,B64D,.0185185186564922
pt,3.03,B42,B42D,.0185185186564922
fa,2.01,B09,B09C,.0185185186564922
ex,1.02,A23,A23C,.0185185186564922
qa,3.01,A22,A22B,.0185185186564922
ub,1.03,D04,D04C,.0185185186564922
ya,3.02,A01,A01J,.0185185186564922
mr,6.01,C07,C07H,.0185185186564922
nn,3.03,D01,D01D,.0185185186564922
uf,1.03,B62,B62D,.0185185186564922
tq,3.02,A22,A22B,.0185185186564922
my,5.01,B65,B65D,.0185185186564922
ze,1.06,H05,H05B,.0185185186564922
qf,9,A61,A61J,.0185185186564922
pf,6.02,C08,C08F,.0185185186564922
ep,1.02,A23,A23C,.0185185186564922
ba,3.02,B44,B44C,.0185185186564922
bp,6.04,H05,H05H,.0185185186564922
pw,2.06,B42,B42D,.0185185186564922
ve,3.02,G04,G04F,.0185185186564922
dx,3.01,C09,C09F,.0185185186564922
ig,2.06,C13,C13K,.0185185186564922
es,2.02,C13,C13K,.0185185186564922
nu,5.08,F15,F15C,.0186747931875288
ij,2.11,F04,F04B,.0187500002793968
ne,3.03,C08,C08H,.0187540771439672
nq,5.01,G03,G03F,.0187719296664
uf,1.03,F41,F41G,.0188172040507197
ah,4.01,C10,C10B,.0188308791257441
ct,9,A62,A62D,.0188679248094559
ui,1.03,A23,A23P,.0188679248094559
pm,2.05,B01,B01B,.0189393945038319
ni,3.01,C12,C12H,.0190258745569736
mq,6.01,A23,A23K,.0190631812438369
wv,3.03,A23,A23K,.0190631812438369
xe,4.01,G01,G01K,.0192307699471712
wv,3.03,G01,G01P,.0192307699471712
dt,2.03,H03,H03H,.0192307699471712
rq,1.06,C12,C12F,.0192307699471712
ds,3.02,C12,C12F,.0192307699471712
mq,6.01,G01,G01H,.0192307699471712
re,1.05,G01,G01K,.0192307699471712
zc,4.03,C05,C05G,.0192307699471712
ik,2.11,B61,B61B,.0192307699471712
hf,6.03,G01,G01P,.0192307699471712
ya,3.02,C12,C12F,.0192307699471712
am,4.01,G02,G02C,.0192307699471712
ip,2.07,B81,B81C,.0192307699471712
si,1.05,F42,F42D,.0192307699471712
mu,4.01,G05,G05B,.0192307699471712
cn,5.01,C12,C12F,.0192307699471712
rt,3.02,C12,C12F,.0192307699471712
zq,2.07,C07,C07H,.0192307699471712
oo,3.03,G01,G01P,.0192307699471712
oo,3.03,G07,G07B,.0192307699471712
ou,1.06,G21,G21F,.0192307699471712
ac,2.02,C25,C25B,.0192307699471712
ma,3.02,C12,C12F,.0192307699471712
ij,2.11,B61,B61B,.0192307699471712
ze,1.06,B65,B65B,.0192629813682288
qe,2.09,G11,G11C,.0193236717022955
tm,3.01,G21,G21K,.0193236717022955
db,2.08,C22,C22F,.0193561231717467
rq,1.06,C08,C08H,.0193888037465513
pt,3.03,A47,A47L,.0194340795278549
ha,5.03,C40,C40B,.0194930071011186
co,1.06,E03,E03B,.0196025287732482
op,3.03,F16,F16K,.0196078438311815
ga,3.02,F21,F21K,.0196078438311815
im,2.01,F16,F16P,.0196078438311815
ds,3.02,G06,G06G,.0196078438311815
ht,1.06,A23,A23D,.0196078438311815
bu,1.03,B01,B01L,.0196078438311815
ew,1.02,B07,B07B,.0196078438311815
ah,4.01,G21,G21F,.0196078438311815
dw,1.04,F03,F03G,.0196078438311815
vx,5.01,H01,H01F,.0196078438311815
ns,2.01,C10,C10K,.0196078438311815
fi,1.04,F42,F42B,.0196078438311815
dt,2.03,B07,B07B,.0196078438311815
yo,3.01,D01,D01D,.0196078438311815
hb,5.03,B03,B03C,.0196938426233828
qe,2.09,F15,F15D,.0197368422523141
co,1.06,Y02,Y02A,.019927297020331
wq,5.01,A01,A01N,.0199999995529652
ba,3.02,G01,G01T,.0199999995529652
yq,5.07,C23,C23C,.0199999995529652
oi,3.02,A46,A46B,.0199999995529652
zc,4.03,H03,H03L,.0199999995529652
oe,5.06,G21,G21G,.0199999995529652
id,2.07,G01,G01G,.0199999995529652
ip,2.07,G01,G01G,.0199999995529652
ui,1.03,A22,A22C,.0199999995529652
td,3.02,B29,B29B,.0199999995529652
ct,9,C10,C10M,.0199999995529652
wm,5.04,G21,G21G,.0199999995529652
zc,4.03,B42,B42D,.0199999995529652
my,5.01,G09,G09G,.0199999995529652
vi,5.01,C12,C12Y,.0199999995529652
da,1.06,B60,B60W,.0199999995529652
uu,5.06,A22,A22C,.0199999995529652
mq,6.01,C40,C40B,.0199999995529652
qg,2.05,D02,D02J,.0199999995529652
fy,3.02,A22,A22C,.0199999995529652
ze,1.06,C25,C25B,.0199999995529652
bf,5.04,A23,A23D,.0199999995529652
wh,3.02,H05,H05H,.0199999995529652
qq,1.05,C08,C08H,.0199999995529652
rt,3.02,A22,A22C,.0199999995529652
ns,2.01,D02,D02J,.0200000004842877
um,3.01,B65,B65B,.0201005022972822
qa,3.01,E03,E03B,.0202574525028467
db,2.08,E03,E03B,.0202574525028467
hy,1.06,F21,F21V,.0203877007588744
hy,1.06,D01,D01D,.0204042717814445
um,3.01,A45,A45D,.0204081628471613
ia,3.02,A45,A45D,.0204081628471613
py,3.02,A45,A45D,.0204081628471613
fu,5.04,A01,A01N,.0204081628471613
pa,6.02,B81,B81C,.0204081628471613
wv,3.03,H01,H01P,.0204166667535901
oo,3.03,H01,H01P,.0204166667535901
hf,6.03,H01,H01P,.0204166667535901
di,5.02,G06,G06E,.0205645160749555
ct,9,C12,C12Y,.0206069955602288
su,3.02,G01,G01Q,.0206349212676287
pk,2.05,G01,G01D,.0206467248499393
rx,3.02,C07,C07F,.0206683273427188
xq,2.11,C07,C07G,.0206820024177432
hl,3.03,C12,C12Y,.020697167608887
da,1.06,A41,A41C,.0208333334885538
ix,2.07,G01,G01T,.0208333334885538
xw,3.03,A41,A41C,.0208333334885538
gu,1.06,A41,A41D,.020833333954215
ad,4.02,F23,F23C,.020833333954215
hf,6.03,B41,B41C,.020833333954215
ah,4.01,D01,D01C,.020833333954215
oo,3.03,B41,B41C,.020833333954215
pw,2.06,G07,G07C,.020833333954215
ji,5.01,G03,G03H,.020833333954215
wm,5.04,B41,B41C,.020833333954215
ac,2.02,A23,A23D,.020833333954215
po,1.01,A23,A23D,.020833333954215
gm,3.03,G16,G16H,.020833333954215
mw,5.09,B82,B82Y,.020833333954215
ry,2.03,F23,F23K,.020833333954215
wv,3.03,B41,B41C,.020833333954215
hy,1.06,C10,C10G,.020833333954215
rx,3.02,C07,C07H,.020833333954215
xy,1.01,A23,A23D,.020833333954215
ry,2.03,D01,D01D,.020833333954215
pi,1.06,G01,G01W,.020833333954215
pt,3.03,H02,H02H,.020833333954215
ht,1.06,A41,A41D,.020833333954215
un,1.03,C07,C07B,.020833333954215
wv,3.03,A01,A01C,.020833333954215
un,1.03,D21,D21C,.020833333954215
re,1.05,H02,H02K,.020833333954215
mu,4.01,A41,A41D,.020833333954215
hb,5.03,C07,C07G,.020833333954215
qa,3.01,C12,C12C,.020833333954215
cn,5.01,B29,B29D,.020833333954215
rx,3.02,C25,C25D,.020833333954215
il,2.07,A01,A01G,.020833333954215
ns,2.01,C05,C05C,.020833333954215
vi,5.01,C12,C12M,.020833333954215
he,5.03,H01,H01M,.020833333954215
aa,1.03,D03,D03D,.020833333954215
up,1.03,D01,D01D,.020833333954215
mw,5.09,G01,G01C,.020833333954215
yp,3.02,A61,A61D,.020833333954215
qe,2.09,F03,F03D,.020833333954215
dt,2.03,H01,H01P,.020833333954215
sa,3.03,G01,G01H,.020833333954215
qf,9,C07,C07B,.020833333954215
rt,3.02,A61,A61D,.020833333954215
tm,3.01,F02,F02C,.020833333954215
um,3.01,H01,H01R,.020833333954215
up,1.03,C07,C07B,.020833333954215
uk,1.03,C05,C05C,.020833333954215
ip,2.07,H01,H01G,.020833333954215
qh,2.05,B82,B82B,.020833333954215
ae,4.05,B02,B02B,.020833333954215
ps,5.04,C10,C10L,.0208695651963353
ex,1.02,D05,D05C,.0209039547480643
zd,9,G01,G01K,.0209090914577246
yo,3.01,F04,F04B,.0210549645125866
ti,9,A23,A23D,.0210884353145957
xe,4.01,H01,H01J,.0212765950709581
ee,1.04,G16,G16H,.0212765950709581
pk,2.05,C23,C23G,.0212765950709581
pw,2.06,H02,H02J,.0212765950709581
wh,3.02,C22,C22C,.0212765950709581
bm,5.07,F15,F15B,.0212862323969603
or,5.09,F15,F15B,.0212862323969603
hb,5.03,F15,F15B,.0212862323969603
tu,3.01,Y02,Y02P,.0214285715483129
ni,3.01,F41,F41H,.0214285715483129
sd,3.02,F21,F21V,.0214389534667134
ua,6.03,C12,C12M,.0214412026107311
di,5.02,F22,F22B,.0215053758583963
aa,1.03,D21,D21G,.0215053763240576
ns,2.01,C10,C10J,.0215053763240576
ub,1.03,C11,C11C,.0215924428775907
dr,1.06,B67,B67B,.0216049384325743
fe,5.05,C07,C07H,.0216374276205897
cu,1.06,Y02,Y02A,.0216526221483946
aa,1.03,C12,C12Y,.0216559530235827
wc,3.03,C40,C40B,.0217156237922609
uf,1.03,B63,B63G,.0217391308397055
da,1.06,B05,B05C,.0217391308397055
bq,6.05,B60,B60Q,.0217391308397055
vm,5.06,C07,C07J,.0217391308397055
cn,5.01,E21,E21B,.0217391308397055
bq,6.05,B21,B21B,.0217391308397055
py,3.02,G01,G01Q,.0217391308397055
dw,1.04,G01,G01F,.0217391308397055
iq,2.02,C12,C12Y,.0217391308397055
io,2.07,C12,C12R,.0217391308397055
ye,2.02,C12,C12Y,.0217391308397055
mr,6.01,G01,G01C,.0217391308397055
dt,2.03,B63,B63G,.0217391308397055
nu,5.08,A61,A61D,.0217391308397055
ad,4.02,E06,E06B,.0217391308397055
ki,3.02,H01,H01P,.0217391308397055
ze,1.06,E06,E06B,.0217391308397055
fe,5.05,H05,H05B,.0217391308397055
po,1.01,H04,H04K,.0217391308397055
ti,9,H01,H01M,.0217391308397055
vy,3.02,A61,A61D,.0217391308397055
ta,1.06,A01,A01H,.0217391308397055
hi,5.01,C08,C08K,.0217391308397055
mq,6.01,C25,C25B,.0217391308397055
ep,1.02,F02,F02G,.0217391308397055
yu,3.03,H04,H04M,.0217391308397055
zd,9,H01,H01P,.0217391308397055
ja,1.05,E21,E21D,.0217803036794066
qh,2.05,B21,B21J,.0218253973871469
li,3.02,C07,C07B,.0219298247247934
bf,5.04,A43,A43B,.0219780225306749
pw,2.06,B81,B81B,.0219960222020745
op,3.03,B81,B81B,.0219960222020745
sy,1.03,A23,A23P,.0220125783234835
ve,3.02,C07,C07G,.0220944317989051
lq,3.03,E03,E03F,.0222222227603197
io,2.07,A01,A01K,.0222222227603197
pw,2.06,C09,C09C,.0222222227603197
es,2.02,H01,H01T,.0222222227603197
vj,5.01,E03,E03F,.0222222227603197
da,1.06,A45,A45C,.0222222227603197
id,2.07,A61,A61D,.0222222227603197
tq,3.02,B64,B64G,.0222222227603197
jb,5.07,C05,C05F,.0222222227603197
aa,1.03,B23,B23Q,.0222222227603197
fa,2.01,F23,F23J,.0222222227603197
ea,1.04,A45,A45C,.0222222227603197
fa,2.01,H01,H01P,.0222222227603197
rx,3.02,H03,H03F,.0222222227603197
ae,4.05,F25,F25C,.0222222227603197
id,2.07,F25,F25C,.0222222227603197
vy,3.02,A23,A23F,.0222222227603197
pz,2.05,B44,B44D,.0222222227603197
ip,2.07,H04,H04M,.0222222227603197
co,1.06,A45,A45C,.0222222227603197
jb,5.07,C05,C05D,.0222222227603197
hl,3.03,C08,C08B,.0222222227603197
dw,1.04,Y02,Y02P,.0222222227603197
pk,2.05,B44,B44D,.0222222227603197
jb,5.07,A61,A61D,.0222222227603197
rx,3.02,A23,A23F,.0222222227603197
af,4.05,C02,C02F,.0222222227603197
bd,1.06,A01,A01C,.0222222227603197
qa,3.01,G07,G07G,.0222222227603197
ze,1.06,A23,A23D,.0222222227603197
lq,3.03,C08,C08B,.0222222227603197
pe,5.02,A62,A62C,.0222222227603197
ui,1.03,F23,F23J,.0222222227603197
ou,1.06,C09,C09J,.0222222227603197
sy,1.03,C12,C12R,.0222222227603197
pu,2.03,B82,B82B,.022222223225981
ui,1.03,C08,C08C,.0223484844900668
ig,2.06,G06,G06E,.0223484858870506
sy,1.03,A47,A47B,.0224358979612589
dm,3.02,B09,B09C,.0224648592993617
wh,3.02,G09,G09F,.0224719103425741
ki,3.02,Y02,Y02A,.0224719103425741
uk,1.03,B27,B27N,.0227272734045982
fa,2.01,C12,C12R,.0227272734045982
hb,5.03,A61,A61D,.0227272734045982
cn,5.01,C11,C11C,.0227272734045982
ou,1.06,B03,B03C,.0227272734045982
yy,5.07,F02,F02K,.0227272734045982
rq,1.06,F02,F02K,.0227272734045982
xa,5.04,F02,F02K,.0227272734045982
yo,3.01,H01,H01T,.0227272734045982
ds,3.02,C07,C07B,.0227272734045982
ua,6.03,G07,G07B,.0227272734045982
hf,6.03,B26,B26B,.0227272734045982
db,2.08,H01,H01T,.0227272734045982
kv,1.05,C08,C08F,.0227272734045982
ha,5.03,G07,G07B,.0227272734045982
dw,1.04,F16,F16N,.0227272734045982
hl,3.03,B26,B26B,.0227272734045982
hi,5.01,A61,A61J,.0227272734045982
hl,3.03,A61,A61D,.0227272734045982
tu,3.01,H01,H01T,.0227272734045982
qg,2.05,B27,B27N,.0227272734045982
tc,3.02,C12,C12R,.0227272734045982
wv,3.03,B26,B26B,.0227272734045982
wm,5.04,F24,F24S,.0227272734045982
we,3.02,H01,H01T,.0227272734045982
xa,5.04,C08,C08B,.0227272734045982
ji,5.01,G02,G02C,.0227272734045982
rq,1.06,C01,C01B,.0227272734045982
aa,1.03,F41,F41C,.0227272734045982
ma,3.02,B42,B42D,.0227272734045982
pe,5.02,G07,G07B,.0227272734045982
ki,3.02,H01,H01T,.0227272734045982
pk,2.05,C25,C25F,.0227272734045982
zd,9,B42,B42D,.0227272734045982
um,3.01,B42,B42D,.0227272734045982
iq,2.02,B21,B21H,.0227272734045982
ki,3.02,C08,C08H,.0227272734045982
rz,3.03,F25,F25D,.0227272734045982
oo,3.03,H04,H04Q,.0227272734045982
wf,1.06,C11,C11C,.0227272734045982
pw,2.06,B81,B81C,.0227272734045982
bv,5.01,C11,C11C,.0227272734045982
we,3.02,C07,C07B,.0227272734045982
dm,3.02,B29,B29D,.0227272734045982
uk,1.03,E02,E02D,.0227272734045982
zk,9,G03,G03B,.0227272734045982
oo,3.03,B26,B26B,.0227272734045982
dr,1.06,H01,H01T,.0227272734045982
vj,5.01,A24,A24D,.0227272734045982
un,1.03,F21,F21V,.0227272734045982
qa,3.01,F21,F21K,.0228758174926043
pt,3.03,C07,C07H,.022907902370207
tq,3.02,C12,C12C,.022916667163372
ct,9,G02,G02B,.0229885056614876
sd,3.02,Y02,Y02A,.0230006612837315
ix,2.07,A61,A61F,.0230392161756754
ay,3.01,G05,G05B,.0230769230984151
ix,2.07,F02,F02C,.0230769230984151
ni,3.01,B07,B07C,.0231481483206153
ee,1.04,A24,A24F,.0232558138668537
gy,5.02,A24,A24F,.0232558138668537
rz,3.03,G01,G01B,.0232558138668537
ay,3.01,G01,G01T,.0232558138668537
bi,6.01,F21,F21V,.0232558138668537
jm,5.04,B29,B29C,.0232558138668537
li,3.02,A24,A24F,.0232558138668537
op,3.03,A24,A24F,.0232558138668537
zm,1.06,H02,H02K,.0232558138668537
ba,3.02,A24,A24F,.0232558138668537
ue,2.11,F02,F02D,.0232683988288045
mw,5.09,G01,G01J,.0232683988288045
li,3.02,E03,E03B,.0233062328770757
ra,2.11,H04,H04J,.0233216243796051
kv,1.05,C01,C01F,.0233265720307827
ay,3.01,B23,B23P,.0233918130397797
yp,3.02,C40,C40B,.0233977966126986
ze,1.06,A23,A23F,.0235294122248888
qh,2.05,H03,H03F,.0235294122248888
ku,5.07,C09,C09B,.0236111115664244
qa,3.01,B60,B60L,.0236263745464385
pi,1.06,B44,B44D,.0238095242530107
ea,1.04,A21,A21C,.0238095242530107
ah,4.01,D06,D06F,.0238095242530107
mq,6.01,D04,D04G,.0238095242530107
co,1.06,F03,F03B,.0238095242530107
ua,6.03,C07,C07B,.0238095242530107
ay,3.01,C10,C10L,.0238095242530107
da,1.06,B03,B03D,.0238095242530107
ou,1.06,B44,B44D,.0238095242530107
my,5.01,H05,H05B,.0238095242530107
ei,1.04,A21,A21C,.0238095242530107
pt,3.03,F26,F26B,.0238095242530107
dr,1.06,A01,A01M,.0238095242530107
gu,1.06,B44,B44D,.0238095242530107
af,4.05,F04,F04B,.0238095242530107
pe,5.02,C22,C22B,.0238095242530107
nn,3.03,C07,C07G,.0238095242530107
xe,4.01,D21,D21B,.0238095242530107
re,1.05,E04,E04B,.0238095242530107
ns,2.01,E02,E02B,.0238095242530107
rq,1.06,C09,C09K,.0238095242530107
qg,2.05,B64,B64F,.0238095242530107
rq,1.06,C12,C12H,.0238095242530107
gu,1.06,D21,D21B,.0238095242530107
ev,1.02,C13,C13K,.0238095242530107
dx,3.01,H01,H01S,.0238095242530107
op,3.03,H05,H05B,.0238095242530107
vi,5.01,C07,C07B,.0238095242530107
ai,2.03,B41,B41F,.0238095242530107
fu,5.04,C23,C23C,.0238095242530107
ij,2.11,B09,B09C,.0238095242530107
aq,3.02,G01,G01S,.0238095242530107
fi,1.04,G06,G06G,.023809524718672
we,3.02,F16,F16L,.0238095251843333
ba,3.02,H01,H01G,.0239942530170083
ju,4.01,B64,B64C,.0240015364252031
po,1.01,C22,C22B,.0240030977874994
he,5.03,A61,A61M,.0240740748122334
zc,4.03,A23,A23P,.0241935476660728
um,3.01,G10,G10D,.0241935476660728
ni,3.01,A23,A23P,.0241935476660728
ij,2.11,A24,A24B,.0241935476660728
fi,1.04,H03,H03D,.0242424234747887
qa,3.01,G05,G05G,.0242424253374338
dr,1.06,Y02,Y02P,.0242857148405164
qq,1.05,H05,H05G,.0243902429938316
ff,3.02,G01,G01L,.0243902429938316
xq,2.11,H02,H02S,.0243902429938316
nq,5.01,A21,A21D,.0243902429938316
up,1.03,H03,H03D,.0243902429938316
dk,5.02,G01,G01P,.0243902429938316
um,3.01,H05,H05G,.0243902429938316
sr,2.07,A01,A01K,.0244107749313116
bu,1.03,H03,H03G,.0245614037849009
ns,2.01,B27,B27K,.0246521476656199
ij,2.11,F15,F15C,.0246913582086563
yo,3.01,A47,A47C,.0246913582086563
le,1.05,F03,F03H,.0246913582086563
qe,2.09,G01,G01G,.0246913582086563
fi,1.04,A46,A46B,.0246913582086563
pa,6.02,C40,C40B,.0247264021309093
pg,6.02,C12,C12Y,.0248771505430341
hy,1.06,D01,D01F,.024897119961679
pe,5.02,B08,B08B,.0249094208702445
ac,2.02,C07,C07F,.024948560167104
vx,5.01,C12,C12Y,.0249999994412065
wm,5.04,B42,B42C,.025000000372529
ds,3.02,C12,C12G,.025000000372529
bk,6.04,A47,A47C,.025000000372529
aa,1.03,F01,F01B,.025000000372529
zd,9,C12,C12G,.025000000372529
ev,1.02,F41,F41B,.025000000372529
if,2.11,B42,B42C,.025000000372529
im,2.01,F01,F01B,.025000000372529
oo,3.03,G01,G01M,.025000000372529
er,1.02,F41,F41B,.025000000372529
wv,3.03,G01,G01M,.025000000372529
ct,9,B08,B08B,.025000000372529
db,2.08,H04,H04K,.025000000372529
ju,4.01,G01,G01P,.025000000372529
zq,2.07,E04,E04C,.025000000372529
co,1.06,H04,H04K,.025000000372529
qe,2.09,F21,F21K,.025000000372529
xa,5.04,A61,A61C,.025000000372529
ma,3.02,C12,C12G,.025000000372529
ue,2.11,B03,B03B,.025000000372529
ij,2.11,B42,B42C,.025000000372529
mc,1.06,H04,H04K,.025000000372529
jo,5.04,B60,B60W,.025000000372529
xa,5.04,B41,B41C,.025000000372529
pt,3.03,G01,G01W,.025000000372529
jb,5.07,A23,A23L,.025000000372529
ct,9,B01,B01F,.025000000372529
re,1.05,E04,E04C,.025000000372529
sd,3.02,G01,G01G,.025000000372529
ku,5.07,G16,G16H,.025000000372529
ni,3.01,D06,D06L,.025000000372529
qh,2.05,F21,F21K,.025000000372529
oo,3.03,B60,B60W,.025000000372529
ns,2.01,B04,B04B,.025000000372529
ai,2.03,C25,C25C,.025000000372529
hf,6.03,G01,G01M,.025000000372529
qg,2.05,A23,A23D,.025000000372529
mw,5.09,B41,B41C,.025000000372529
wh,3.02,C09,C09K,.025000000372529
wf,1.06,C09,C09C,.025000000372529
sd,3.02,C09,C09C,.025000000372529
ka,4.01,A47,A47C,.025000000372529
wc,3.03,F28,F28F,.025000000372529
po,1.01,C07,C07J,.025000000372529
bf,5.04,A61,A61C,.025000000372529
da,1.06,F42,F42B,.025000000372529
dx,3.01,F21,F21V,.025000000372529
zk,9,F21,F21K,.025000000372529
ix,2.07,F01,F01B,.025000000372529
dw,1.04,F21,F21K,.025000000372529
zk,9,G01,G01G,.025000000372529
hf,6.03,B60,B60W,.025000000372529
yu,3.03,A61,A61H,.025000000372529
un,1.03,H03,H03C,.025000000372529
he,5.03,A63,A63F,.025000000372529
uh,1.03,C08,C08H,.0250000013038516
he,5.03,A61,A61F,.0250744055956602
tq,3.02,C08,C08H,.0251141549088061
qe,2.09,A63,A63F,.0252100843936205
pk,2.05,F16,F16H,.0253164563328028
ac,2.02,B05,B05C,.0253623193129897
pi,1.06,E01,E01F,.0253623193129897
ev,1.02,C07,C07G,.0254237288609147
tc,3.02,C40,C40B,.0254347822628915
dx,3.01,F04,F04B,.025568182580173
hq,1.04,B03,B03B,.0255852846894413
uy,1.04,H04,H04J,.0255897748284042
qa,3.01,A24,A24B,.0256403433158994
pi,1.06,H02,H02P,.0256410259753466
af,4.05,H02,H02M,.0256410259753466
nq,5.01,E02,E02F,.0256410259753466
bu,1.03,A62,A62D,.0256410259753466
il,2.07,B01,B01J,.0256410259753466
co,1.06,F02,F02G,.0256410259753466
cq,1.06,B60,B60D,.0256410259753466
tq,3.02,G05,G05F,.0256410259753466
py,3.02,B60,B60D,.0256410259753466
wc,3.03,B64,B64C,.0256410259753466
hq,1.04,A47,A47B,.0256410259753466
cl,9,C25,C25B,.0256410259753466
uu,5.06,C25,C25B,.0256410259753466
ht,1.06,A24,A24B,.0256410259753466
hi,5.01,G01,G01J,.0256410259753466
qe,2.09,G03,G03C,.0256410259753466
ni,3.01,A63,A63H,.0256410259753466
my,5.01,C12,C12Y,.0256410259753466
ia,3.02,G01,G01Q,.0256410259753466
de,1.06,D21,D21B,.0256410259753466
po,1.01,A63,A63H,.0256410259753466
pi,1.06,G10,G10K,.0256410259753466
ct,9,C01,C01G,.0256410259753466
pz,2.05,C07,C07G,.0256410259753466
tm,3.01,C25,C25D,.0256410259753466
dm,3.02,F28,F28F,.0256410259753466
oi,3.02,A61,A61J,.0256410259753466
pz,2.05,A24,A24B,.0256410259753466
yq,5.07,A24,A24B,.0256410259753466
ex,1.02,A01,A01C,.0256410259753466
td,3.02,C25,C25B,.0256410259753466
sy,1.03,C12,C12C,.0256410259753466
sa,3.03,A01,A01D,.0256410259753466
un,1.03,G16,G16H,.0256410259753466
zr,1.05,D06,D06P,.0256410259753466
dx,3.01,G01,G01B,.0257352942135185
mr,6.01,A01,A01H,.0257364818826318
dw,1.04,H01,H01P,.0258578439243138
ay,3.01,A23,A23C,.0258620688691735
uh,1.03,G06,G06G,.0258777244016528
tm,3.01,B66,B66C,.0259009015280753
mq,6.01,C12,C12Y,.0259057977236807
gu,1.06,B81,B81C,.0259615392424166
dk,5.02,H03,H03D,.0259740259498358
di,5.02,H03,H03D,.0259740259498358
co,1.06,G10,G10H,.0259784078225493
xq,2.11,G10,G10H,.0259784078225493
ba,3.02,F21,F21V,.026069519110024
qq,1.05,F27,F27B,.0261538466438651
qe,2.09,F27,F27B,.0261538466438651
ue,2.11,C40,C40B,.0261904774233699
po,1.01,C10,C10L,.0262459092773497
ve,3.02,H02,H02S,.0263157896697521
tu,3.01,A63,A63G,.0263157896697521
ua,6.03,C12,C12R,.0263157896697521
xe,4.01,A61,A61N,.0263157896697521
qu,1.06,B25,B25J,.0263157896697521
cl,9,B25,B25J,.0263157896697521
pt,3.03,C10,C10M,.0263157896697521
ur,1.01,G04,G04F,.0263157896697521
eu,2.02,C12,C12Y,.0263157896697521
li,3.02,C09,C09B,.0263157896697521
qd,6.02,G01,G01N,.0263157896697521
pi,1.06,H03,H03M,.0263157896697521
ti,9,A61,A61H,.0263157896697521
ru,3.01,H02,H02S,.0263157896697521
ru,3.01,A63,A63G,.0263157896697521
vx,5.01,A63,A63G,.0263157896697521
lj,3.02,C09,C09D,.0263157896697521
hf,6.03,C12,C12R,.0263157896697521
es,2.02,C07,C07B,.0263340268284082
qf,9,B21,B21J,.02645502705127
ka,4.01,C07,C07J,.0265005268156528
qh,2.05,B25,B25D,.0265151523053646
pu,2.03,B25,B25D,.0265151523053646
xq,2.11,H03,H03D,.026575202587992
xy,1.01,F41,F41H,.0266666673123837
qe,2.09,B21,B21D,.026785715483129
pk,2.05,G06,G06G,.026785715483129
yp,3.02,D01,D01D,.0268731364049017
yo,3.01,F25,F25D,.0268817199394107
ds,3.02,G21,G21K,.0270270276814699
eu,2.02,B25,B25F,.0270270276814699
dq,9,F16,F16P,.0270270276814699
qa,3.01,F16,F16P,.0270270276814699
ee,1.04,F16,F16P,.0270270276814699
zd,9,F16,F16P,.0270270276814699
bp,6.04,G21,G21B,.0270270276814699
uu,5.06,C30,C30B,.0270270276814699
oi,3.02,A23,A23D,.0270467838272452
op,3.03,C08,C08J,.0270833340473473
po,1.01,F15,F15C,.0271136108785868
ou,1.06,C01,C01G,.0271164029836655
ik,2.11,D02,D02G,.0272727264091372
pk,2.05,H03,H03D,.0272727264091372
uh,1.03,F15,F15D,.0272727264091372
wf,1.06,G01,G01B,.0272872638888657
wh,3.02,B01,B01D,.0273972600698471
hl,3.03,G08,G08C,.0273972600698471
jw,6.02,A61,A61M,.027417840436101
ra,2.11,A61,A61D,.0274410769343376
ja,1.05,G06,G06G,.0275641037151217
km,1.06,B65,B65B,.0276381906587631
qe,2.09,F24,F24F,.0276610655710101
ae,4.05,G01,G01T,.0277777779847383
wu,5.04,C07,C07G,.0277777779847383
im,2.01,C10,C10K,.0277777779847383
cl,9,G01,G01Q,.0277777779847383
uf,1.03,B22,B22C,.0277777779847383
fa,2.01,C10,C10K,.0277777779847383
yp,3.02,A62,A62C,.0277777779847383
le,1.05,B25,B25J,.0277777779847383
ja,1.05,H03,H03D,.0277777779847383
ep,1.02,D04,D04B,.0277777779847383
ev,1.02,B28,B28C,.0277777779847383
ur,1.01,B22,B22C,.0277777779847383
qe,2.09,B63,B63H,.0277777779847383
il,2.07,B81,B81B,.0277777779847383
ev,1.02,B21,B21J,.0277777779847383
vi,5.01,B41,B41C,.0277777779847383
pn,1.01,D04,D04B,.0277777779847383
qh,2.05,H01,H01T,.0277777779847383
yo,3.01,A22,A22C,.0277777779847383
jb,5.07,C07,C07B,.0277777779847383
ij,2.11,E05,E05F,.0277777779847383
qe,2.09,C09,C09F,.0277777779847383
lq,3.03,B25,B25F,.0277777779847383
un,1.03,B23,B23P,.0277777779847383
lj,3.02,G04,G04F,.0277777779847383
ex,1.02,B61,B61C,.0277777779847383
ja,1.05,G21,G21H,.0277777779847383
eq,3.01,B81,B81C,.0277777779847383
ig,2.06,B21,B21J,.0277777779847383
pe,5.02,B61,B61C,.0277777779847383
wm,5.04,C07,C07G,.0277777779847383
po,1.01,H02,H02N,.0277777779847383
yu,3.03,B04,B04B,.0277777779847383
ve,3.02,A23,A23F,.0277777779847383
tq,3.02,B07,B07C,.0277777779847383
sr,2.07,B09,B09C,.0277777779847383
ku,5.07,C10,C10L,.0277777779847383
sr,2.07,C10,C10L,.0277777779847383
qq,1.05,F28,F28C,.0277777779847383
il,2.07,B09,B09C,.0277777779847383
ad,4.02,C08,C08J,.0277777779847383
er,1.02,A01,A01M,.0277777779847383
km,1.06,C05,C05C,.0277777779847383
uk,1.03,F04,F04F,.0277777779847383
kv,1.05,B25,B25J,.0277777779847383
qq,1.05,B24,B24C,.0277777779847383
ia,3.02,A41,A41C,.0277777779847383
up,1.03,B22,B22C,.0277777779847383
bv,5.01,C11,C11B,.0277777779847383
vp,3.03,B81,B81C,.0277777779847383
dm,3.02,A22,A22C,.0277777779847383
ra,2.11,A61,A61J,.0277777779847383
da,1.06,A47,A47L,.0277777779847383
rx,3.02,G01,G01C,.0277777779847383
li,3.02,G04,G04F,.0277777779847383
pt,3.03,G21,G21D,.0277777779847383
ig,2.06,C09,C09F,.0277777779847383
vx,5.01,B41,B41C,.0277777779847383
ku,5.07,C01,C01B,.0277777779847383
sd,3.02,B81,B81C,.0277777779847383
bv,5.01,B41,B41C,.0277777779847383
mw,5.09,C07,C07F,.0277777779847383
zc,4.03,C08,C08H,.0277777779847383
ee,1.04,F04,F04F,.0277777779847383
ew,1.02,A22,A22C,.0277777779847383
hi,5.01,B01,B01L,.0277777779847383
pe,5.02,D04,D04B,.0277777779847383
yq,5.07,G21,G21D,.0277777779847383
ac,2.02,D01,D01F,.0277777779847383
re,1.05,H04,H04K,.0277777779847383
ur,1.01,F15,F15C,.0277777779847383
rb,2.02,B61,B61C,.0277777779847383
wq,5.01,A61,A61L,.0277777779847383
mr,6.01,C09,C09K,.0277777779847383
ai,2.03,B09,B09C,.0277777779847383
yr,2.01,B41,B41C,.0277777779847383
uh,1.03,A23,A23J,.0277777779847383
ps,5.04,A61,A61M,.0277777779847383
ye,2.02,B41,B41C,.0277777779847383
ig,2.06,A41,A41C,.0277777779847383
om,5.05,A23,A23J,.0277777779847383
fi,1.04,A44,A44C,.0277777779847383
wq,5.01,A01,A01H,.0277777779847383
qc,6.02,B60,B60R,.0277777779847383
zr,1.05,F42,F42D,.0277777779847383
ub,1.03,C10,C10K,.0277777779847383
am,4.01,F42,F42D,.0277777779847383
ee,1.04,G21,G21H,.0277777779847383
hq,1.04,F21,F21S,.0277777779847383
yp,3.02,D04,D04C,.0277777779847383
ot,6.02,B42,B42D,.0277777779847383
eu,2.02,C12,C12R,.0277777779847383
hq,1.04,A22,A22C,.0277777779847383
ns,2.01,A47,A47J,.0277777779847383
wu,5.04,B63,B63H,.0277777779847383
nn,3.03,B41,B41J,.0277777779847383
er,1.02,B63,B63H,.0277777779847383
oi,3.02,C40,C40B,.0277777779847383
vx,5.01,H01,H01J,.0277777779847383
zk,9,C07,C07G,.0277777779847383
zq,2.07,H04,H04K,.0277777779847383
le,1.05,C40,C40B,.0277777789160609
yp,3.02,C25,C25B,.0277777789160609
yr,2.01,C30,C30B,.0277856555767357
ml,9,G05,G05B,.0278260875493288
mc,1.06,B29,B29B,.0278571434319019
yo,3.01,F16,F16K,.0278796767815948
hy,1.06,G01,G01T,.0279720285907388
dw,1.04,B82,B82B,.0280337939038873
oa,2.11,A63,A63G,.0280701760202646
ad,4.02,A61,A61C,.0281609203666449
pq,1.01,H02,H02N,.0281746033579111
qj,2.05,C10,C10B,.0282341483980417
bv,5.01,G16,G16H,.0282738106325269
sa,3.03,A45,A45D,.0284726787358522
bv,5.01,H03,H03K,.0285714287310839
wv,3.03,H02,H02S,.0285714287310839
il,2.07,F16,F16D,.0285714287310839
ku,5.07,C01,C01G,.0285714287310839
dk,5.02,G10,G10K,.0285714287310839
sr,2.07,F16,F16H,.0285714287310839
qh,2.05,B60,B60G,.0285714287310839
ee,1.04,G01,G01K,.0285714287310839
qu,1.06,B63,B63B,.0285714287310839
op,3.03,H02,H02S,.0285714287310839
ix,2.07,B60,B60G,.0285714287310839
il,2.07,B60,B60G,.0285714287310839
ix,2.07,F16,F16D,.0285714287310839
zq,2.07,B60,B60L,.0285714287310839
ix,2.07,C10,C10M,.0285714287310839
hl,3.03,H02,H02S,.0285714287310839
ah,4.01,B03,B03D,.0285714287310839
zc,4.03,B09,B09C,.0285714287310839
qk,6.01,C08,C08F,.0285714287310839
ra,2.11,C09,C09C,.0285714287310839
lq,3.03,H02,H02S,.0285714287310839
sr,2.07,B22,B22D,.0285714287310839
om,5.05,H05,H05H,.0285714287310839
bi,6.01,C08,C08B,.0285714287310839
wh,3.02,B65,B65D,.0285714287310839
ti,9,B09,B09C,.0285714287310839
rx,3.02,B65,B65D,.0285714296624064
uh,1.03,D21,D21B,.0286069645080715
ry,2.03,D21,D21B,.0286069645080715
we,3.02,Y02,Y02A,.028618638869375
pt,3.03,C08,C08B,.0286290319636464
ky,1.05,C07,C07J,.0286290319636464
pw,2.06,B23,B23P,.028645833954215
un,1.03,G07,G07F,.0286935297772288
ze,1.06,G06,G06N,.0288109756074846
uh,1.03,B03,B03D,.0288461549207568
da,1.06,A45,A45F,.0288692861795425
er,1.02,A45,A45F,.0288692861795425
ev,1.02,A45,A45F,.0288692861795425
bv,5.01,G10,G10H,.0288888895884156
ru,3.01,A45,A45F,.0289361132308841
tm,3.01,D01,D01D,.028985507786274
xq,2.11,F02,F02P,.028985507786274
sr,2.07,D21,D21H,.0290404045954347
mc,1.06,B25,B25F,.0290786479599774
ev,1.02,B25,B25F,.0290786479599774
ay,3.01,D01,D01F,.0294117648154497
id,2.07,G07,G07B,.0294117648154497
ex,1.02,F16,F16P,.0294117648154497
qa,3.01,C06,C06B,.0294117648154497
cu,1.06,C01,C01D,.0294117648154497
ya,3.02,G01,G01H,.0294117648154497
ox,6.02,C03,C03C,.0294117648154497
ox,6.02,C30,C30B,.0294117648154497
re,1.05,G01,G01D,.0294117648154497
yg,6.04,F03,F03D,.0294117648154497
pu,2.03,A47,A47K,.0294117648154497
dr,1.06,G07,G07B,.0294117648154497
gm,3.03,A61,A61H,.0294117648154497
pt,3.03,C09,C09K,.0294117648154497
mm,6.01,C01,C01F,.0294117648154497
fs,6.04,C03,C03C,.0294117648154497
ou,1.06,B65,B65D,.0294117648154497
mr,6.01,G07,G07B,.0294117648154497
mc,1.06,C14,C14C,.0294117648154497
qd,6.02,A61,A61F,.0294117648154497
cu,1.06,C14,C14C,.0294117648154497
hq,1.04,C14,C14C,.0294117648154497
om,5.05,A23,A23K,.0294117648154497
af,4.05,C07,C07F,.0294117648154497
qc,6.02,B25,B25J,.0294117648154497
op,3.03,G01,G01C,.0294117648154497
re,1.05,C09,C09G,.0294117648154497
bf,5.04,A21,A21D,.0294117648154497
qq,1.05,A21,A21D,.0294117648154497
yo,3.01,G21,G21C,.0294117648154497
xy,1.01,G01,G01H,.0294117648154497
ua,6.03,C30,C30B,.0294117648154497
ae,4.05,F03,F03D,.0294117648154497
yu,3.03,C09,C09K,.0294117648154497
ox,6.02,B25,B25J,.0294117648154497
dq,9,F21,F21K,.0294117657467723
tm,3.01,G06,G06G,.0294117657467723
ou,1.06,C07,C07J,.0294117657467723
ia,3.02,G06,G06G,.0294117657467723
hy,1.06,G01,G01L,.0294365007430315
hb,5.03,C12,C12R,.0296052638441324
ae,4.05,B01,B01L,.0296296300366521
qh,2.05,G06,G06G,.0296610170044005
ui,1.03,C08,C08H,.0297267753630877
aq,3.02,G05,G05B,.0298507455736399
qg,2.05,F02,F02G,.0298773692920804
uh,1.03,B62,B62J,.0299999993294477
kv,1.05,A47,A47C,.0299999993294477
fy,3.02,C10,C10M,.0299999993294477
ku,5.07,A47,A47C,.0299999993294477
dm,3.02,D01,D01D,.0300239231437445
qa,3.01,G06,G06G,.0300653604790568
bi,6.01,C12,C12P,.0300854705274105
ya,3.02,B21,B21B,.0301003353670239
ds,3.02,B21,B21B,.0301003353670239
ff,3.02,B21,B21B,.0301003353670239
tc,3.02,B21,B21B,.0301003353670239
ns,2.01,C08,C08H,.0302278371527791
ql,9,C07,C07K,.0302406190894544
uy,1.04,H01,H01T,.030303031206131
ta,1.06,A61,A61D,.030303031206131
fa,2.01,H02,H02M,.030303031206131
we,3.02,G02,G02C,.030303031206131
oy,9,A45,A45F,.030303031206131
ij,2.11,B27,B27N,.030303031206131
ue,2.11,G04,G04F,.030303031206131
ht,1.06,G08,G08C,.030303031206131
bp,6.04,B81,B81B,.030303031206131
zq,2.07,C05,C05G,.030303031206131
im,2.01,F25,F25D,.030303031206131
zr,1.05,G03,G03B,.030303031206131
pg,6.02,H05,H05H,.030303031206131
dw,1.04,H03,H03F,.030303031206131
wc,3.03,F41,F41H,.030303031206131
km,1.06,G08,G08C,.030303031206131
ds,3.02,G07,G07D,.030303031206131
lj,3.02,G02,G02C,.030303031206131
za,3.02,H01,H01B,.030303031206131
il,2.07,A47,A47L,.030303031206131
mc,1.06,G21,G21K,.030303031206131
pa,6.02,A45,A45F,.030303031206131
il,2.07,B63,B63J,.030303031206131
re,1.05,C05,C05G,.030303031206131
ql,9,H04,H04B,.030303031206131
rt,3.02,G06,G06G,.030303031206131
dt,2.03,C05,C05G,.030303031206131
yr,2.01,A01,A01B,.030303031206131
qc,6.02,A23,A23D,.030303031206131
ij,2.11,F25,F25D,.030303031206131
di,5.02,B82,B82Y,.030303031206131
uk,1.03,F41,F41C,.030303031206131
yi,6.03,A45,A45F,.030303031206131
ra,2.11,H03,H03L,.030303031206131
cn,5.01,G01,G01L,.030303031206131
qf,9,A45,A45F,.030303031206131
id,2.07,B21,B21H,.030303031206131
we,3.02,A24,A24B,.0303497943095863
cn,5.01,C40,C40B,.0303605319932103
km,1.06,C07,C07G,.0303672316949815
un,1.03,C13,C13K,.0304058850742877
pu,2.03,C13,C13K,.0304058850742877
ht,1.06,A61,A61H,.0305435182526708
af,4.05,C12,C12Q,.0305744069628417
up,1.03,B05,B05D,.0306372558698058
jm,5.04,C08,C08F,.0307136401534081
ff,3.02,G08,G08C,.030821917578578
um,3.01,A47,A47C,.0308333337306976
aa,1.03,A45,A45F,.0310077518224716
ue,2.11,F21,F21K,.03125
ac,2.02,Y02,Y02P,.03125
ij,2.11,B60,B60B,.03125
pn,1.01,B04,B04C,.03125
bm,5.07,B64,B64D,.03125
ip,2.07,C01,C01D,.03125
wu,5.04,G06,G06G,.03125
km,1.06,B02,B02B,.03125
sy,1.03,B65,B65F,.03125
pm,2.05,B04,B04C,.03125
un,1.03,F02,F02K,.03125
am,4.01,D01,D01C,.03125
az,3.02,C09,C09K,.03125
de,1.06,F01,F01K,.03125
ne,3.03,C22,C22F,.03125
ee,1.04,B02,B02B,.03125
ji,5.01,A23,A23L,.03125
ye,2.02,F23,F23C,.03125
pq,1.01,G08,G08C,.03125
dr,1.06,A23,A23N,.03125
ry,2.03,A23,A23D,.03125
ij,2.11,C07,C07B,.03125
pn,1.01,B03,B03B,.03125
uf,1.03,F15,F15B,.03125
am,4.01,B02,B02B,.03125
ae,4.05,G01,G01K,.03125
eu,2.02,C30,C30B,.03125
dr,1.06,C05,C05D,.03125
ac,2.02,F15,F15D,.03125
ue,2.11,F24,F24D,.03125
wy,5.04,C09,C09D,.03125
ec,1.04,A23,A23B,.03125
mc,1.06,B81,B81C,.03125
oo,3.03,D06,D06P,.03125
ew,1.02,B60,B60B,.03125
rb,2.02,F23,F23C,.03125
vs,5.01,F04,F04B,.03125
zd,9,C03,C03C,.03125
kv,1.05,H04,H04B,.03125
sa,3.03,F24,F24F,.03125
mu,4.01,B02,B02B,.03125
zd,9,C25,C25B,.03125
vm,5.06,C10,C10L,.03125
hf,6.03,B41,B41M,.03125
ma,3.02,Y02,Y02A,.03125
ei,1.04,B02,B02B,.03125
am,4.01,C30,C30B,.03125
dm,3.02,F22,F22B,.03125
wv,3.03,B41,B41M,.03125
ra,2.11,A01,A01G,.03125
vp,3.03,A61,A61N,.03125
sy,1.03,D04,D04H,.03125
vi,5.01,A23,A23F,.03125
qe,2.09,H04,H04Q,.03125
xq,2.11,A61,A61H,.03125
nq,5.01,C30,C30B,.03125
mw,5.09,H01,H01Q,.03125
zq,2.07,F23,F23L,.03125
mu,4.01,H01,H01Q,.03125
ry,2.03,C11,C11C,.03125
er,1.02,Y02,Y02P,.03125
vx,5.01,A23,A23F,.03125
ns,2.01,C05,C05D,.03125
oo,3.03,B41,B41M,.03125
ml,9,A61,A61J,.03125
re,1.05,F23,F23L,.03125
za,3.02,B21,B21F,.03125
le,1.05,B03,B03D,.03125
qe,2.09,G03,G03H,.03125
wv,3.03,H03,H03K,.03125
ml,9,G01,G01M,.03125
db,2.08,B04,B04C,.03125
hy,1.06,G01,G01F,.03125
vi,5.01,F22,F22B,.03125
hy,1.06,Y02,Y02A,.03125
un,1.03,B09,B09C,.03125
qu,1.06,F24,F24F,.03125
ep,1.02,Y02,Y02P,.03125
zq,2.07,C05,C05D,.03125
hl,3.03,D06,D06P,.03125
wv,3.03,D06,D06P,.03125
ni,3.01,C05,C05D,.03125
ad,4.02,D01,D01D,.03125
vj,5.01,F22,F22B,.03125
ue,2.11,B65,B65F,.03125
co,1.06,F24,F24H,.03125
io,2.07,D21,D21C,.03125
ro,1.07,A23,A23N,.03125
wv,3.03,F22,F22B,.03125
le,1.05,A23,A23B,.03125
oo,3.03,H03,H03K,.03125
lq,3.03,G01,G01M,.03125
mc,1.06,B03,B03C,.03125
bq,6.05,B06,B06B,.03125
ur,1.01,F02,F02K,.03125
uy,1.04,A23,A23N,.03125
ns,2.01,B04,B04C,.0312500009313226
rb,2.02,D01,D01D,.0312500009313226
ga,3.02,F02,F02C,.0312500009313226
bv,5.01,A61,A61H,.0313291144557297
io,2.07,A61,A61C,.0314716314896941
ct,9,A47,A47G,.0315136471763253
po,1.01,G01,G01D,.031565657351166
yr,2.01,C12,C12P,.0315656574675813
er,1.02,H01,H01G,.0317460321821272
rx,3.02,D04,D04G,.0317460335791111
lj,3.02,B25,B25J,.0317746098153293
tm,3.01,G01,G01L,.0319148926064372
we,3.02,A23,A23D,.0319432122632861
yq,5.07,H02,H02N,.0319444448687136
ro,1.07,B41,B41D,.0322580635547638
fu,5.04,C07,C07F,.0322580635547638
ew,1.02,B27,B27N,.0322580635547638
ui,1.03,D21,D21G,.0322580635547638
da,1.06,G03,G03B,.0322580635547638
zr,1.05,G01,G01G,.0322580635547638
ze,1.06,D01,D01B,.0322580635547638
ui,1.03,B41,B41D,.0322580635547638
yp,3.02,D21,D21G,.0322580635547638
za,3.02,F25,F25D,.0322580635547638
ru,3.01,D01,D01B,.0322580635547638
ma,3.02,F25,F25D,.0322580635547638
eu,2.02,C25,C25C,.0322580635547638
ig,2.06,D21,D21G,.0322580635547638
tm,3.01,B27,B27N,.0322580635547638
bf,5.04,B09,B09B,.0322580635547638
ae,4.05,B27,B27N,.0322580635547638
td,3.02,C40,C40B,.0323076928034425
fi,1.04,A01,A01H,.0323529415763915
ky,1.05,G01,G01C,.0324022544082254
pe,5.02,H02,H02S,.0324074076488614
uk,1.03,C09,C09F,.0324074076488614
dt,2.03,F42,F42D,.0324074076488614
ub,1.03,C09,C09F,.0324074076488614
rx,3.02,B82,B82Y,.0325396843254566
ga,3.02,C03,C03C,.0325630260631442
pw,2.06,H02,H02K,.0325814541429281
gu,1.06,A24,A24B,.0325854704715312
pz,2.05,B82,B82B,.0325980400666595
cu,1.06,G03,G03H,.0326388897374272
pt,3.03,C40,C40B,.0327370003797114
bd,1.06,A23,A23L,.0327380960807204
nn,3.03,C12,C12C,.0328092961572111
qq,1.05,H01,H01P,.0330000007525086
wv,3.03,C12,C12R,.0330112725496292
mc,1.06,F42,F42B,.0330409361049533
ns,2.01,Y02,Y02A,.0330459768883884
ne,3.03,D21,D21B,.0331037123687565
km,1.06,C30,C30B,.0331688597798347
si,1.05,C01,C01G,.0331813571974635
co,1.06,A23,A23P,.0332217486575246
ry,2.03,C12,C12Y,.0332244010642171
ia,3.02,Y02,Y02P,.0333333336748183
py,3.02,C10,C10B,.0333333341404796
ex,1.02,F22,F22G,.0333333341404796
aq,3.02,A45,A45C,.0333333350718021
ox,6.02,A61,A61J,.0333333350718021
ig,2.06,G21,G21D,.0333333350718021
yp,3.02,G05,G05D,.0333333350718021
iu,2.03,C05,C05D,.0333333350718021
qf,9,F41,F41B,.0333333350718021
af,4.05,A23,A23J,.0333333350718021
dt,2.03,E03,E03F,.0333333350718021
ti,9,G10,G10L,.0333333350718021
cn,5.01,B42,B42D,.0333333350718021
eq,3.01,G21,G21K,.0333333350718021
wf,1.06,A43,A43B,.0333333350718021
lj,3.02,G21,G21K,.0333333350718021
ub,1.03,B33,B33Y,.0333333350718021
yi,6.03,C07,C07J,.0333333350718021
vy,3.02,E05,E05D,.0333333350718021
rb,2.02,F41,F41B,.0333333350718021
vi,5.01,G21,G21K,.0333333350718021
rq,1.06,H01,H01M,.0333333350718021
ji,5.01,G21,G21D,.0333333350718021
dt,2.03,D06,D06L,.0333333350718021
zq,2.07,C10,C10C,.0333333350718021
qc,6.02,A61,A61J,.0333333350718021
ac,2.02,F41,F41B,.0333333350718021
he,5.03,C05,C05F,.0333333350718021
ay,3.01,G01,G01K,.0333333350718021
yg,6.04,H02,H02P,.0333333350718021
dr,1.06,A01,A01F,.0333333350718021
ry,2.03,A23,A23J,.0333333350718021
ki,3.02,C13,C13K,.0333333350718021
ei,1.04,E02,E02F,.0333333350718021
cu,1.06,C13,C13B,.0333333350718021
ig,2.06,F01,F01D,.0333333350718021
yr,2.01,F41,F41A,.0333333350718021
qq,1.05,G07,G07C,.0333333350718021
bf,5.04,G01,G01T,.0333333350718021
sa,3.03,H02,H02M,.0333333350718021
ad,4.02,C09,C09C,.0333333350718021
dx,3.01,D06,D06P,.0333333350718021
bv,5.01,B26,B26B,.0333333350718021
bu,1.03,F02,F02M,.0333333350718021
mq,6.01,G08,G08B,.0333333350718021
bd,1.06,C07,C07H,.0333333350718021
sy,1.03,G21,G21D,.0333333350718021
mc,1.06,B09,B09B,.0333333350718021
da,1.06,G05,G05G,.0333333350718021
uk,1.03,B33,B33Y,.0333333350718021
vy,3.02,F01,F01N,.0333333350718021
tm,3.01,B02,B02C,.0333333350718021
ra,2.11,C13,C13B,.0333333350718021
ct,9,H02,H02M,.0333333350718021
ve,3.02,G21,G21K,.0333333350718021
km,1.06,A62,A62C,.0333333350718021
dx,3.01,G01,G01Q,.0333333350718021
iu,2.03,A41,A41G,.0333333350718021
yq,5.07,A61,A61G,.0333333350718021
ae,4.05,H02,H02P,.0333333350718021
hy,1.06,F01,F01N,.0333333350718021
bi,6.01,B29,B29D,.0333333350718021
er,1.02,C07,C07F,.0333333350718021
jm,5.04,H03,H03F,.0333333350718021
hf,6.03,A23,A23J,.0333333350718021
vx,5.01,B26,B26B,.0333333350718021
bf,5.04,H01,H01H,.0333333350718021
ht,1.06,D06,D06P,.0333333350718021
cq,1.06,F01,F01M,.0333333350718021
sd,3.02,A62,A62C,.0333333350718021
up,1.03,F02,F02M,.0333333350718021
bm,5.07,B29,B29D,.0333333350718021
um,3.01,E05,E05D,.0333333350718021
li,3.02,G21,G21K,.0333333350718021
rb,2.02,B33,B33Y,.0333333350718021
yr,2.01,B63,B63C,.0333333350718021
wu,5.04,A62,A62C,.0333333350718021
pn,1.01,D05,D05B,.0333333350718021
um,3.01,B26,B26B,.0333333350718021
pu,2.03,G21,G21G,.0333333350718021
pu,2.03,B33,B33Y,.0333333350718021
iy,1.06,C09,C09B,.0333333350718021
ai,2.03,B28,B28B,.0333333350718021
ae,4.05,B03,B03C,.0333333350718021
dr,1.06,F15,F15B,.0333333350718021
ot,6.02,E03,E03F,.0333333350718021
yg,6.04,G09,G09B,.0333333350718021
da,1.06,F17,F17C,.0333333350718021
jb,5.07,E03,E03F,.0333333350718021
bu,1.03,F02,F02B,.0333333350718021
ih,2.07,G21,G21H,.0333333350718021
ev,1.02,B28,B28B,.0333333350718021
fa,2.01,F01,F01N,.0333333350718021
ry,2.03,C10,C10C,.0333333350718021
vy,3.02,B66,B66F,.0333333350718021
da,1.06,F25,F25C,.0333333350718021
qg,2.05,G09,G09B,.0333333350718021
ha,5.03,E03,E03F,.0333333350718021
oe,5.06,B29,B29D,.0333333350718021
er,1.02,F04,F04B,.0333333350718021
wc,3.03,C05,C05F,.0333333350718021
ro,1.07,E05,E05D,.0333333350718021
op,3.03,G11,G11C,.0333333350718021
et,1.02,B66,B66F,.0333333350718021
rb,2.02,G07,G07G,.0333333350718021
ig,2.06,F01,F01M,.0333333350718021
rq,1.06,E03,E03F,.0333333350718021
aq,3.02,C08,C08F,.0333333350718021
ki,3.02,F28,F28D,.0333333350718021
zr,1.05,A41,A41G,.0333333350718021
ye,2.02,B43,B43L,.0333333350718021
qq,1.05,A01,A01B,.0333333350718021
ct,9,A23,A23G,.0333333350718021
my,5.01,C05,C05F,.0333333350718021
ut,6.02,G10,G10L,.0333333350718021
su,3.02,H02,H02J,.0333333350718021
bv,5.01,B42,B42D,.0333333350718021
ae,4.05,A61,A61M,.0333333350718021
wf,1.06,F01,F01N,.0333333350718021
im,2.01,A41,A41G,.0333333350718021
kv,1.05,G07,G07C,.0333333350718021
ah,4.01,C23,C23F,.0333333350718021
xw,3.03,C25,C25D,.0333333350718021
ui,1.03,D06,D06B,.0333333350718021
lj,3.02,A63,A63F,.0333333350718021
qq,1.05,G01,G01Q,.0333333350718021
jy,4.05,C23,C23G,.0333333350718021
yr,2.01,H02,H02N,.0333333350718021
ur,1.01,H01,H01C,.0333333350718021
gm,3.03,G06,G06N,.0333333350718021
zr,1.05,A24,A24B,.0333333350718021
ja,1.05,G07,G07G,.0333333350718021
cu,1.06,A01,A01F,.0333333350718021
ig,2.06,B66,B66F,.0333333350718021
xq,2.11,C05,C05D,.0333333350718021
wc,3.03,C25,C25D,.0333333350718021
ye,2.02,G09,G09D,.0333333350718021
cq,1.06,A01,A01F,.0333333350718021
op,3.03,C02,C02F,.0333333350718021
hq,1.04,A23,A23P,.0335940569639206
qf,9,C06,C06B,.0336438929662108
sr,2.07,B01,B01F,.0337097684387118
qa,3.01,H01,H01P,.0337164755910635
zc,4.03,B66,B66C,.0337837846018374
ea,1.04,B66,B66C,.0337837846018374
kv,1.05,C25,C25B,.033799534663558
up,1.03,F17,F17C,.0338135724887252
ff,3.02,C22,C22F,.0338732153177261
ds,3.02,C22,C22F,.0338732153177261
pn,1.01,D05,D05C,.0338983051478863
ba,3.02,C08,C08H,.0338983051478863
pn,1.01,G21,G21K,.0339105343446136
we,3.02,A62,A62D,.0339437667280436
qf,9,A44,A44C,.0339912287890911
hy,1.06,C11,C11D,.0340056279674172
uh,1.03,G05,G05F,.0340294833295047
ur,1.01,A01,A01H,.03406772762537
ni,3.01,F25,F25D,.0340909101068974
eq,3.01,A24,A24D,.0340909101068974
ja,1.05,B01,B01B,.0340909101068974
pe,5.02,H01,H01G,.0341005977243185
ay,3.01,B04,B04B,.034119226038456
vy,3.02,G06,G06E,.0342532470822334
ht,1.06,G01,G01C,.0343137257732451
ac,2.02,E06,E06B,.0343137262389064
xe,4.01,B23,B23K,.0344129558652639
um,3.01,E03,E03B,.0344173442572355
uh,1.03,F02,F02G,.0344202904962003
ze,1.06,C09,C09B,.0344444448128343
td,3.02,C08,C08B,.0344827584922314
uy,1.04,F41,F41B,.0344827584922314
py,3.02,C13,C13K,.0344827584922314
bp,6.04,B66,B66C,.0344827584922314
yg,6.04,H01,H01P,.0344827584922314
dx,3.01,B27,B27K,.0344827584922314
ps,5.04,G03,G03F,.0344827584922314
cu,1.06,F17,F17C,.0344827584922314
pf,6.02,H04,H04M,.0344827584922314
ou,1.06,A61,A61M,.0344827584922314
xw,3.03,H02,H02N,.0344827584922314
gc,1.05,B28,B28D,.0344827584922314
ev,1.02,A23,A23K,.0345312856370583
rb,2.02,C25,C25D,.034539473708719
sd,3.02,A61,A61C,.0345804989337921
qf,9,B23,B23H,.0347332023084164
sr,2.07,H04,H04S,.0348039222881198
tc,3.02,H02,H02K,.0348837208002806
dt,2.03,G01,G01H,.0348860658705235
qk,6.01,C12,C12Y,.0349781606346369
ig,2.06,F02,F02P,.0350241549313068
um,3.01,H01,H01P,.0350724644958973
tm,3.01,B29,B29D,.0350729525089264
rx,3.02,H05,H05K,.0350877195596695
ae,4.05,B27,B27K,.0350877195596695
dr,1.06,B03,B03B,.0350961538497359
vs,5.01,A61,A61F,.035098522901535
zq,2.07,B01,B01L,.0351140452548862
km,1.06,B81,B81B,.0353340357542038
eu,2.02,C07,C07J,.0353535357862711
oy,9,C07,C07J,.0353535357862711
ot,6.02,C07,C07J,.0353535357862711
uf,1.03,C08,C08B,.0354700856842101
ct,9,C08,C08K,.0355072480160743
sa,3.03,Y02,Y02P,.0357142859138548
ih,2.07,E21,E21F,.0357142863795161
vs,5.01,F21,F21V,.0357142873108387
un,1.03,G03,G03H,.0357142873108387
co,1.06,G01,G01H,.0357142873108387
lq,3.03,B64,B64F,.0357142873108387
bv,5.01,C12,C12R,.0357142873108387
hl,3.03,B60,B60R,.0357142873108387
ec,1.04,G06,G06G,.0357142873108387
ga,3.02,B22,B22F,.0357142873108387
ew,1.02,C25,C25F,.0357142873108387
oo,3.03,G02,G02F,.0357142873108387
qq,1.05,F24,F24S,.0357142873108387
pu,2.03,B60,B60Q,.0357142873108387
hq,1.04,F04,F04C,.0357142873108387
ur,1.01,A63,A63B,.0357142873108387
io,2.07,C13,C13K,.0357142873108387
bm,5.07,G16,G16H,.0357142873108387
gc,1.05,F24,F24S,.0357142873108387
dk,5.02,F25,F25C,.0357142873108387
uh,1.03,G04,G04B,.0357142873108387
aa,1.03,G03,G03C,.0357142873108387
yo,3.01,C25,C25B,.0357142873108387
en,9,C07,C07C,.0357142873108387
zq,2.07,F16,F16C,.0357142873108387
cq,1.06,H05,H05G,.0357142873108387
zq,2.07,H04,H04J,.0357142873108387
yo,3.01,E02,E02B,.0357142873108387
si,1.05,G03,G03H,.0357142873108387
dt,2.03,B60,B60Q,.0357142873108387
li,3.02,A23,A23B,.0357142873108387
mc,1.06,G04,G04G,.0357142873108387
jo,5.04,B82,B82Y,.0357142873108387
cq,1.06,B61,B61L,.0357142873108387
hf,6.03,B44,B44C,.0357142873108387
yq,5.07,F02,F02C,.0357142873108387
my,5.01,G01,G01P,.0357142873108387
mr,6.01,G01,G01S,.0357142873108387
ig,2.06,C22,C22B,.0357142873108387
hb,5.03,C10,C10L,.0357142873108387
up,1.03,G10,G10L,.0357142873108387
qf,9,G04,G04B,.0357142873108387
ui,1.03,D02,D02G,.0357142873108387
mw,5.09,F04,F04F,.0357142873108387
ay,3.01,A01,A01M,.0357142873108387
cl,9,B62,B62D,.0357142873108387
xw,3.03,C11,C11D,.0357142873108387
uf,1.03,F24,F24S,.0357142873108387
nn,3.03,B22,B22F,.0357142873108387
ik,2.11,A62,A62D,.0357142873108387
cl,9,F16,F16H,.0357142873108387
hf,6.03,H01,H01Q,.0357142873108387
wv,3.03,B44,B44C,.0357142873108387
gc,1.05,G03,G03H,.0357142873108387
pt,3.03,G04,G04G,.0357142873108387
qe,2.09,C06,C06B,.0357142873108387
il,2.07,C09,C09D,.0357142873108387
qf,9,B02,B02C,.0357142873108387
un,1.03,F28,F28C,.0357142873108387
oo,3.03,B44,B44C,.0357142873108387
dr,1.06,H05,H05G,.0357142873108387
re,1.05,H04,H04J,.0357142873108387
ky,1.05,H01,H01H,.0357142873108387
ne,3.03,A45,A45F,.0357142873108387
qf,9,B44,B44C,.0357142873108387
bf,5.04,F01,F01N,.0357142873108387
ep,1.02,A62,A62D,.0357142873108387
oo,3.03,H01,H01Q,.0357142873108387
en,9,F01,F01N,.0357142873108387
ac,2.02,B26,B26F,.0357142873108387
pt,3.03,C22,C22B,.0357142873108387
hl,3.03,B64,B64F,.0357142873108387
bk,6.04,B08,B08B,.0357142873108387
ps,5.04,G11,G11C,.0357142873108387
ni,3.01,B22,B22F,.0357142873108387
eq,3.01,G01,G01P,.0357142873108387
ah,4.01,F04,F04F,.0357142873108387
ya,3.02,F17,F17D,.0357142873108387
ou,1.06,C09,C09C,.0357142873108387
ds,3.02,F17,F17D,.0357142873108387
co,1.06,H03,H03D,.0357142873108387
et,1.02,C25,C25F,.0357142873108387
aa,1.03,B62,B62D,.0357142873108387
nm,5.02,A43,A43B,.0357142873108387
ml,9,B64,B64F,.0357142873108387
up,1.03,F26,F26B,.0357142873108387
ji,5.01,F16,F16H,.0357142873108387
un,1.03,B26,B26F,.0357142873108387
ox,6.02,D06,D06M,.0357142873108387
io,2.07,C09,C09D,.0357142873108387
re,1.05,F16,F16C,.0357142873108387
yq,5.07,B64,B64C,.0357142873108387
oi,3.02,H01,H01J,.0357142873108387
wv,3.03,H01,H01Q,.0357142873108387
mu,4.01,A61,A61F,.0357142873108387
ur,1.01,D06,D06M,.0357142873108387
up,1.03,F21,F21K,.0357142873108387
uh,1.03,B26,B26F,.0357142873108387
um,3.01,B63,B63G,.0357142873108387
db,2.08,H03,H03B,.0357142873108387
wc,3.03,C10,C10L,.0357142873108387
xy,1.01,G08,G08C,.0357142873108387
fu,5.04,G01,G01T,.0357142873108387
dq,9,H03,H03D,.0357142873108387
uq,5.07,G16,G16H,.0357142873108387
uk,1.03,B26,B26F,.0357142873108387
vm,5.06,C08,C08B,.0357142873108387
sy,1.03,F04,F04F,.0357142873108387
un,1.03,F17,F17D,.0357142873108387
ps,5.04,F21,F21V,.0357142873108387
wv,3.03,G02,G02F,.0357142873108387
hi,5.01,G01,G01P,.0357142873108387
hy,1.06,A61,A61H,.0357368760742247
qj,2.05,A23,A23K,.0357420360669494
oi,3.02,C07,C07F,.0358265885151923
ue,2.11,A61,A61Q,.0360360369086266
co,1.06,F16,F16P,.0360360369086266
ea,1.04,F16,F16P,.0360360369086266
ip,2.07,G11,G11C,.0360606070607901
km,1.06,H03,H03G,.036062378436327
ns,2.01,C12,C12H,.036363635212183
ec,1.04,H03,H03D,.036363635212183
aq,3.02,F04,F04B,.036458333954215
id,2.07,B02,B02B,.036458333954215
km,1.06,F02,F02C,.0364583341870457
za,3.02,F02,F02C,.0364583344198763
mc,1.06,G10,G10K,.0365546219982207
ml,9,B81,B81C,.0365853644907475
py,3.02,B81,B81C,.0365853644907475
dq,9,G02,G02C,.0367132876999676
sr,2.07,A61,A61Q,.036786787211895
cl,9,A61,A61D,.036890646442771
qa,3.01,Y02,Y02P,.0369047622662038
yp,3.02,H01,H01F,.0369047624990344
ct,9,A23,A23K,.0369281051680446
rb,2.02,F25,F25B,.0369565235450864
uq,5.07,A01,A01H,.0369971264153719
py,3.02,B67,B67B,.0370370373129845
xe,4.01,G01,G01G,.0370370373129845
rx,3.02,G21,G21G,.0370370373129845
yo,3.01,C13,C13K,.0370370373129845
pw,2.06,H02,H02N,.0370370373129845
ei,1.04,D01,D01C,.0370370373129845
zr,1.05,C10,C10J,.0370370373129845
zq,2.07,C07,C07B,.0370370373129845
dr,1.06,A01,A01J,.0370370373129845
er,1.02,H05,H05H,.0370370373129845
ip,2.07,A45,A45D,.0370370373129845
fa,2.01,H01,H01B,.0370370373129845
po,1.01,F03,F03H,.0370370373129845
cq,1.06,A22,A22B,.0370370373129845
ji,5.01,B60,B60T,.0370370373129845
ni,3.01,G10,G10K,.0370370373129845
hi,5.01,E04,E04F,.0370370373129845
ou,1.06,D06,D06M,.0370370373129845
ni,3.01,E01,E01C,.0370370373129845
iq,2.02,C01,C01D,.0370370373129845
ku,5.07,B64,B64G,.0370370373129845
dq,9,D06,D06M,.0370370373129845
vs,5.01,G04,G04F,.0370370373129845
ur,1.01,B09,B09C,.0370370373129845
un,1.03,B60,B60L,.0370370373129845
yy,5.07,G02,G02F,.0370370373129845
pw,2.06,G02,G02F,.0370370373129845
rz,3.03,A22,A22B,.0370370373129845
ui,1.03,D01,D01C,.0370370373129845
py,3.02,A22,A22B,.0370370373129845
xy,1.01,G07,G07G,.0370370373129845
ia,3.02,C13,C13K,.0370370373129845
af,4.05,A01,A01D,.0370370373129845
pe,5.02,H02,H02N,.0370370373129845
ik,2.11,G21,G21F,.0370370373129845
ew,1.02,F28,F28C,.0370370373129845
pd,6.02,C07,C07H,.0370370373129845
uq,5.07,C10,C10L,.0370370373129845
eu,2.02,C11,C11D,.0370370373129845
da,1.06,A62,A62B,.0370370373129845
vs,5.01,E04,E04F,.0370370373129845
ou,1.06,G05,G05D,.0370370373129845
za,3.02,A22,A22B,.0370370373129845
sa,3.03,F02,F02M,.0370370373129845
tm,3.01,G10,G10K,.0370370373129845
um,3.01,A22,A22B,.0370370373129845
ps,5.04,G08,G08B,.0370370373129845
sr,2.07,G21,G21B,.0370370373129845
uf,1.03,A23,A23C,.0370370373129845
po,1.01,B09,B09C,.0370370373129845
gy,5.02,B61,B61C,.0370370373129845
hi,5.01,G05,G05F,.0370370373129845
wq,5.01,G04,G04F,.0370370373129845
op,3.03,C07,C07B,.0370370373129845
ia,3.02,B67,B67B,.0370370373129845
te,1.05,B63,B63B,.0370370373129845
ht,1.06,G03,G03C,.0370370373129845
qa,3.01,G04,G04F,.0370370373129845
tu,3.01,B67,B67B,.0370370373129845
te,1.05,G08,G08G,.0370370373129845
pk,2.05,C07,C07G,.0370370373129845
lq,3.03,D02,D02G,.0370370373129845
hl,3.03,D02,D02G,.0370370373129845
ry,2.03,A22,A22C,.0370370373129845
re,1.05,G09,G09F,.0370370373129845
ev,1.02,F28,F28C,.0370370373129845
mc,1.06,G07,G07G,.0370370373129845
ma,3.02,G03,G03H,.0370370373129845
xe,4.01,G01,G01T,.0370370373129845
ba,3.02,C12,C12M,.0370370373129845
bk,6.04,C13,C13K,.0370370373129845
or,5.09,A61,A61M,.0370370373129845
we,3.02,D06,D06M,.0370370373129845
qu,1.06,E01,E01C,.0370370373129845
yr,2.01,B66,B66F,.0370370373129845
km,1.06,B66,B66C,.0371621630620211
rt,3.02,C30,C30B,.0372607344761491
ml,9,A01,A01K,.0373482732102275
tm,3.01,F15,F15C,.0373495863750577
dx,3.01,B26,B26D,.0374193554744124
yo,3.01,B26,B26D,.0374193554744124
xw,3.03,C12,C12Y,.037426901049912
ep,1.02,F41,F41B,.0375000005587935
hy,1.06,B09,B09C,.037612147629261
zm,1.06,A61,A61J,.0376623384654522
xw,3.03,G03,G03H,.0377358496189117
xw,3.03,G02,G02C,.0377702373079956
oa,2.11,C12,C12Y,.0378218714613467
pu,2.03,A45,A45F,.0380549691617489
fi,1.04,B08,B08B,.0381944449618459
po,1.01,C12,C12P,.0381944449618459
ku,5.07,B09,B09C,.0381944449618459
zq,2.07,F41,F41A,.0383022781461477
oa,2.11,B60,B60D,.0384615398943424
dk,5.02,B22,B22F,.0384615398943424
rp,6.04,G07,G07D,.0384615398943424
tu,3.01,A44,A44C,.0384615398943424
li,3.02,A44,A44C,.0384615398943424
eu,2.02,A41,A41D,.0384615398943424
my,5.01,C08,C08B,.0384615398943424
ip,2.07,G01,G01Q,.0384615398943424
il,2.07,H04,H04S,.0384615398943424
yu,3.03,C10,C10L,.0384615398943424
oi,3.02,G10,G10L,.0384615398943424
uh,1.03,B65,B65H,.0384615398943424
jm,5.04,A61,A61L,.0384615398943424
ra,2.11,A23,A23D,.0384615398943424
ji,5.01,F16,F16F,.0384615398943424
dr,1.06,A44,A44C,.0384615398943424
jy,4.05,F02,F02C,.0384615398943424
hb,5.03,D06,D06P,.0384615398943424
yg,6.04,B81,B81C,.0384615398943424
kv,1.05,C12,C12R,.0384615398943424
pa,6.02,C11,C11C,.0384615398943424
fa,2.01,B60,B60C,.0384615398943424
lj,3.02,B01,B01L,.0384615398943424
di,5.02,C12,C12R,.0384615398943424
ht,1.06,E21,E21B,.0384615398943424
mm,6.01,D06,D06M,.0384615398943424
cq,1.06,B23,B23P,.0384615398943424
ds,3.02,B28,B28B,.0384615398943424
oi,3.02,C23,C23C,.0384615398943424
zk,9,G07,G07D,.0384615398943424
zd,9,C12,C12F,.0384615398943424
ia,3.02,C12,C12F,.0384615398943424
uu,5.06,G21,G21C,.0384615398943424
vm,5.06,G01,G01C,.0384615398943424
ga,3.02,C12,C12F,.0384615398943424
qj,2.05,G08,G08B,.0384615398943424
ee,1.04,F16,F16K,.0384615398943424
fa,2.01,B24,B24D,.0384615398943424
cl,9,C12,C12R,.0384615398943424
qf,9,D04,D04B,.0384615398943424
zm,1.06,B41,B41J,.0384615398943424
eu,2.02,G07,G07D,.0384615398943424
uk,1.03,B61,B61B,.0384615398943424
dk,5.02,A21,A21D,.0384615398943424
sy,1.03,A24,A24B,.0384615398943424
ro,1.07,C12,C12F,.0384615398943424
zq,2.07,B24,B24D,.0384615398943424
ku,5.07,C07,C07H,.0384615398943424
vp,3.03,C08,C08L,.0384615398943424
pn,1.01,C07,C07J,.0384615398943424
vs,5.01,A23,A23D,.0384615398943424
ze,1.06,A47,A47B,.0384615398943424
ig,2.06,C11,C11B,.0384615398943424
ih,2.07,A61,A61J,.0384615398943424
ql,9,A01,A01N,.0384615398943424
ju,4.01,G01,G01J,.0384615398943424
da,1.06,H03,H03L,.0384615398943424
tq,3.02,G21,G21C,.0384615398943424
zr,1.05,G01,G01K,.0384615398943424
km,1.06,Y02,Y02A,.0385106857866049
pc,5.02,C11,C11C,.0385154066607356
bd,1.06,C23,C23C,.0386029412038624
ps,5.04,B82,B82Y,.0386365039739758
ka,4.01,C03,C03B,.0386904776096344
hy,1.06,C13,C13B,.0386904776096344
wf,1.06,C13,C13B,.0386904776096344
et,1.02,B25,B25F,.0387715306133032
hl,3.03,B25,B25F,.0387715306133032
dq,9,B25,B25F,.0387715306133032
vy,3.02,B25,B25F,.0387715306133032
xw,3.03,B25,B25F,.0387715306133032
ub,1.03,Y02,Y02A,.0387931033037603
vm,5.06,G10,G10L,.0388157898560166
ix,2.07,C22,C22C,.0388157898560166
wh,3.02,C11,C11D,.0389400937128812
dx,3.01,A47,A47J,.0389743596315384
ou,1.06,C10,C10L,.0390625
uk,1.03,A23,A23N,.0390625009313226
ew,1.02,C07,C07B,.0391363026574254
re,1.05,A23,A23G,.0391865083947778
ou,1.06,H04,H04B,.0392156876623631
pn,1.01,B07,B07B,.0392156876623631
tm,3.01,F28,F28D,.0392156876623631
ni,3.01,F28,F28D,.0392156876623631
ki,3.02,F21,F21K,.0392156876623631
ec,1.04,G01,G01W,.0392156876623631
rx,3.02,G01,G01D,.0392156876623631
tm,3.01,Y02,Y02A,.0392996813170612
jy,4.05,F15,F15D,.0393483713269234
vy,3.02,H04,H04K,.0394736845046282
wh,3.02,D01,D01D,.0394736845046282
tm,3.01,F42,F42B,.0394736845046282
qq,1.05,G16,G16H,.0395061732269824
ru,3.01,H01,H01F,.0395160405896604
ur,1.01,B82,B82B,.0395833337679505
xq,2.11,A01,A01C,.0397245762869716
hq,1.04,A21,A21D,.0398268410935998
ay,3.01,C09,C09K,.0398728968575597
rq,1.06,C11,C11C,.0399999991059303
io,2.07,F17,F17C,.0399999991059303
vm,5.06,C10,C10J,.0399999991059303
ji,5.01,H01,H01B,.0399999991059303
cu,1.06,B60,B60W,.0399999991059303
mm,6.01,C10,C10J,.0399999991059303
ou,1.06,C11,C11D,.0399999991059303
ma,3.02,B29,B29B,.0399999991059303
ui,1.03,D02,D02J,.0399999991059303
qf,9,B27,B27K,.0399999991059303
ds,3.02,B22,B22F,.0399999991059303
if,2.11,C01,C01C,.0399999991059303
bk,6.04,A41,A41D,.0399999991059303
za,3.02,B29,B29B,.0399999991059303
bq,6.05,B62,B62J,.0399999991059303
tc,3.02,A22,A22C,.0399999991059303
sr,2.07,F23,F23N,.0399999991059303
ia,3.02,B29,B29B,.0399999991059303
fa,2.01,A41,A41D,.0399999991059303
tu,3.01,B60,B60W,.0399999991059303
qg,2.05,B27,B27K,.0399999991059303
oe,5.06,B09,B09C,.0399999991059303
az,3.02,H01,H01J,.0399999991059303
ix,2.07,F17,F17C,.0399999991059303
ua,6.03,A61,A61H,.0399999991059303
il,2.07,F02,F02M,.0399999991059303
ky,1.05,G09,G09G,.0399999991059303
mu,4.01,C09,C09B,.0399999991059303
wy,5.04,A23,A23K,.0399999991059303
mw,5.09,C12,C12P,.0400219298899174
oo,3.03,C12,C12P,.0400326801463962
ue,2.11,F42,F42D,.0400641039013863
sr,2.07,F42,F42D,.0400641039013863
uk,1.03,A23,A23D,.0401515159755945
un,1.03,C07,C07G,.0401785732246935
pu,2.03,C07,C07G,.0401785732246935
ec,1.04,C08,C08H,.040271133184433
hq,1.04,H03,H03D,.0403409088030457
up,1.03,H04,H04W,.0403469083830714
oa,2.11,C10,C10J,.0403755875304341
rt,3.02,C01,C01G,.0404040412977338
mc,1.06,G06,G06G,.0404820274561644
ni,3.01,E03,E03B,.0405149050056934
ti,9,A61,A61F,.0405219797976315
pw,2.06,B66,B66C,.0405405415222049
ra,2.11,B04,B04B,.0405405415222049
db,2.08,F16,F16P,.0405405415222049
uu,5.06,C40,C40B,.0405405415222049
ij,2.11,C11,C11C,.0405578906647861
bf,5.04,H03,H03F,.0405797120183706
pq,1.01,G05,G05G,.0405844170600176
yq,5.07,C12,C12P,.040761292912066
jy,4.05,G01,G01H,.0408333335071802
mc,1.06,H03,H03G,.040884354384616
ij,2.11,A62,A62D,.0409090928733349
km,1.06,B25,B25F,.0409159166738391
db,2.08,B25,B25F,.0409159166738391
ia,3.02,B03,B03C,.0412092823535204
ah,4.01,A61,A61N,.041226087603718
oo,3.03,C07,C07F,.0412499997764826
wv,3.03,C07,C07F,.0412499997764826
hl,3.03,H01,H01P,.0412500007078052
ip,2.07,C40,C40B,.0414529931731522
oz,6.02,C40,C40B,.0415775413857773
tu,3.01,E03,E03B,.0415989151224494
gc,1.05,G21,G21B,.0416666669771075
ik,2.11,B28,B28C,.0416666669771075
im,2.01,F23,F23M,.0416666669771075
pt,3.03,C07,C07F,.0416666669771075
cu,1.06,A22,A22C,.0416666669771075
yo,3.01,F26,F26B,.0416666669771075
wf,1.06,C08,C08H,.0416666669771075
qe,2.09,B21,B21J,.0416666669771075
ev,1.02,B04,B04C,.0416666679084301
bu,1.03,H03,H03L,.0416666679084301
cl,9,A01,A01D,.0416666679084301
ji,5.01,B23,B23D,.0416666679084301
cn,5.01,F23,F23C,.0416666679084301
yu,3.03,C09,C09C,.0416666679084301
lq,3.03,C07,C07B,.0416666679084301
rx,3.02,B60,B60C,.0416666679084301
ff,3.02,C23,C23C,.0416666679084301
qj,2.05,B09,B09C,.0416666679084301
tc,3.02,G05,G05D,.0416666679084301
ur,1.01,A61,A61H,.0416666679084301
sr,2.07,C30,C30B,.0416666679084301
lj,3.02,G01,G01J,.0416666679084301
ns,2.01,D04,D04B,.0416666679084301
pk,2.05,B63,B63H,.0416666679084301
rb,2.02,C03,C03C,.0416666679084301
si,1.05,A23,A23D,.0416666679084301
iq,2.02,C10,C10K,.0416666679084301
ni,3.01,A44,A44C,.0416666679084301
tc,3.02,F03,F03G,.0416666679084301
ec,1.04,C12,C12G,.0416666679084301
ht,1.06,H05,H05B,.0416666679084301
dt,2.03,E04,E04F,.0416666679084301
rt,3.02,B60,B60C,.0416666679084301
eu,2.02,F15,F15C,.0416666679084301
nq,5.01,G21,G21C,.0416666679084301
cl,9,C09,C09G,.0416666679084301
vi,5.01,C08,C08B,.0416666679084301
li,3.02,G01,G01V,.0416666679084301
dr,1.06,A42,A42B,.0416666679084301
wc,3.03,B03,B03C,.0416666679084301
ru,3.01,C12,C12G,.0416666679084301
bu,1.03,B05,B05D,.0416666679084301
ex,1.02,B41,B41C,.0416666679084301
su,3.02,C30,C30B,.0416666679084301
ht,1.06,G09,G09G,.0416666679084301
hq,1.04,A62,A62B,.0416666679084301
eu,2.02,G01,G01P,.0416666679084301
il,2.07,A23,A23D,.0416666679084301
yy,5.07,G01,G01V,.0416666679084301
qe,2.09,C05,C05C,.0416666679084301
zq,2.07,F02,F02M,.0416666679084301
af,4.05,B01,B01F,.0416666679084301
ga,3.02,A23,A23J,.0416666679084301
my,5.01,G07,G07C,.0416666679084301
wu,5.04,B41,B41C,.0416666679084301
hi,5.01,B41,B41F,.0416666679084301
yr,2.01,A47,A47F,.0416666679084301
ps,5.04,B64,B64C,.0416666679084301
mc,1.06,C08,C08K,.0416666679084301
eq,3.01,H01,H01R,.0416666679084301
nm,5.02,H01,H01Q,.0416666679084301
pm,2.05,Y02,Y02E,.0416666679084301
sr,2.07,F04,F04D,.0416666679084301
ns,2.01,G10,G10H,.0416666679084301
im,2.01,H02,H02S,.0416666679084301
ip,2.07,C21,C21C,.0416666679084301
le,1.05,F01,F01N,.0416666679084301
wv,3.03,B61,B61L,.0416666679084301
sa,3.03,G08,G08B,.0416666679084301
if,2.11,C10,C10K,.0416666679084301
il,2.07,G10,G10L,.0416666679084301
rx,3.02,C04,C04B,.0416666679084301
io,2.07,A23,A23D,.0416666679084301
pa,6.02,H02,H02S,.0416666679084301
xy,1.01,F23,F23M,.0416666679084301
oo,3.03,C08,C08J,.0416666679084301
hy,1.06,D06,D06Q,.0416666679084301
mr,6.01,H03,H03M,.0416666679084301
zq,2.07,A23,A23K,.0416666679084301
ht,1.06,F03,F03G,.0416666679084301
ma,3.02,A44,A44C,.0416666679084301
hy,1.06,B65,B65G,.0416666679084301
hi,5.01,G05,G05D,.0416666679084301
um,3.01,F23,F23C,.0416666679084301
ml,9,C30,C30B,.0416666679084301
xe,4.01,A24,A24B,.0416666679084301
ea,1.04,C10,C10K,.0416666679084301
uk,1.03,F16,F16G,.0416666679084301
id,2.07,D06,D06L,.0416666679084301
pc,5.02,C05,C05F,.0416666679084301
js,6.04,C30,C30B,.0416666679084301
ni,3.01,C13,C13B,.0416666679084301
ry,2.03,C06,C06D,.0416666679084301
ig,2.06,H01,H01T,.0416666679084301
ga,3.02,A47,A47L,.0416666679084301
af,4.05,B27,B27N,.0416666679084301
pe,5.02,A01,A01B,.0416666679084301
di,5.02,C05,C05F,.0416666679084301
rq,1.06,A23,A23J,.0416666679084301
ds,3.02,C09,C09J,.0416666679084301
zq,2.07,H03,H03H,.0416666679084301
dy,1.04,G05,G05G,.0416666679084301
co,1.06,B02,B02B,.0416666679084301
tq,3.02,H03,H03L,.0416666679084301
ou,1.06,F24,F24F,.0416666679084301
ep,1.02,F17,F17D,.0416666679084301
pk,2.05,A61,A61H,.0416666679084301
rb,2.02,B03,B03B,.0416666679084301
am,4.01,F25,F25B,.0416666679084301
ry,2.03,B41,B41C,.0416666679084301
zq,2.07,B41,B41C,.0416666679084301
he,5.03,C09,C09G,.0416666679084301
uq,5.07,G01,G01V,.0416666679084301
ru,3.01,F23,F23C,.0416666679084301
or,5.09,A61,A61H,.0416666679084301
aa,1.03,C07,C07G,.0416666679084301
qh,2.05,G08,G08C,.0416666679084301
yr,2.01,B60,B60M,.0416666679084301
mw,5.09,G01,G01P,.0416666679084301
sr,2.07,F01,F01D,.0416666679084301
ip,2.07,G21,G21C,.0416666679084301
ea,1.04,D06,D06L,.0416666679084301
nn,3.03,G01,G01D,.0416666679084301
bd,1.06,G01,G01L,.0416666679084301
yy,5.07,H04,H04R,.0416666679084301
bu,1.03,F23,F23M,.0416666679084301
nn,3.03,C13,C13B,.0416666679084301
pc,5.02,H03,H03C,.0416666679084301
ji,5.01,G10,G10G,.0416666679084301
ye,2.02,A46,A46B,.0416666679084301
qe,2.09,H01,H01T,.0416666679084301
if,2.11,A23,A23D,.0416666679084301
ix,2.07,G07,G07D,.0416666679084301
qq,1.05,E03,E03F,.0416666679084301
nq,5.01,G01,G01P,.0416666679084301
id,2.07,B27,B27N,.0416666679084301
pn,1.01,B62,B62K,.0416666679084301
im,2.01,A23,A23D,.0416666679084301
dt,2.03,H03,H03B,.0416666679084301
hi,5.01,G07,G07C,.0416666679084301
qa,3.01,C09,C09C,.0416666679084301
um,3.01,B24,B24B,.0416666679084301
um,3.01,H02,H02H,.0416666679084301
ky,1.05,C12,C12R,.0416666679084301
ee,1.04,H02,H02P,.0416666679084301
pc,5.02,C25,C25D,.0416666679084301
ix,2.07,A23,A23K,.0416666679084301
pd,6.02,A61,A61F,.0416666679084301
ps,5.04,G02,G02F,.0416666679084301
ni,3.01,B27,B27K,.0416666679084301
er,1.02,G10,G10G,.0416666679084301
dw,1.04,A45,A45C,.0416666679084301
un,1.03,D06,D06P,.0416666679084301
uk,1.03,C07,C07J,.0416666679084301
re,1.05,H03,H03H,.0416666679084301
ds,3.02,H05,H05H,.0416666679084301
hl,3.03,B61,B61L,.0416666679084301
jo,5.04,B01,B01J,.0416666679084301
oy,9,F15,F15C,.0416666679084301
ve,3.02,F23,F23N,.0416666679084301
er,1.02,F16,F16D,.0416666679084301
wc,3.03,C09,C09G,.0416666679084301
yq,5.07,H04,H04S,.0416666679084301
dw,1.04,G01,G01H,.0416666679084301
oo,3.03,B61,B61L,.0416666679084301
ku,5.07,H04,H04R,.0416666679084301
te,1.05,B63,B63G,.0416666679084301
ik,2.11,F17,F17D,.0416666679084301
er,1.02,F16,F16M,.0416666679084301
uq,5.07,H04,H04R,.0416666679084301
ah,4.01,A45,A45C,.0416666679084301
qh,2.05,B03,B03C,.0416666679084301
hf,6.03,D21,D21C,.0416666679084301
cu,1.06,B41,B41N,.0416666679084301
tc,3.02,C30,C30B,.0416666679084301
er,1.02,B28,B28C,.0416666679084301
ip,2.07,C07,C07J,.0416666679084301
wm,5.04,A23,A23D,.0416666679084301
ye,2.02,C07,C07J,.0416666679084301
hf,6.03,B61,B61L,.0416666679084301
qe,2.09,G08,G08B,.0416666679084301
ti,9,G11,G11B,.0416666679084301
uf,1.03,A61,A61H,.0416666679084301
yr,2.01,A46,A46B,.0416666679084301
vy,3.02,C06,C06D,.0416666679084301
zd,9,H05,H05H,.0416666679084301
wu,5.04,H03,H03C,.0416666679084301
dt,2.03,E21,E21C,.0416666679084301
ou,1.06,B09,B09B,.0416666679084301
dr,1.06,B41,B41N,.0416666679084301
ig,2.06,C05,C05C,.0416666679084301
bm,5.07,G07,G07G,.0416666679084301
gu,1.06,F03,F03G,.0416666679084301
pc,5.02,B41,B41C,.0416666679084301
yy,5.07,H03,H03M,.0416666679084301
xe,4.01,A23,A23C,.0416666679084301
xy,1.01,A23,A23G,.0416666679084301
ae,4.05,D06,D06L,.0416666679084301
uy,1.04,Y02,Y02E,.0416666679084301
ot,6.02,C09,C09G,.0416666679084301
tm,3.01,G07,G07C,.0416666679084301
ne,3.03,C06,C06D,.0416666679084301
oe,5.06,G07,G07G,.0416666679084301
er,1.02,F22,F22G,.0416666679084301
da,1.06,H02,H02P,.0416666688397527
zd,9,C01,C01G,.0419580433517694
ev,1.02,B03,B03C,.0420026879291981
rz,3.03,A01,A01K,.0424116430804133
mc,1.06,H04,H04H,.0424242429435253
ff,3.02,C22,C22C,.0424603186547756
ds,3.02,C22,C22C,.0424603186547756
ry,2.03,C08,C08H,.0425438610836864
ei,1.04,H04,H04J,.0425595245324075
oa,2.11,C12,C12H,.0426487103104591
zq,2.07,H03,H03K,.0426587318070233
ra,2.11,C08,C08H,.0426655248738825
zq,2.07,H01,H01P,.0428030313923955
sy,1.03,D02,D02G,.0428571444936097
bd,1.06,F21,F21V,.0428779069334269
tm,3.01,C01,C01G,.0429292940534651
ru,3.01,G07,G07D,.043040294200182
ps,5.04,C01,C01B,.0430555567145348
sr,2.07,C01,C01G,.0430641826242208
lj,3.02,B01,B01J,.0430911695584655
ja,1.05,G01,G01Q,.0431649624370039
ma,3.02,A21,A21D,.0431792731396854
fi,1.04,F15,F15C,.043209875933826
gm,3.03,B65,B65B,.043341709766537
ay,3.01,G02,G02F,.0434472938068211
hi,5.01,A01,A01H,.0434782616794109
le,1.05,H04,H04K,.0434782616794109
de,1.06,C06,C06B,.0434782616794109
wh,3.02,C08,C08L,.0434782616794109
ct,9,A01,A01H,.0434782616794109
pz,2.05,A23,A23F,.0434782616794109
fu,5.04,C08,C08B,.0434782616794109
re,1.05,B08,B08B,.0434782616794109
yy,5.07,C12,C12R,.0434782616794109
xe,4.01,G06,G06N,.0434782616794109
re,1.05,B63,B63G,.0434782616794109
gc,1.05,C08,C08B,.0434782616794109
wq,5.01,C08,C08G,.0434782616794109
pu,2.03,B63,B63G,.0434782616794109
pw,2.06,G21,G21K,.0434782616794109
pd,6.02,G07,G07D,.0434782616794109
ka,4.01,E01,E01F,.0434782616794109
ih,2.07,E01,E01F,.0434782616794109
az,3.02,B03,B03C,.0434782616794109
bq,6.05,A61,A61D,.0434782616794109
su,3.02,H04,H04J,.0434782616794109
ka,4.01,H01,H01H,.0434782616794109
we,3.02,H01,H01H,.0434782616794109
pk,2.05,B03,B03B,.0434782616794109
zk,9,A63,A63B,.0434782616794109
pe,5.02,C07,C07F,.0435606073588133
qh,2.05,C12,C12P,.0435606073588133
qe,2.09,A61,A61D,.0435606073588133
ur,1.01,H02,H02K,.0435729851014912
dt,2.03,G21,G21B,.0436061071231961
sr,2.07,G21,G21K,.0436111111193895
ns,2.01,C12,C12Y,.0436835885047913
im,2.01,H01,H01S,.0437937942333519
ai,2.03,G06,G06E,.0440860232338309
co,1.06,B25,B25F,.0441176472231746
gc,1.05,H02,H02N,.0441176472231746
fi,1.04,G01,G01C,.0442251469939947
er,1.02,A01,A01K,.0443899785168469
vs,5.01,C12,C12Q,.0444444450549781
ht,1.06,B09,B09B,.0444444455206394
dr,1.06,E05,E05D,.0444444455206394
uh,1.03,G01,G01G,.0444444455206394
hq,1.04,Y02,Y02P,.0444444455206394
km,1.06,B09,B09B,.0444444455206394
op,3.03,C40,C40B,.0445166220888495
db,2.08,Y02,Y02P,.0445238100364804
ki,3.02,B60,B60Q,.0445708874613047
ik,2.11,F24,F24F,.0445887455716729
ml,9,A24,A24B,.0446428582072258
vp,3.03,G03,G03F,.0448343083262444
rx,3.02,H01,H01F,.0448717954568565
py,3.02,Y02,Y02A,.0449438206851482
af,4.05,G01,G01N,.0449751233682036
ye,2.02,F15,F15C,.0449999999254942
dt,2.03,B28,B28B,.0449999999254942
et,1.02,F15,F15C,.0449999999254942
le,1.05,C22,C22F,.045019157230854
zq,2.07,A61,A61C,.0450396835803986
re,1.05,A61,A61C,.0450396835803986
id,2.07,A45,A45D,.0451015532016754
rq,1.06,B01,B01L,.0451282067224383
pf,6.02,G01,G01N,.0453130481764674
oo,3.03,A61,A61C,.0454545468091965
ur,1.01,F23,F23R,.0454545468091965
ik,2.11,G07,G07D,.0454545468091965
li,3.02,B30,B30B,.0454545468091965
pc,5.02,D06,D06B,.0454545468091965
ba,3.02,C30,C30B,.0454545468091965
ai,2.03,B25,B25D,.0454545468091965
dr,1.06,C05,C05B,.0454545468091965
ba,3.02,B30,B30B,.0454545468091965
ox,6.02,H03,H03H,.0454545468091965
ia,3.02,H01,H01S,.0454545468091965
cl,9,A46,A46B,.0454545468091965
hq,1.04,A23,A23K,.0454545468091965
eq,3.01,C08,C08B,.0454545468091965
ur,1.01,F04,F04F,.0454545468091965
bm,5.07,G01,G01L,.0454545468091965
zk,9,G05,G05G,.0454545468091965
yy,5.07,G07,G07B,.0454545468091965
ka,4.01,C07,C07B,.0454545468091965
iu,2.03,C10,C10C,.0454545468091965
sd,3.02,A41,A41D,.0454545468091965
rz,3.03,G05,G05G,.0454545468091965
yu,3.03,B25,B25J,.0454545468091965
pt,3.03,B81,B81C,.0454545468091965
vj,5.01,G01,G01Q,.0454545468091965
ml,9,E21,E21B,.0454545468091965
ma,3.02,F02,F02K,.0454545468091965
ep,1.02,F02,F02K,.0454545468091965
di,5.02,D06,D06B,.0454545468091965
zc,4.03,G07,G07B,.0454545468091965
bi,6.01,C07,C07J,.0454545468091965
eo,6.02,B82,B82Y,.0454545468091965
bq,6.05,B21,B21C,.0454545468091965
hl,3.03,D21,D21F,.0454545468091965
pd,6.02,A61,A61N,.0454545468091965
sd,3.02,F02,F02K,.0454545468091965
fy,3.02,A24,A24D,.0454545468091965
ry,2.03,B63,B63J,.0454545468091965
tu,3.01,D02,D02J,.0454545468091965
rz,3.03,C08,C08J,.0454545468091965
vs,5.01,B62,B62D,.0454545468091965
cl,9,B66,B66B,.0454545468091965
ik,2.11,C12,C12H,.0454545468091965
le,1.05,B60,B60K,.0454545468091965
fs,6.04,G21,G21G,.0454545468091965
hi,5.01,D21,D21F,.0454545468091965
ni,3.01,C05,C05B,.0454545468091965
im,2.01,D06,D06B,.0454545468091965
ki,3.02,D06,D06M,.0454545468091965
sd,3.02,C30,C30B,.0454545468091965
ds,3.02,C11,C11C,.0454545468091965
ta,1.06,A23,A23G,.0454545468091965
eq,3.01,A01,A01G,.0454545468091965
jo,5.04,G01,G01K,.0454545468091965
eu,2.02,G07,G07B,.0454545468091965
if,2.11,F21,F21K,.0454545468091965
qu,1.06,G21,G21G,.0454545468091965
wc,3.03,A23,A23C,.0454545468091965
hy,1.06,C02,C02F,.0454545468091965
uh,1.03,F04,F04F,.0454545468091965
im,2.01,F02,F02K,.0454545468091965
kv,1.05,A45,A45F,.0454545468091965
po,1.01,F23,F23R,.0454545468091965
re,1.05,F21,F21K,.0454545468091965
js,6.04,F02,F02K,.0454545468091965
py,3.02,D21,D21F,.0454545468091965
re,1.05,B30,B30B,.0454545468091965
vm,5.06,D21,D21F,.0454545468091965
zr,1.05,G21,G21K,.0454545468091965
nq,5.01,A01,A01B,.0454545468091965
wu,5.04,G01,G01Q,.0454545468091965
qu,1.06,B26,B26D,.0454545468091965
wq,5.01,A23,A23L,.0454545468091965
ye,2.02,C13,C13B,.0454545468091965
wv,3.03,G01,G01K,.0454545468091965
zd,9,B30,B30B,.0454545468091965
ki,3.02,B26,B26B,.0454545468091965
my,5.01,H04,H04H,.0454545468091965
lj,3.02,B30,B30B,.0454545468091965
sd,3.02,H04,H04S,.0454545468091965
qa,3.01,B66,B66C,.0454545468091965
yu,3.03,B60,B60L,.0454545468091965
zq,2.07,B30,B30B,.0454545468091965
qu,1.06,B26,B26B,.0454545468091965
fy,3.02,D02,D02J,.0454545468091965
zq,2.07,F21,F21K,.0454545468091965
eu,2.02,F02,F02C,.0454545468091965
po,1.01,B26,B26B,.0454545468091965
bd,1.06,C22,C22F,.0454545468091965
vm,5.06,G03,G03B,.0454545468091965
fa,2.01,B21,B21C,.0454545468091965
wc,3.03,D21,D21F,.0454545468091965
wv,3.03,H04,H04H,.0454545468091965
hy,1.06,C05,C05B,.0454545468091965
gc,1.05,B21,B21C,.0454545468091965
yu,3.03,C12,C12C,.0454545468091965
rt,3.02,B30,B30B,.0454545468091965
uk,1.03,C12,C12Y,.045509641058743
cq,1.06,B41,B41N,.0455426368862391
ma,3.02,Y02,Y02P,.0457142859231681
cn,5.01,C12,C12M,.0458333343267441
pw,2.06,A63,A63F,.0458333347924054
ki,3.02,G01,G01K,.0458333352580667
cl,9,C12,C12P,.045887800399214
uy,1.04,H01,H01K,.0459259264171124
ni,3.01,D06,D06F,.0459558824077249
cu,1.06,B28,B28D,.0459770113229752
tc,3.02,D01,D01D,.0460526319220662
rx,3.02,C07,C07B,.0460526328533888
sr,2.07,C40,C40B,.0460792137309909
ma,3.02,H03,H03K,.046111112460494
fi,1.04,G01,G01H,.0461645489558578
qf,9,H03,H03J,.0461760479956865
da,1.06,A22,A22C,.0462962966412306
tu,3.01,C09,C09F,.0462962966412306
pf,6.02,C12,C12Q,.04632034804672
ij,2.11,G05,G05G,.0464015156030655
km,1.06,Y02,Y02P,.0464285721536726
pu,2.03,C08,C08H,.0464402004145086
qh,2.05,C40,C40B,.0464808354154229
ip,2.07,B29,B29D,.0465116277337074
ni,3.01,B08,B08B,.0465277782641351
ti,9,A01,A01H,.0466124657541513
uk,1.03,B62,B62J,.0466666677966714
xa,5.04,B65,B65B,.0466917934827507
tq,3.02,A43,A43B,.0467032985761762
hb,5.03,C09,C09C,.046875
ea,1.04,B04,B04C,.046875
ix,2.07,C09,C09C,.046875
co,1.06,B04,B04C,.0468750009313226
we,3.02,C11,C11B,.0469168331474066
op,3.03,C12,C12Y,.0469576730392873
ff,3.02,C12,C12M,.0469696987420321
ma,3.02,B81,B81B,.0469722161069512
ps,5.04,G07,G07C,.0470238104462624
da,1.06,G08,G08C,.0470319651067257
ml,9,C12,C12R,.0470779240131378
de,1.06,E06,E06B,.0471014501526952
aq,3.02,A62,A62D,.0471698120236397
pw,2.06,Y02,Y02A,.0471910117194057
op,3.03,A61,A61C,.0472222231328487
im,2.01,B03,B03C,.0472222240641713
vj,5.01,A21,A21D,.0472689084708691
ne,3.03,D21,D21C,.0474074082449079
uk,1.03,B09,B09C,.0474142334423959
ku,5.07,A23,A23K,.0475524486973882
ah,4.01,C22,C22B,.0476190485060215
co,1.06,B03,B03D,.0476190485060215
ki,3.02,A21,A21C,.0476190485060215
km,1.06,C23,C23F,.0476190485060215
dw,1.04,F23,F23M,.0476190485060215
lj,3.02,C03,C03B,.0476190485060215
am,4.01,A21,A21C,.0476190485060215
bf,5.04,G01,G01G,.0476190485060215
ei,1.04,F23,F23M,.0476190485060215
de,1.06,F01,F01B,.0476190485060215
fi,1.04,G08,G08C,.0476190485060215
rx,3.02,B24,B24B,.0476190485060215
yr,2.01,E01,E01D,.0476190485060215
xy,1.01,C22,C22B,.0476190485060215
yr,2.01,B62,B62K,.0476190485060215
ev,1.02,B61,B61D,.0476190485060215
zr,1.05,D21,D21G,.0476190485060215
zd,9,D04,D04G,.0476190485060215
qd,6.02,G07,G07B,.0476190485060215
pi,1.06,C08,C08H,.0476190485060215
hq,1.04,A23,A23J,.0476190485060215
ya,3.02,B63,B63B,.0476190485060215
xy,1.01,A22,A22B,.0476190485060215
ik,2.11,C21,C21B,.0476190485060215
vy,3.02,B41,B41C,.0476190485060215
mc,1.06,B61,B61K,.0476190485060215
ct,9,G09,G09B,.0476190485060215
uk,1.03,F23,F23K,.0476190485060215
po,1.01,A22,A22B,.0476190485060215
fe,5.05,B62,B62D,.0476190485060215
bv,5.01,C09,C09C,.0476190485060215
ky,1.05,G08,G08C,.0476190485060215
wv,3.03,A23,A23B,.0476190485060215
ye,2.02,C11,C11B,.0476190485060215
ah,4.01,D04,D04H,.0476190485060215
mr,6.01,E06,E06B,.0476190485060215
cu,1.06,B61,B61K,.0476190485060215
eq,3.01,E04,E04B,.0476190485060215
er,1.02,H01,H01T,.0476190485060215
bv,5.01,B24,B24B,.0476190485060215
yo,3.01,G21,G21B,.0476190485060215
wu,5.04,F17,F17C,.0476190485060215
uk,1.03,F23,F23M,.0476190485060215
ru,3.01,H02,H02N,.0476190485060215
ae,4.05,D06,D06P,.0476190485060215
ex,1.02,B41,B41F,.0476190485060215
oe,5.06,H05,H05H,.0476190485060215
po,1.01,B23,B23P,.0476190485060215
qg,2.05,B61,B61D,.0476190485060215
cu,1.06,D06,D06L,.0476190485060215
am,4.01,C10,C10C,.0476190485060215
js,6.04,C08,C08B,.0476190485060215
bq,6.05,G06,G06E,.0476190485060215
ka,4.01,B42,B42D,.0476190485060215
ps,5.04,B32,B32B,.0476190485060215
ni,3.01,B63,B63B,.0476190485060215
uf,1.03,C01,C01D,.0476190485060215
rx,3.02,B41,B41C,.0476190485060215
ia,3.02,B60,B60W,.0476190485060215
yp,3.02,B63,B63B,.0476190485060215
pk,2.05,H03,H03G,.0476190485060215
pe,5.02,B81,B81B,.0476190485060215
bu,1.03,E02,E02F,.0476190485060215
bm,5.07,C12,C12H,.0476190485060215
ix,2.07,B03,B03D,.0476190485060215
xa,5.04,F16,F16M,.0476190485060215
ij,2.11,D04,D04H,.0476190485060215
lq,3.03,F17,F17C,.0476190485060215
ht,1.06,C23,C23F,.0476190485060215
ew,1.02,F16,F16J,.0476190485060215
fi,1.04,G01,G01F,.0476190485060215
ah,4.01,E04,E04H,.0476190485060215
rb,2.02,F28,F28D,.0476190485060215
ct,9,C09,C09C,.0476190485060215
hy,1.06,C23,C23F,.0476190485060215
vx,5.01,B65,B65B,.0476190485060215
yr,2.01,C22,C22B,.0476190485060215
cq,1.06,F01,F01B,.0476190485060215
we,3.02,A01,A01G,.0476190485060215
yq,5.07,F24,F24F,.0476190485060215
wv,3.03,F16,F16M,.0476190485060215
jo,5.04,F17,F17C,.0476190485060215
re,1.05,A23,A23J,.0476190485060215
ru,3.01,B41,B41C,.0476190485060215
qf,9,F16,F16J,.0476190485060215
am,4.01,E04,E04H,.0476190485060215
ay,3.01,B60,B60N,.0476190485060215
ju,4.01,G06,G06E,.0476190485060215
sy,1.03,C25,C25F,.0476190485060215
pt,3.03,C12,C12R,.0476190485060215
ad,4.02,A21,A21C,.0476190485060215
pk,2.05,F03,F03B,.0476190485060215
pk,2.05,A23,A23K,.0476190485060215
uh,1.03,C12,C12H,.0476190485060215
ps,5.04,B23,B23P,.0476190485060215
ku,5.07,C13,C13B,.0476190485060215
xa,5.04,G01,G01W,.0476190485060215
yr,2.01,A47,A47B,.0476190485060215
uq,5.07,A23,A23C,.0476190485060215
ii,2.04,A21,A21C,.0476190485060215
xy,1.01,B61,B61K,.0476190485060215
fi,1.04,F17,F17D,.0476190485060215
rp,6.04,G07,G07B,.0476190485060215
bv,5.01,G01,G01V,.0476190485060215
dy,1.04,F23,F23K,.0476190485060215
ky,1.05,H05,H05B,.0476190485060215
li,3.02,C03,C03B,.0476190485060215
es,2.02,B61,B61K,.0476190485060215
ye,2.02,C22,C22B,.0476190485060215
le,1.05,F42,F42D,.0476190485060215
ih,2.07,A45,A45F,.0476190485060215
vx,5.01,C09,C09C,.0476190485060215
qf,9,C40,C40B,.0476190485060215
zr,1.05,D04,D04B,.0476190485060215
jb,5.07,C13,C13B,.0476190485060215
zd,9,A23,A23B,.0476190485060215
qj,2.05,C07,C07B,.0476190485060215
vx,5.01,B66,B66C,.0476190485060215
db,2.08,F01,F01B,.0476190485060215
ru,3.01,G21,G21B,.0476190485060215
mq,6.01,A23,A23B,.0476190485060215
ae,4.05,F04,F04F,.0476190494373441
vy,3.02,F15,F15D,.0476475292816758
cq,1.06,G21,G21B,.0476515153422952
oo,3.03,C25,C25C,.0477272737771273
si,1.05,F02,F02D,.0477272737771273
hf,6.03,C25,C25C,.0477272737771273
wv,3.03,C25,C25C,.0477272737771273
ik,2.11,B03,B03C,.0478141205385327
vi,5.01,C08,C08F,.0478260889649391
ae,4.05,C07,C07F,.0478395074605942
td,3.02,G05,G05D,.047860361635685
wu,5.04,G01,G01J,.0478632487356663
lj,3.02,C07,C07H,.0478883455507457
tm,3.01,C07,C07B,.0479287542402744
hy,1.06,F16,F16K,.0480895927175879
ah,4.01,C09,C09C,.0481481486931443
uh,1.03,C12,C12R,.0481559792533517
gm,3.03,G01,G01R,.0482142874971032
da,1.06,G10,G10D,.0483870953321457
ur,1.01,F03,F03H,.0483870953321457
fi,1.04,H02,H02H,.0484848469495773
de,1.06,C13,C13K,.0485312901437283
um,3.01,A41,A41C,.0486111114732921
ye,2.02,D03,D03D,.0486111119389534
ij,2.11,B82,B82B,.0486111119389534
re,1.05,F16,F16J,.0486111124046147
ik,2.11,B82,B82B,.0486111124046147
uh,1.03,F04,F04D,.0486656213179231
bd,1.06,C01,C01B,.0488095246255398
qh,2.05,G21,G21K,.0488095246255398
da,1.06,A47,A47J,.0488888900727034
zr,1.05,C12,C12Y,.0489064627327025
vj,5.01,C08,C08B,.0489130448549986
wv,3.03,C08,C08B,.0489130448549986
ai,2.03,G01,G01Q,.0489538256078959
yp,3.02,C11,C11B,.0489812042796984
sd,3.02,G01,G01B,.0490122297778726
km,1.06,G21,G21G,.0490196086466312
yo,3.01,G21,G21G,.0490196086466312
ya,3.02,C07,C07B,.0491620833054185
nq,5.01,A61,A61L,.0492278011515737
sy,1.03,B25,B25D,.0492424257099628
ev,1.02,F15,F15C,.0492424257099628
oa,2.11,A23,A23P,.0493173273280263
de,1.06,B22,B22F,.0493589756079018
qa,3.01,B67,B67B,.0493827164173126
wm,5.04,H02,H02S,.0494047626852989
mq,6.01,A63,A63B,.0494047626852989
ns,2.01,D06,D06P,.0494047626852989
qq,1.05,C10,C10B,.0494505502283573
ns,2.01,A23,A23N,.0494791679084301
dy,1.04,F16,F16P,.0495495507493615
wv,3.03,C13,C13B,.0495600430294871
hf,6.03,C13,C13B,.0495600430294871
oo,3.03,C13,C13B,.0495600430294871
hl,3.03,C13,C13B,.0495600430294871
wc,3.03,C12,C12Y,.0495726512745023
bu,1.03,H03,H03C,.0497484290972352
iu,2.03,C12,C12Y,.0498251765966415
uq,5.07,G06,G06E,.0500000007450581
bv,5.01,H01,H01Q,.0500000007450581
ep,1.02,B42,B42C,.0500000007450581
xa,5.04,G21,G21F,.0500000007450581
ik,2.11,A62,A62C,.0500000007450581
wc,3.03,F21,F21K,.0500000007450581
wc,3.03,F04,F04F,.0500000007450581
ei,1.04,G04,G04D,.0500000007450581
vi,5.01,C13,C13K,.0500000007450581
ds,3.02,B25,B25B,.0500000007450581
uh,1.03,G04,G04D,.0500000007450581
yo,3.01,C01,C01C,.0500000007450581
dr,1.06,B60,B60D,.0500000007450581
ah,4.01,A01,A01F,.0500000007450581
ew,1.02,D06,D06H,.0500000007450581
wv,3.03,C10,C10M,.0500000007450581
wc,3.03,C12,C12C,.0500000007450581
af,4.05,C10,C10M,.0500000007450581
oi,3.02,A23,A23K,.0500000007450581
rt,3.02,D06,D06P,.0500000007450581
hf,6.03,A61,A61J,.0500000007450581
ij,2.11,B61,B61F,.0500000007450581
qh,2.05,G10,G10H,.0500000007450581
er,1.02,A43,A43B,.0500000007450581
uh,1.03,G21,G21H,.0500000007450581
ui,1.03,A01,A01J,.0500000007450581
zc,4.03,C05,C05F,.0500000007450581
pt,3.03,B65,B65B,.0500000007450581
ex,1.02,B65,B65B,.0500000007450581
hl,3.03,F28,F28F,.0500000007450581
ox,6.02,H01,H01S,.0500000007450581
eu,2.02,B64,B64D,.0500000007450581
uy,1.04,A45,A45B,.0500000007450581
es,2.02,C09,C09G,.0500000007450581
sd,3.02,C05,C05C,.0500000007450581
ep,1.02,A45,A45B,.0500000007450581
cn,5.01,A62,A62D,.0500000007450581
yi,6.03,B41,B41M,.0500000007450581
hl,3.03,C10,C10M,.0500000007450581
ze,1.06,F04,F04B,.0500000007450581
hi,5.01,A23,A23G,.0500000007450581
sa,3.03,B64,B64D,.0500000007450581
ra,2.11,F41,F41G,.0500000007450581
vm,5.06,G06,G06E,.0500000007450581
ct,9,C11,C11D,.0500000007450581
oo,3.03,A61,A61J,.0500000007450581
ia,3.02,B24,B24B,.0500000007450581
or,5.09,C08,C08F,.0500000007450581
dm,3.02,C13,C13K,.0500000007450581
id,2.07,A41,A41G,.0500000007450581
gc,1.05,A41,A41G,.0500000007450581
ig,2.06,B23,B23B,.0500000007450581
ns,2.01,E05,E05F,.0500000007450581
mu,4.01,B07,B07C,.0500000007450581
un,1.03,G07,G07C,.0500000007450581
wv,3.03,C13,C13K,.0500000007450581
am,4.01,A23,A23P,.0500000007450581
ew,1.02,C09,C09G,.0500000007450581
hi,5.01,H04,H04Q,.0500000007450581
qd,6.02,H01,H01L,.0500000007450581
ma,3.02,G07,G07C,.0500000007450581
hl,3.03,C12,C12R,.0500000007450581
vj,5.01,C13,C13K,.0500000007450581
ip,2.07,F03,F03B,.0500000007450581
ih,2.07,F02,F02G,.0500000007450581
fu,5.04,A61,A61C,.0500000007450581
hb,5.03,D06,D06B,.0500000007450581
bf,5.04,G21,G21F,.0500000007450581
fe,5.05,A61,A61Q,.0500000007450581
qu,1.06,A63,A63H,.0500000007450581
dt,2.03,H03,H03G,.0500000007450581
ru,3.01,D04,D04H,.0500000007450581
lq,3.03,E05,E05B,.0500000007450581
rb,2.02,C07,C07B,.0500000007450581
tu,3.01,B22,B22C,.0500000007450581
hb,5.03,H03,H03L,.0500000007450581
ex,1.02,B42,B42C,.0500000007450581
lj,3.02,G01,G01G,.0500000007450581
ew,1.02,B66,B66F,.0500000007450581
qa,3.01,A46,A46B,.0500000007450581
da,1.06,B22,B22D,.0500000007450581
jo,5.04,A01,A01N,.0500000007450581
eu,2.02,B22,B22C,.0500000007450581
ig,2.06,B65,B65H,.0500000007450581
li,3.02,G01,G01G,.0500000007450581
bd,1.06,F21,F21K,.0500000007450581
ik,2.11,E05,E05F,.0500000007450581
bf,5.04,H01,H01P,.0500000007450581
ee,1.04,A01,A01D,.0500000007450581
en,9,A63,A63H,.0500000007450581
ct,9,H04,H04Q,.0500000007450581
af,4.05,A23,A23D,.0500000007450581
il,2.07,F04,F04B,.0500000007450581
um,3.01,H04,H04Q,.0500000007450581
ex,1.02,C09,C09G,.0500000007450581
ry,2.03,A41,A41G,.0500000007450581
he,5.03,C07,C07H,.0500000007450581
xa,5.04,G05,G05G,.0500000007450581
ff,3.02,G01,G01V,.0500000007450581
er,1.02,H01,H01B,.0500000007450581
ev,1.02,F26,F26B,.0500000007450581
qq,1.05,C23,C23F,.0500000007450581
id,2.07,B66,B66F,.0500000007450581
ro,1.07,B61,B61F,.0500000007450581
wm,5.04,B61,B61F,.0500000007450581
jm,5.04,G05,G05G,.0500000007450581
ma,3.02,B60,B60D,.0500000007450581
wm,5.04,G05,G05G,.0500000007450581
ur,1.01,H03,H03C,.0500000007450581
ja,1.05,D06,D06B,.0500000007450581
iy,1.06,G08,G08B,.0500000007450581
qc,6.02,A23,A23L,.0500000007450581
qj,2.05,B22,B22C,.0500000007450581
ct,9,B60,B60D,.0500000007450581
sr,2.07,C25,C25D,.0500000007450581
ff,3.02,B25,B25B,.0500000007450581
ju,4.01,G01,G01D,.0500000007450581
yp,3.02,G07,G07C,.0500000007450581
ii,2.04,A01,A01B,.0500000007450581
pn,1.01,H03,H03D,.0500000007450581
zm,1.06,G21,G21D,.0500000007450581
oo,3.03,C10,C10M,.0500000007450581
uq,5.07,G01,G01J,.0500000007450581
qh,2.05,G06,G06N,.0500000007450581
ex,1.02,B26,B26B,.0500000007450581
ev,1.02,B61,B61K,.0500000007450581
pd,6.02,C05,C05B,.0500000007450581
pt,3.03,D01,D01F,.0500000007450581
sy,1.03,A45,A45B,.0500000007450581
si,1.05,F04,F04B,.0500000007450581
we,3.02,B22,B22C,.0500000007450581
pc,5.02,B42,B42C,.0500000007450581
ds,3.02,B25,B25G,.0500000007450581
ox,6.02,F01,F01N,.0500000007450581
eu,2.02,B42,B42C,.0500000007450581
qq,1.05,B81,B81C,.0500000007450581
xy,1.01,F16,F16L,.0500000007450581
eq,3.01,D01,D01D,.0500000007450581
uk,1.03,G04,G04D,.0500000007450581
pe,5.02,B42,B42C,.0500000007450581
om,5.05,B22,B22C,.0500000007450581
pw,2.06,B07,B07C,.0500000007450581
pz,2.05,A63,A63H,.0500000007450581
co,1.06,A01,A01J,.0500000007450581
rz,3.03,C40,C40B,.0500000007450581
yy,5.07,G10,G10L,.0500000007450581
bv,5.01,A61,A61D,.0500000007450581
vm,5.06,A23,A23K,.0500000007450581
dt,2.03,E02,E02B,.0500000007450581
jm,5.04,G21,G21F,.0500000007450581
hb,5.03,A01,A01J,.0500000007450581
uh,1.03,F16,F16J,.0500000007450581
co,1.06,C05,C05C,.0500000007450581
xa,5.04,H01,H01P,.0500000007450581
da,1.06,E02,E02F,.0500000007450581
hf,6.03,C10,C10M,.0500000007450581
bu,1.03,C13,C13K,.0500000007450581
su,3.02,F01,F01N,.0500000007450581
bd,1.06,A23,A23J,.0500000007450581
zc,4.03,G21,G21D,.0500000007450581
ip,2.07,B66,B66F,.0500000007450581
ik,2.11,B61,B61K,.0500000007450581
ji,5.01,F02,F02P,.0500000007450581
up,1.03,G07,G07C,.0500000007450581
we,3.02,C22,C22B,.0500000007450581
wv,3.03,E05,E05B,.0500000007450581
ub,1.03,A01,A01J,.0500000007450581
qf,9,F01,F01K,.0500000007450581
ep,1.02,B41,B41D,.0500000007450581
ka,4.01,B22,B22C,.0500000007450581
ti,9,C08,C08F,.0500000007450581
ih,2.07,D06,D06B,.0500000007450581
jm,5.04,H01,H01P,.0500000007450581
uh,1.03,B33,B33Y,.0500000007450581
re,1.05,A41,A41G,.0500000007450581
po,1.01,H03,H03D,.0500000007450581
mr,6.01,B29,B29C,.0500000007450581
rb,2.02,C23,C23F,.0500000007450581
my,5.01,B66,B66C,.0500000007450581
tc,3.02,C11,C11B,.0500000007450581
vi,5.01,D01,D01D,.0500000007450581
ne,3.03,C05,C05C,.0500000007450581
uf,1.03,H03,H03C,.0500000007450581
un,1.03,F16,F16J,.0500000007450581
mw,5.09,A47,A47C,.0500000007450581
lq,3.03,C12,C12R,.0500000007450581
hq,1.04,B06,B06B,.0500000007450581
zc,4.03,B21,B21F,.0500000026077032
km,1.06,F25,F25C,.0500000026077032
ue,2.11,B60,B60C,.0500000026077032
ju,4.01,B21,B21F,.0500000026077032
ev,1.02,G09,G09D,.0500000026077032
pq,1.01,C12,C12M,.0500000026077032
ig,2.06,C01,C01D,.0500000026077032
qe,2.09,C01,C01D,.0500000026077032
il,2.07,C12,C12Q,.0500203501433134
bp,6.04,C12,C12C,.0500312689691782
ni,3.01,C25,C25B,.0501253139227629
aq,3.02,C25,C25B,.0501253139227629
bk,6.04,C07,C07J,.0501253139227629
xe,4.01,B22,B22F,.0501463217660785
uf,1.03,C40,C40B,.0501846438273787
lq,3.03,C12,C12M,.0502136768773198
dy,1.04,D02,D02J,.0503030316904187
cu,1.06,B42,B42D,.0503703709691763
km,1.06,A23,A23P,.0503910854458809
qa,3.01,F15,F15C,.0504385977983475
hi,5.01,C07,C07H,.0504439072683454
oo,3.03,E04,E04C,.0505050513893366
ue,2.11,C07,C07B,.0507936514914036
ba,3.02,E03,E03B,.0508130062371492
ih,2.07,B07,B07C,.0509259272366762
um,3.01,C11,C11C,.0509506848175079
ec,1.04,F04,F04D,.0510204071179032
yr,2.01,C07,C07H,.0511904787272215
ga,3.02,H04,H04Q,.0512499995529652
cq,1.06,D04,D04B,.0512820519506931
ee,1.04,D04,D04B,.0512820519506931
ti,9,C09,C09J,.0512820519506931
qa,3.01,C25,C25F,.0512820519506931
mu,4.01,C12,C12F,.0512820519506931
wy,5.04,C07,C07C,.0513157900422812
kv,1.05,G02,G02B,.0513442019000649
ji,5.01,A47,A47L,.0513583589345217
oi,3.02,C12,C12Y,.0514945657923818
uk,1.03,F28,F28C,.0515188849531114
ga,3.02,D01,D01D,.0515297912061214
zm,1.06,E03,E03B,.0516260163858533
ze,1.06,C07,C07B,.0516339875757694
ih,2.07,C40,C40B,.0516934567131102
ue,2.11,F26,F26B,.0517948735505342
en,9,B82,B82Y,.0518296286463737
sa,3.03,B04,B04B,.0518518537282944
ki,3.02,B04,B04B,.0518518537282944
oa,2.11,C11,C11C,.0519234873354435
pk,2.05,C40,C40B,.0519750537350774
ik,2.11,B27,B27N,.0520421620458364
ur,1.01,C25,C25B,.0520421620458364
co,1.06,A41,A41D,.0520833348855376
mu,4.01,C08,C08G,.05218855291605
sr,2.07,C07,C07H,.0521951206028461
kv,1.05,C12,C12P,.0522077931091189
po,1.01,B22,B22F,.0522223198786378
cl,9,H05,H05K,.0522388047538698
dr,1.06,F21,F21K,.0522875832393765
et,1.02,A01,A01C,.0523504288867116
fs,6.04,B03,B03C,.0524216527119279
yu,3.03,B01,B01F,.052496800199151
js,6.04,A63,A63G,.0526315793395042
py,3.02,G21,G21H,.0526315793395042
lj,3.02,B01,B01D,.0526315793395042
ip,2.07,C08,C08C,.0526315793395042
hq,1.04,A44,A44C,.0526315793395042
vj,5.01,C10,C10L,.0526315793395042
bk,6.04,C23,C23F,.0526315793395042
jm,5.04,A61,A61Q,.0526315793395042
my,5.01,F21,F21V,.0526315793395042
ta,1.06,G01,G01R,.0526315793395042
en,9,H03,H03M,.0526315793395042
ha,5.03,A63,A63G,.0526315793395042
il,2.07,G01,G01G,.0526315793395042
ni,3.01,A63,A63G,.0526315793395042
qj,2.05,G01,G01L,.0526315793395042
ut,6.02,A23,A23K,.0526315793395042
nn,3.03,G01,G01L,.0526315793395042
zc,4.03,B25,B25B,.0526315793395042
pd,6.02,H03,H03M,.0526315793395042
ua,6.03,G01,G01V,.0526315793395042
gm,3.03,C08,C08B,.0526315793395042
ji,5.01,C07,C07F,.0526315793395042
qf,9,C12,C12R,.0526315793395042
yi,6.03,C12,C12R,.0526315793395042
op,3.03,C04,C04B,.0526764495298266
qh,2.05,C12,C12Q,.052700923755765
eu,2.02,G16,G16H,.0527472542598844
we,3.02,C10,C10G,.05277777928859
lq,3.03,C07,C07F,.0528839866165072
gu,1.06,A23,A23D,.0529411789029837
mc,1.06,C08,C08F,.0529459728859365
ti,9,G01,G01C,.0530020715668797
ac,2.02,F25,F25D,.0530303046107292
ua,6.03,D21,D21C,.0530303046107292
sr,2.07,A47,A47L,.0530639984644949
mq,6.01,A01,A01K,.0531660690903664
re,1.05,B24,B24B,.053186958655715
ve,3.02,G07,G07B,.0532212890684605
rt,3.02,G07,G07B,.0532212890684605
ze,1.06,A21,A21D,.053251173812896
ji,5.01,C10,C10G,.0533333346247673
dt,2.03,C08,C08H,.0535245896317065
ct,9,G07,G07F,.0535714291036129
pw,2.06,G03,G03H,.0535714295692742
mr,6.01,A61,A61N,.0535714300349355
aa,1.03,G05,G05G,.053571430966258
cl,9,G05,G05G,.053571430966258
pi,1.06,F04,F04F,.053571430966258
iy,1.06,B82,B82Y,.0536130554974079
ct,9,C07,C07F,.0537087108241394
qh,2.05,C10,C10B,.0537148602306843
ba,3.02,F25,F25B,.0537634398788214
en,9,C07,C07K,.0537903197109699
en,9,C07,C07H,.0538228433579206
cn,5.01,G10,G10H,.0538888908922672
wu,5.04,G21,G21K,.0539573393762112
si,1.05,C07,C07F,.0540322586894035
dr,1.06,F16,F16P,.0540540553629398
wh,3.02,H01,H01B,.0540540553629398
ry,2.03,B28,B28D,.0540540553629398
if,2.11,A24,A24B,.0541666690260172
zc,4.03,C09,C09B,.0541979959234595
tm,3.01,B81,B81B,.0542540857568383
km,1.06,C13,C13K,.0542784165591002
ip,2.07,E21,E21C,.0543478270992637
bv,5.01,A21,A21D,.0543831186369061
mu,4.01,A24,A24B,.0544562006834894
zr,1.05,A61,A61C,.0544871808961034
jo,5.04,C12,C12Q,.0546256825327873
co,1.06,A23,A23N,.0546875
ae,4.05,F15,F15D,.054761906620115
xq,2.11,F15,F15C,.0548245627433062
lq,3.03,G05,G05D,.0549395172856748
nm,5.02,A01,A01N,.054951817728579
yy,5.07,A47,A47C,.0549999997019768
hl,3.03,A01,A01G,.0550595242530107
ye,2.02,D06,D06M,.0551282074302435
dm,3.02,C10,C10B,.0552184116095304
xy,1.01,C12,C12R,.0553758172318339
hl,3.03,H01,H01S,.0554565126076341
rx,3.02,C09,C09D,.0555555559694767
dt,2.03,F42,F42C,.0555555559694767
ec,1.04,B05,B05C,.0555555559694767
nn,3.03,B42,B42D,.0555555559694767
yr,2.01,C07,C07B,.0555555559694767
jw,6.02,A61,A61Q,.0555555559694767
td,3.02,G02,G02C,.0555555559694767
wf,1.06,H05,H05H,.0555555559694767
ia,3.02,A01,A01G,.0555555559694767
az,3.02,G05,G05D,.0555555559694767
ik,2.11,C07,C07G,.0555555559694767
yr,2.01,C22,C22F,.0555555559694767
bu,1.03,G09,G09G,.0555555559694767
ou,1.06,G05,G05B,.0555555559694767
rx,3.02,C23,C23C,.0555555559694767
td,3.02,A23,A23J,.0555555559694767
ip,2.07,B41,B41M,.0555555559694767
zd,9,C08,C08H,.0555555559694767
bf,5.04,A23,A23N,.0555555559694767
fy,3.02,G07,G07C,.0555555559694767
ur,1.01,B41,B41M,.0555555559694767
eu,2.02,C10,C10L,.0555555559694767
cq,1.06,B44,B44F,.0555555559694767
bd,1.06,B63,B63J,.0555555559694767
dk,5.02,G01,G01H,.0555555559694767
dx,3.01,B41,B41C,.0555555559694767
ur,1.01,C10,C10B,.0555555559694767
dw,1.04,F01,F01M,.0555555559694767
yi,6.03,F41,F41B,.0555555559694767
bd,1.06,G08,G08G,.0555555559694767
ht,1.06,C07,C07B,.0555555559694767
mc,1.06,A01,A01D,.0555555559694767
rz,3.03,H01,H01S,.0555555559694767
uk,1.03,D06,D06Q,.0555555559694767
sd,3.02,F02,F02B,.0555555559694767
aq,3.02,H04,H04H,.0555555559694767
my,5.01,B61,B61F,.0555555559694767
sr,2.07,B23,B23P,.0555555559694767
il,2.07,H02,H02P,.0555555559694767
tq,3.02,F02,F02B,.0555555559694767
cn,5.01,G01,G01W,.0555555559694767
dm,3.02,H01,H01T,.0555555559694767
dt,2.03,B30,B30B,.0555555559694767
xq,2.11,F04,F04D,.0555555559694767
pu,2.03,F42,F42C,.0555555559694767
ei,1.04,D06,D06Q,.0555555559694767
bd,1.06,G01,G01J,.0555555559694767
ru,3.01,A22,A22C,.0555555559694767
yo,3.01,B02,B02C,.0555555559694767
jm,5.04,B05,B05B,.0555555559694767
vs,5.01,G21,G21G,.0555555559694767
aq,3.02,D01,D01C,.0555555559694767
vp,3.03,C12,C12R,.0555555559694767
fi,1.04,C06,C06D,.0555555559694767
ay,3.01,A63,A63B,.0555555559694767
wh,3.02,C10,C10M,.0555555559694767
ad,4.02,G10,G10H,.0555555559694767
um,3.01,B23,B23P,.0555555559694767
es,2.02,D04,D04C,.0555555559694767
ji,5.01,B22,B22C,.0555555559694767
gy,5.02,F26,F26B,.0555555559694767
wc,3.03,G07,G07G,.0555555559694767
dx,3.01,C12,C12J,.0555555559694767
my,5.01,E04,E04C,.0555555559694767
mc,1.06,C03,C03B,.0555555559694767
op,3.03,C09,C09D,.0555555559694767
tq,3.02,C07,C07B,.0555555559694767
ga,3.02,A41,A41C,.0555555559694767
ex,1.02,D01,D01D,.0555555559694767
vx,5.01,G21,G21G,.0555555559694767
er,1.02,A22,A22C,.0555555559694767
cu,1.06,B41,B41C,.0555555559694767
fy,3.02,A22,A22B,.0555555559694767
da,1.06,F25,F25B,.0555555559694767
ru,3.01,B22,B22C,.0555555559694767
dx,3.01,G05,G05B,.0555555559694767
zr,1.05,F23,F23J,.0555555559694767
wc,3.03,B22,B22C,.0555555559694767
ps,5.04,E21,E21B,.0555555559694767
pn,1.01,C21,C21B,.0555555559694767
si,1.05,B60,B60N,.0555555559694767
sd,3.02,B02,B02C,.0555555559694767
zk,9,C12,C12M,.0555555559694767
hl,3.03,B42,B42D,.0555555559694767
ec,1.04,B09,B09B,.0555555559694767
da,1.06,A01,A01D,.0555555559694767
ur,1.01,A23,A23B,.0555555559694767
pq,1.01,E04,E04C,.0555555559694767
uk,1.03,D04,D04C,.0555555559694767
ky,1.05,C09,C09J,.0555555559694767
xy,1.01,C10,C10G,.0555555559694767
ec,1.04,C10,C10C,.0555555559694767
sa,3.03,C22,C22B,.0555555559694767
dy,1.04,B27,B27D,.0555555559694767
aa,1.03,D01,D01D,.0555555559694767
pi,1.06,C25,C25C,.0555555559694767
fy,3.02,H01,H01T,.0555555559694767
jo,5.04,C08,C08K,.0555555559694767
uf,1.03,C25,C25F,.0555555559694767
bu,1.03,G04,G04R,.0555555559694767
re,1.05,G16,G16H,.0555555559694767
fi,1.04,A62,A62C,.0555555559694767
ye,2.02,C07,C07B,.0555555559694767
dw,1.04,C25,C25F,.0555555559694767
ry,2.03,B09,B09B,.0555555559694767
ij,2.11,G03,G03H,.0555555559694767
we,3.02,D04,D04H,.0555555559694767
xa,5.04,G08,G08G,.0555555559694767
yq,5.07,F41,F41G,.0555555559694767
ev,1.02,A21,A21B,.0555555559694767
ah,4.01,H01,H01G,.0555555559694767
uf,1.03,C21,C21B,.0555555559694767
um,3.01,A22,A22C,.0555555559694767
ni,3.01,D01,D01C,.0555555559694767
vy,3.02,F02,F02P,.0555555559694767
bf,5.04,H04,H04Q,.0555555559694767
ky,1.05,C12,C12Y,.0555555559694767
pw,2.06,G07,G07F,.0555555559694767
jb,5.07,B25,B25J,.0555555559694767
bd,1.06,G06,G06N,.0555555559694767
fe,5.05,B65,B65H,.0555555559694767
oe,5.06,H03,H03J,.0555555559694767
aa,1.03,A23,A23G,.0555555559694767
dm,3.02,B42,B42D,.0555555559694767
ml,9,C12,C12Y,.0555555559694767
hb,5.03,C22,C22C,.0555555559694767
mr,6.01,A23,A23G,.0555555559694767
ik,2.11,G06,G06E,.0555555559694767
vs,5.01,G01,G01M,.0555555559694767
py,3.02,A47,A47L,.0555555559694767
fi,1.04,B09,B09B,.0555555559694767
ee,1.04,F23,F23J,.0555555559694767
pd,6.02,B81,B81C,.0555555559694767
ue,2.11,B65,B65G,.0555555559694767
ga,3.02,B06,B06B,.0555555559694767
di,5.02,C25,C25B,.0555555559694767
il,2.07,B60,B60N,.0555555559694767
dx,3.01,C13,C13B,.0555555559694767
up,1.03,C11,C11B,.0555555559694767
ps,5.04,C03,C03C,.0555555559694767
zr,1.05,A41,A41D,.0555555559694767
ee,1.04,G08,G08G,.0555555559694767
tm,3.01,G02,G02C,.0555555559694767
qe,2.09,G21,G21F,.0555555559694767
xw,3.03,B42,B42D,.0555555559694767
ah,4.01,C25,C25D,.0555555559694767
up,1.03,G08,G08B,.0555555559694767
hi,5.01,G07,G07G,.0555555559694767
gm,3.03,C13,C13B,.0555555559694767
ns,2.01,B60,B60B,.0555555559694767
tq,3.02,B02,B02C,.0555555559694767
ve,3.02,C13,C13B,.0555555559694767
ba,3.02,H04,H04J,.0555555559694767
bi,6.01,C01,C01F,.0555555559694767
if,2.11,D06,D06N,.0555555559694767
rz,3.03,B02,B02C,.0555555559694767
qa,3.01,C05,C05C,.0555555559694767
ec,1.04,H02,H02N,.0555555559694767
wf,1.06,H01,H01J,.0555555559694767
iy,1.06,C05,C05C,.0555555559694767
aa,1.03,C07,C07B,.0555555559694767
xa,5.04,A23,A23N,.0555555559694767
qa,3.01,D04,D04C,.0555555559694767
ee,1.04,C10,C10C,.0555555559694767
ra,2.11,B41,B41C,.0555555559694767
up,1.03,G04,G04R,.0555555559694767
ah,4.01,G07,G07C,.0555555559694767
yy,5.07,A61,A61J,.0555555559694767
ub,1.03,D01,D01C,.0555555559694767
co,1.06,A01,A01D,.0555555559694767
pz,2.05,D01,D01B,.0555555559694767
pw,2.06,F04,F04B,.0555555559694767
ns,2.01,B27,B27D,.0555555559694767
pc,5.02,F26,F26B,.0555555559694767
ht,1.06,H01,H01F,.0555555559694767
ct,9,D04,D04C,.0555555559694767
ac,2.02,D21,D21F,.0555555559694767
mq,6.01,G07,G07D,.0555555559694767
cu,1.06,B27,B27K,.0555555559694767
qh,2.05,B30,B30B,.0555555559694767
dr,1.06,B41,B41C,.0555555559694767
db,2.08,G21,G21B,.0555555559694767
db,2.08,C09,C09F,.0555555559694767
jy,4.05,C25,C25F,.0555555559694767
un,1.03,F21,F21S,.0555555559694767
ne,3.03,B61,B61F,.0555555559694767
si,1.05,B82,B82Y,.0555555559694767
mw,5.09,H04,H04K,.0555555559694767
ct,9,B09,B09C,.0555555559694767
jy,4.05,G21,G21B,.0555555559694767
ih,2.07,H03,H03K,.0555555559694767
pn,1.01,B09,B09C,.0555555559694767
uk,1.03,B43,B43L,.0555555559694767
yo,3.01,G21,G21F,.0555555559694767
yg,6.04,C07,C07H,.0555555559694767
ya,3.02,D04,D04H,.0555555559694767
pc,5.02,A23,A23F,.0555555559694767
he,5.03,H04,H04H,.0555555559694767
ju,4.01,A24,A24B,.0555555559694767
rx,3.02,H03,H03J,.0555555559694767
rb,2.02,G06,G06E,.0555555559694767
uh,1.03,A62,A62B,.0555555559694767
ht,1.06,C01,C01B,.0555555559694767
ur,1.01,H03,H03L,.0555555559694767
dx,3.01,C12,C12G,.0555555559694767
ij,2.11,G06,G06E,.0555555559694767
bu,1.03,A61,A61J,.0555555559694767
ru,3.01,H03,H03J,.0555555559694767
cl,9,D01,D01D,.0555555559694767
ex,1.02,G04,G04R,.0555555559694767
dr,1.06,F02,F02K,.0555555559694767
ee,1.04,D01,D01C,.0555555559694767
yy,5.07,C12,C12M,.0555555559694767
cq,1.06,F42,F42D,.0555555559694767
nu,5.08,B21,B21J,.0555555559694767
tm,3.01,B22,B22C,.0555555559694767
zq,2.07,G16,G16H,.0555555559694767
pm,2.05,B27,B27D,.0555555559694767
gu,1.06,G01,G01G,.0555555559694767
we,3.02,G10,G10K,.0555555559694767
cl,9,A45,A45D,.0555555559694767
uh,1.03,C07,C07G,.0555555559694767
da,1.06,B44,B44F,.0555555559694767
hy,1.06,E02,E02F,.0555555559694767
ue,2.11,A46,A46B,.0555555559694767
ht,1.06,G01,G01W,.0555555559694767
pq,1.01,B66,B66F,.0555555559694767
ev,1.02,F17,F17D,.0555555559694767
oa,2.11,F28,F28C,.0555555559694767
ih,2.07,F16,F16H,.0555555559694767
co,1.06,H03,H03J,.0555555559694767
ue,2.11,E05,E05F,.0555555559694767
pw,2.06,G10,G10K,.0555555559694767
yo,3.01,G01,G01H,.0555555559694767
lq,3.03,A47,A47L,.0555555559694767
tc,3.02,A22,A22B,.0555555559694767
dq,9,B21,B21F,.0555555559694767
sd,3.02,D04,D04C,.0555555559694767
ec,1.04,F27,F27B,.0555555559694767
qu,1.06,G10,G10H,.0555555559694767
dm,3.02,B81,B81B,.0555555559694767
uu,5.06,H03,H03J,.0555555559694767
sy,1.03,G04,G04R,.0555555559694767
ai,2.03,B25,B25B,.0555555559694767
pk,2.05,F15,F15B,.0555555559694767
yp,3.02,D21,D21C,.0555555559694767
my,5.01,G04,G04F,.0555555559694767
xy,1.01,B06,B06B,.0555555559694767
gm,3.03,C22,C22C,.0555555559694767
et,1.02,B61,B61C,.0555555559694767
wc,3.03,G06,G06G,.0555555559694767
gu,1.06,E02,E02D,.0555555559694767
um,3.01,B67,B67B,.0555555559694767
ou,1.06,B63,B63J,.0555555559694767
vj,5.01,B65,B65H,.0555555559694767
cl,9,B60,B60L,.0555555559694767
gm,3.03,H01,H01J,.0555555559694767
ip,2.07,G07,G07G,.0555555559694767
up,1.03,B60,B60R,.0555555559694767
bu,1.03,F16,F16F,.0555555559694767
ah,4.01,C25,C25F,.0555555559694767
qe,2.09,A62,A62C,.0555555559694767
ns,2.01,C06,C06C,.0555555559694767
ac,2.02,D04,D04B,.0555555559694767
sa,3.03,C10,C10B,.0555555569007993
di,5.02,A61,A61H,.0555555569007993
ct,9,C23,C23C,.0555555569007993
ni,3.01,F21,F21K,.0555555573664606
vy,3.02,F15,F15C,.0555555578321218
hy,1.06,C05,C05F,.0555555578321218
un,1.03,F25,F25D,.0556818190962076
pc,5.02,C12,C12R,.0557029191404581
qh,2.05,F01,F01N,.0557029191404581
vx,5.01,C07,C07H,.0557923384476453
yi,6.03,C08,C08B,.0558089669793844
tu,3.01,A47,A47G,.0560794030316174
qh,2.05,F15,F15C,.056250000372529
mc,1.06,C09,C09K,.056319328956306
aa,1.03,B41,B41M,.0563291148282588
ti,9,G06,G06K,.0563298482447863
wc,3.03,H02,H02N,.0563492067158222
il,2.07,C07,C07K,.0563530046492815
pn,1.01,B60,B60Q,.0563549010548741
yr,2.01,G02,G02C,.056372550316155
hy,1.06,H01,H01J,.0566153419204056
ns,2.01,B62,B62J,.056666667573154
ru,3.01,G04,G04F,.056790123693645
ml,9,C07,C07J,.0568876378238201
ds,3.02,G01,G01B,.0569977788254619
sr,2.07,C09,C09B,.0570279881358147
eu,2.02,H05,H05H,.0570530109107494
ct,9,B26,B26B,.0571428574621677
dr,1.06,B26,B26B,.0571428574621677
ma,3.02,B26,B26B,.0571428574621677
bu,1.03,A63,A63B,.0571428574621677
dm,3.02,B26,B26B,.0571428574621677
dq,9,Y02,Y02P,.0571428574621677
ad,4.02,B09,B09C,.0571428574621677
qq,1.05,A63,A63B,.0571428574621677
ze,1.06,G01,G01C,.0571428583934903
ht,1.06,D06,D06M,.0571428593248129
jy,4.05,G21,G21K,.0572463776916265
pz,2.05,F25,F25C,.0572510845959187
qe,2.09,G16,G16H,.0572916674427688
mc,1.06,G01,G01M,.0573529428802431
za,3.02,G01,G01Q,.0574534181505442
qe,2.09,F41,F41A,.0574534181505442
ev,1.02,C10,C10M,.0575657896697521
si,1.05,C01,C01F,.0575657896697521
wf,1.06,A23,A23D,.0576178757473826
dm,3.02,C12,C12F,.0576923098415136
aa,1.03,C13,C13K,.0576923098415136
rq,1.06,F26,F26B,.0576923098415136
ju,4.01,C05,C05G,.0576923098415136
zm,1.06,A45,A45F,.0577385723590851
wc,3.03,A45,A45F,.0577385723590851
uh,1.03,F28,F28D,.0577651532366872
dr,1.06,A22,A22C,.0577777773141861
im,2.01,G01,G01T,.0578703708015382
id,2.07,B26,B26B,.0579268271103501
zr,1.05,B63,B63G,.0579710155725479
ru,3.01,C01,C01G,.0580808096565306
dr,1.06,B25,B25F,.0581572959199548
ba,3.02,B25,B25F,.0581572959199548
xy,1.01,A47,A47J,.0582222226075828
ac,2.02,A24,A24B,.0582437280099839
ep,1.02,A24,A24B,.0582437280099839
ra,2.11,G16,G16H,.0582437280099839
ne,3.03,C12,C12C,.0582750597968698
qa,3.01,B02,B02C,.0583333345130086
hf,6.03,C08,C08B,.0583333354443312
ep,1.02,B33,B33Y,.0583333363756537
ur,1.01,C12,C12M,.0584086216986179
yo,3.01,B81,B81C,.0584886139258742
ay,3.01,A43,A43B,.0586080600041896
cq,1.06,B67,B67B,.0586419757455587
om,5.05,B22,B22D,.0588235296308994
bu,1.03,F27,F27D,.0588235296308994
tu,3.01,B25,B25F,.0588235296308994
ad,4.02,A61,A61H,.0588235296308994
vj,5.01,C40,C40B,.0588235296308994
am,4.01,A22,A22B,.0588235296308994
ry,2.03,G07,G07B,.0588235296308994
xy,1.01,H03,H03J,.0588235296308994
ae,4.05,G01,G01L,.0588235296308994
hb,5.03,B21,B21D,.0588235296308994
gc,1.05,C09,C09B,.0588235296308994
cq,1.06,B07,B07B,.0588235296308994
qk,6.01,A23,A23L,.0588235296308994
ne,3.03,C08,C08C,.0588235296308994
qj,2.05,B22,B22D,.0588235296308994
vx,5.01,F16,F16P,.0588235296308994
pg,6.02,C09,C09C,.0588235296308994
zc,4.03,F24,F24S,.0588235296308994
nm,5.02,C07,C07F,.0588235296308994
ha,5.03,G01,G01W,.0588235296308994
ph,6.02,H01,H01M,.0588235296308994
fy,3.02,C05,C05D,.0588235296308994
db,2.08,F28,F28D,.0588235296308994
ka,4.01,B22,B22D,.0588235296308994
gc,1.05,C09,C09G,.0588235296308994
sd,3.02,B09,B09C,.0588235296308994
ph,6.02,C12,C12R,.0588235296308994
zm,1.06,B07,B07C,.0588235296308994
jm,5.04,B24,B24D,.0588235296308994
wc,3.03,G01,G01W,.0588235296308994
ju,4.01,C23,C23C,.0588235296308994
fy,3.02,F28,F28D,.0588235296308994
am,4.01,A22,A22C,.0588235296308994
ga,3.02,F28,F28D,.0588235296308994
ba,3.02,C08,C08L,.0588235296308994
qu,1.06,G01,G01Q,.0588628770783544
ac,2.02,D02,D02G,.0589285725727677
pe,5.02,G01,G01F,.0590277779847383
yu,3.03,B65,B65D,.0590303908102214
wv,3.03,A61,A61J,.0590909095481038
ue,2.11,G06,G06E,.0592532474547625
ni,3.01,F42,F42B,.0592592600733042
up,1.03,B23,B23H,.0595238106325269
yq,5.07,G01,G01H,.0595238115638494
xw,3.03,C30,C30B,.0595238115638494
ku,5.07,C12,C12Y,.059571620542556
da,1.06,C08,C08C,.0596078429371119
il,2.07,C12,C12N,.059703370090574
ff,3.02,G01,G01S,.0597600154578686
ns,2.01,G05,G05G,.0598484855145216
pm,2.05,G05,G05G,.0598484855145216
ea,1.04,H05,H05G,.0598915973678231
az,3.02,B05,B05B,.0600358415395021
ql,9,G01,G01N,.0601851865649223
su,3.02,G21,G21K,.0601851865649223
ig,2.06,B21,B21B,.0602006707340479
qe,2.09,B21,B21B,.0602006707340479
uf,1.03,H04,H04K,.0602006707340479
qg,2.05,A44,A44C,.0603070184588432
xy,1.01,H04,H04J,.060411810874939
pu,2.03,F41,F41C,.060606062412262
rq,1.06,B09,B09C,.060606062412262
vj,5.01,A61,A61J,.060606062412262
am,4.01,A61,A61D,.060606062412262
sy,1.03,B66,B66D,.060606062412262
oe,5.06,A61,A61J,.060606062412262
bm,5.07,A61,A61J,.060606062412262
pg,6.02,A61,A61N,.0606617648154497
ev,1.02,F24,F24S,.0607142876833677
dx,3.01,C10,C10B,.0607739663682878
tu,3.01,C10,C10B,.0607739663682878
kv,1.05,G16,G16H,.0608024713583291
ev,1.02,F42,F42B,.0608187140896916
pm,2.05,D01,D01B,.0609319000504911
ns,2.01,D01,D01B,.0609319000504911
ti,9,H01,H01J,.0610221214592457
da,1.06,A47,A47G,.0610421826131642
ue,2.11,B63,B63H,.0611111130565405
un,1.03,G06,G06G,.0611111130565405
gc,1.05,C07,C07H,.0612698416225612
aq,3.02,A61,A61C,.0613026823848486
yp,3.02,B08,B08B,.0613095248118043
dq,9,B29,B29D,.0613247882574797
hy,1.06,C11,C11B,.0614767118822783
um,3.01,G03,G03H,.0615079374983907
ba,3.02,C12,C12R,.061553031206131
ro,1.07,B27,B27N,.0615835785865784
dw,1.04,D21,D21B,.0616702819243073
ns,2.01,C12,C12R,.0617358714807779
hy,1.06,F02,F02D,.0617816089652479
uk,1.03,B60,B60W,.061805556062609
co,1.06,B66,B66C,.0619369384367019
po,1.01,A63,A63B,.0620300769805908
pi,1.06,H01,H01M,.062135178828612
un,1.03,G03,G03G,.0621951222419739
io,2.07,C12,C12Q,.0623406260274351
lj,3.02,C07,C07F,.0623479220084846
hf,6.03,G08,G08B,.0625
wm,5.04,C06,C06D,.0625
wc,3.03,A47,A47F,.0625
db,2.08,F21,F21K,.0625
if,2.11,C12,C12H,.0625
ee,1.04,A46,A46B,.0625
rb,2.02,E02,E02D,.0625
nn,3.03,F24,F24H,.0625
fi,1.04,C05,C05G,.0625
qg,2.05,B04,B04B,.0625
ei,1.04,F41,F41A,.0625
wm,5.04,F23,F23N,.0625
hi,5.01,A47,A47F,.0625
mw,5.09,H05,H05K,.0625
oo,3.03,C06,C06C,.0625
uh,1.03,A61,A61J,.0625
ue,2.11,F04,F04D,.0625
ji,5.01,B32,B32B,.0625
bp,6.04,B09,B09B,.0625
hb,5.03,C10,C10G,.0625
mc,1.06,H03,H03J,.0625
qe,2.09,F28,F28D,.0625
ex,1.02,B63,B63H,.0625
pc,5.02,B22,B22F,.0625
af,4.05,A01,A01C,.0625
zk,9,B06,B06B,.0625
ye,2.02,E02,E02D,.0625
we,3.02,C05,C05G,.0625
yq,5.07,H01,H01H,.0625
mc,1.06,B23,B23K,.0625
ta,1.06,A61,A61L,.0625
ac,2.02,E02,E02D,.0625
dt,2.03,C05,C05F,.0625
xe,4.01,C01,C01D,.0625
ds,3.02,D04,D04B,.0625
hb,5.03,C21,C21D,.0625
pc,5.02,A47,A47G,.0625
vs,5.01,C30,C30B,.0625
ry,2.03,B26,B26B,.0625
ds,3.02,G03,G03B,.0625
qk,6.01,G01,G01V,.0625
pd,6.02,C30,C30B,.0625
vx,5.01,C30,C30B,.0625
dk,5.02,G08,G08C,.0625
wh,3.02,D06,D06M,.0625
rb,2.02,B05,B05D,.0625
er,1.02,B06,B06B,.0625
bv,5.01,C08,C08B,.0625
ac,2.02,B44,B44C,.0625
wv,3.03,C06,C06D,.0625
pa,6.02,H05,H05H,.0625
fa,2.01,G21,G21K,.0625
rt,3.02,C12,C12H,.0625
hf,6.03,C06,C06D,.0625
we,3.02,B05,B05C,.0625
qu,1.06,E02,E02B,.0625
yu,3.03,A23,A23G,.0625
zm,1.06,H01,H01S,.0625
pi,1.06,H01,H01S,.0625
ji,5.01,C07,C07H,.0625
ml,9,G21,G21G,.0625
ex,1.02,B06,B06B,.0625
tu,3.01,G06,G06G,.0625
oa,2.11,F01,F01B,.0625
hb,5.03,C07,C07J,.0625
ia,3.02,H04,H04S,.0625
im,2.01,F16,F16J,.0625
mm,6.01,H05,H05H,.0625
ou,1.06,F26,F26B,.0625
qk,6.01,G06,G06T,.0625
fu,5.04,G02,G02B,.0625
cl,9,B22,B22F,.0625
ra,2.11,B02,B02B,.0625
vs,5.01,C12,C12G,.0625
sr,2.07,D06,D06F,.0625
er,1.02,B63,B63J,.0625
dt,2.03,B60,B60W,.0625
ih,2.07,B21,B21J,.0625
pu,2.03,A43,A43B,.0625
sy,1.03,B26,B26F,.0625
un,1.03,C05,C05F,.0625
qu,1.06,G21,G21K,.0625
ij,2.11,F23,F23N,.0625
wv,3.03,B23,B23P,.0625
ac,2.02,B63,B63J,.0625
il,2.07,B03,B03C,.0625
ze,1.06,C05,C05G,.0625
we,3.02,C10,C10B,.0625
wv,3.03,C06,C06C,.0625
nm,5.02,H01,H01M,.0625
un,1.03,B26,B26B,.0625
if,2.11,A41,A41C,.0625
zk,9,H03,H03M,.0625
lj,3.02,G01,G01B,.0625
vi,5.01,C30,C30B,.0625
ij,2.11,A23,A23K,.0625
op,3.03,G01,G01S,.0625
ua,6.03,B23,B23P,.0625
bd,1.06,B63,B63G,.0625
jb,5.07,A42,A42B,.0625
gc,1.05,A47,A47C,.0625
hf,6.03,B23,B23P,.0625
ry,2.03,F23,F23D,.0625
ql,9,G01,G01V,.0625
ru,3.01,C23,C23F,.0625
ex,1.02,D06,D06H,.0625
uh,1.03,Y02,Y02E,.0625
qu,1.06,F01,F01K,.0625
ub,1.03,C12,C12H,.0625
uh,1.03,B26,B26B,.0625
aa,1.03,B09,B09B,.0625
ff,3.02,B01,B01L,.0625
za,3.02,B03,B03B,.0625
pz,2.05,D06,D06L,.0625
up,1.03,B64,B64D,.0625
ou,1.06,H04,H04N,.0625
rb,2.02,E06,E06B,.0625
yq,5.07,B66,B66C,.0625
ba,3.02,B05,B05C,.0625
rt,3.02,A43,A43D,.0625
wm,5.04,G01,G01H,.0625
uk,1.03,C12,C12H,.0625
oo,3.03,B22,B22D,.0625
kv,1.05,G01,G01P,.0625
qg,2.05,H03,H03C,.0625
nu,5.08,F22,F22B,.0625
ei,1.04,Y02,Y02E,.0625
qg,2.05,C12,C12H,.0625
ip,2.07,B21,B21D,.0625
vi,5.01,G01,G01F,.0625
vs,5.01,G10,G10H,.0625
wv,3.03,G07,G07C,.0625
ha,5.03,G21,G21B,.0625
sd,3.02,H02,H02S,.0625
yp,3.02,G10,G10L,.0625
pa,6.02,B21,B21B,.0625
qg,2.05,F42,F42D,.0625
bd,1.06,A23,A23C,.0625
yo,3.01,B41,B41N,.0625
wv,3.03,B22,B22D,.0625
zd,9,G07,G07D,.0625
pc,5.02,A21,A21D,.0625
vi,5.01,A23,A23C,.0625
ep,1.02,B63,B63J,.0625
oo,3.03,C06,C06D,.0625
oo,3.03,B23,B23P,.0625
wy,5.04,B23,B23P,.0625
xa,5.04,G05,G05D,.0625
aq,3.02,G21,G21K,.0625
rt,3.02,G04,G04B,.0625
ot,6.02,B81,B81C,.0625
dm,3.02,H02,H02S,.0625
oz,6.02,B09,B09B,.0625
hf,6.03,B22,B22D,.0625
sa,3.03,B03,B03B,.0625
db,2.08,F24,F24H,.0625
gm,3.03,B01,B01L,.0625
ad,4.02,C12,C12C,.0625
ps,5.04,G16,G16H,.0625
pa,6.02,C13,C13K,.0625
le,1.05,A62,A62C,.0625
my,5.01,A61,A61Q,.0625
um,3.01,B22,B22F,.0625
rb,2.02,B63,B63J,.0625
we,3.02,G21,G21K,.0625
af,4.05,A01,A01G,.0625
pt,3.03,B65,B65D,.0625
bf,5.04,B06,B06B,.0625
en,9,G01,G01M,.0625
wm,5.04,A41,A41C,.0625
pn,1.01,F01,F01K,.0625
ns,2.01,E02,E02D,.0625
pc,5.02,A01,A01D,.0625
ex,1.02,H02,H02G,.0625
ep,1.02,D01,D01H,.0625
ih,2.07,G01,G01L,.0625
zk,9,C12,C12Y,.0625
co,1.06,F23,F23C,.0625
vm,5.06,E02,E02D,.0625
tu,3.01,B41,B41N,.0625
qa,3.01,G04,G04B,.0625
wv,3.03,C22,C22C,.0625
zm,1.06,C12,C12H,.0625
tq,3.02,G21,G21K,.0625
ae,4.05,H03,H03L,.0625
za,3.02,C13,C13K,.0625
sy,1.03,B61,B61D,.0625
tc,3.02,C12,C12H,.0625
pd,6.02,H01,H01G,.0625
po,1.01,B29,B29B,.0625
gy,5.02,C23,C23F,.0625
ti,9,A22,A22B,.0625
wv,3.03,G09,G09B,.0625
ku,5.07,A42,A42B,.0625
vy,3.02,B09,B09B,.0625
yp,3.02,F03,F03G,.0625
pe,5.02,A21,A21D,.0625
am,4.01,H03,H03L,.0625
pe,5.02,A47,A47G,.0625
oo,3.03,G07,G07C,.0625
qa,3.01,F16,F16J,.0625
aq,3.02,G07,G07C,.0625
iy,1.06,C05,C05D,.0625
dr,1.06,G04,G04B,.0625
iy,1.06,G10,G10H,.0625
ep,1.02,A23,A23J,.0625
sr,2.07,F03,F03G,.0625
um,3.01,H03,H03L,.0625
li,3.02,F04,F04B,.0625
vx,5.01,C12,C12G,.0625
if,2.11,D06,D06L,.0625
hf,6.03,C06,C06C,.0625
jm,5.04,C21,C21D,.0625
cu,1.06,H02,H02N,.0625000018626451
ei,1.04,H02,H02P,.0625000018626451
ju,4.01,G06,G06N,.0625000018626451
io,2.07,A01,A01G,.0625000018626451
zq,2.07,G21,G21K,.0625000027939677
re,1.05,G21,G21K,.0625000027939677
ni,3.01,C11,C11C,.0626114099286497
ql,9,C25,C25B,.0626225499436259
oe,5.06,C07,C07H,.0626335479319096
il,2.07,C12,C12P,.0626710467040539
dt,2.03,A61,A61J,.062678063288331
dt,2.03,B07,B07C,.0627450998872519
lj,3.02,H03,H03F,.0627450998872519
cu,1.06,G10,G10K,.0627450998872519
li,3.02,H03,H03F,.0627450998872519
nn,3.03,C25,C25D,.062770564109087
qj,2.05,H01,H01J,.062770564109087
pm,2.05,B04,B04B,.0627797162160277
ig,2.06,B09,B09C,.0629629632458091
ig,2.06,F15,F15D,.0630482458509505
xy,1.01,A24,A24B,.0631819998379797
mc,1.06,A21,A21D,.0632797502912581
ei,1.04,B62,B62J,.0633333334699273
oo,3.03,H04,H04R,.063492065295577
up,1.03,C25,C25B,.063492065295577
tm,3.01,A01,A01C,.0635080635547638
km,1.06,B05,B05D,.0635183653794229
hl,3.03,H01,H01J,.0635334744583815
pt,3.03,B29,B29B,.0635714307427406
ee,1.04,B25,B25F,.0637254910543561
ze,1.06,H01,H01G,.0638297852128744
ee,1.04,G01,G01L,.0638297852128744
nn,3.03,A22,A22B,.0639730654656887
ha,5.03,C12,C12Y,.0640522893518209
hy,1.06,C08,C08L,.0640845075249672
nn,3.03,B66,B66C,.0641891907434911
py,3.02,F21,F21K,.0642156880348921
iy,1.06,D01,D01F,.0642857151106
er,1.02,H03,H03L,.0643217884935439
rx,3.02,C12,C12M,.0643274858593941
dy,1.04,B01,B01B,.0643939413130283
ff,3.02,F25,F25B,.0645161271095276
ai,2.03,F22,F22B,.0645161271095276
qf,9,F02,F02M,.0645161271095276
qj,2.05,F16,F16F,.0645161271095276
zd,9,F25,F25B,.0645161271095276
vi,5.01,G10,G10D,.0645161271095276
bi,6.01,B64,B64C,.0645833350718021
yo,3.01,H03,H03L,.0645833350718021
re,1.05,H02,H02N,.0647058831527829
er,1.02,A01,A01B,.0648148152977228
pm,2.05,A23,A23J,.0648148152977228
su,3.02,A61,A61C,.0648526083678007
nu,5.08,B81,B81B,.0648528011515737
er,1.02,C12,C12M,.065062390640378
yp,3.02,C22,C22F,.0651260521262884
yr,2.01,F02,F02K,.0651515163481236
gc,1.05,B03,B03B,.0652173925191164
ml,9,C07,C07F,.0652654082514346
zk,9,G10,G10L,.0652777794748545
ih,2.07,E21,E21D,.0653409110382199
ea,1.04,A61,A61H,.0653594778850675
cl,9,H01,H01F,.0654761921614408
yu,3.03,G11,G11C,.0654761921614408
fy,3.02,C40,C40B,.0655357935465872
pw,2.06,G01,G01Q,.0655783843249083
dx,3.01,H01,H01Q,.0655913986265659
de,1.06,H01,H01S,.0656250007450581
co,1.06,B21,B21F,.0659722248092294
ye,2.02,C12,C12P,.066002017701976
qa,3.01,B25,B25F,.0660488083958626
pw,2.06,B25,B25F,.0660488083958626
tm,3.01,B25,B25F,.0660488083958626
pw,2.06,H03,H03F,.0661231884732842
yy,5.07,C07,C07H,.06612903252244
yu,3.03,B82,B82Y,.0661657727323472
le,1.05,C09,C09G,.0661764708347619
ad,4.02,D21,D21B,.0662074247375131
aq,3.02,A61,A61H,.0662393178790808
dm,3.02,B03,B03B,.0663461538497359
hb,5.03,H03,H03F,.0664251213893294
dr,1.06,B03,B03D,.0666666673496366
sr,2.07,C22,C22C,.0666666682809591
km,1.06,B02,B02C,.0666666682809591
oa,2.11,A23,A23B,.0666666682809591
hq,1.04,A23,A23B,.0666666682809591
hq,1.04,G06,G06E,.0666666682809591
rx,3.02,F15,F15B,.0666666701436043
wv,3.03,G06,G06C,.0666666701436043
ip,2.07,G03,G03H,.0666666701436043
ix,2.07,A61,A61N,.0666666701436043
dx,3.01,B09,B09B,.0666666701436043
ac,2.02,A43,A43D,.0666666701436043
oa,2.11,B25,B25H,.0666666701436043
qu,1.06,F25,F25C,.0666666701436043
my,5.01,A23,A23J,.0666666701436043
vj,5.01,G06,G06E,.0666666701436043
cn,5.01,F16,F16C,.0666666701436043
li,3.02,F41,F41H,.0666666701436043
lj,3.02,F41,F41H,.0666666701436043
vj,5.01,B01,B01F,.0666666701436043
ei,1.04,E03,E03F,.0666666701436043
dy,1.04,B27,B27C,.0666666701436043
qu,1.06,B21,B21F,.0666666701436043
en,9,H04,H04Q,.0666666701436043
ex,1.02,B21,B21F,.0666666701436043
dy,1.04,B28,B28D,.0666666701436043
af,4.05,G02,G02F,.0666666701436043
da,1.06,G10,G10H,.0666666701436043
qh,2.05,B41,B41M,.0666666701436043
ik,2.11,G01,G01W,.0666666701436043
ba,3.02,A23,A23B,.0666666701436043
sr,2.07,G09,G09F,.0666666701436043
or,5.09,B32,B32B,.0666666701436043
qa,3.01,D06,D06P,.0666666701436043
nn,3.03,A01,A01C,.0666666701436043
ue,2.11,F28,F28D,.0666666701436043
xa,5.04,E02,E02F,.0666666701436043
dx,3.01,G08,G08B,.0666666701436043
ex,1.02,C12,C12R,.0666666701436043
dx,3.01,F04,F04D,.0666666701436043
xy,1.01,B05,B05D,.0666666701436043
ye,2.02,B08,B08B,.0666666701436043
sr,2.07,D02,D02G,.0666666701436043
ur,1.01,A23,A23G,.0666666701436043
ct,9,B65,B65D,.0666666701436043
gu,1.06,E04,E04D,.0666666701436043
ds,3.02,C12,C12R,.0666666701436043
ew,1.02,H03,H03C,.0666666701436043
dk,5.02,B26,B26F,.0666666701436043
ds,3.02,A41,A41B,.0666666701436043
fa,2.01,F01,F01D,.0666666701436043
rx,3.02,G01,G01W,.0666666701436043
un,1.03,A23,A23G,.0666666701436043
ns,2.01,B61,B61K,.0666666701436043
gu,1.06,B81,B81B,.0666666701436043
pk,2.05,B67,B67D,.0666666701436043
ij,2.11,B64,B64F,.0666666701436043
ia,3.02,E05,E05D,.0666666701436043
ku,5.07,D02,D02G,.0666666701436043
jb,5.07,G07,G07D,.0666666701436043
gu,1.06,D02,D02G,.0666666701436043
ga,3.02,B26,B26F,.0666666701436043
dx,3.01,H03,H03K,.0666666701436043
aa,1.03,B21,B21B,.0666666701436043
nm,5.02,C08,C08B,.0666666701436043
jm,5.04,G11,G11C,.0666666701436043
id,2.07,H05,H05G,.0666666701436043
yr,2.01,C06,C06B,.0666666701436043
di,5.02,C05,C05C,.0666666701436043
pc,5.02,C21,C21C,.0666666701436043
fs,6.04,F01,F01K,.0666666701436043
up,1.03,A23,A23G,.0666666701436043
za,3.02,F28,F28D,.0666666701436043
ih,2.07,B63,B63C,.0666666701436043
oy,9,C12,C12R,.0666666701436043
um,3.01,B23,B23B,.0666666701436043
ex,1.02,D02,D02G,.0666666701436043
ij,2.11,G04,G04D,.0666666701436043
sr,2.07,H02,H02P,.0666666701436043
ac,2.02,B25,B25H,.0666666701436043
fs,6.04,A21,A21D,.0666666701436043
iu,2.03,A43,A43D,.0666666701436043
ma,3.02,F01,F01N,.0666666701436043
co,1.06,C12,C12F,.0666666701436043
ev,1.02,F25,F25C,.0666666701436043
vi,5.01,G01,G01K,.0666666701436043
ia,3.02,A45,A45C,.0666666701436043
su,3.02,A21,A21D,.0666666701436043
zr,1.05,D02,D02G,.0666666701436043
sr,2.07,C09,C09J,.0666666701436043
sr,2.07,A45,A45B,.0666666701436043
fi,1.04,A62,A62D,.0666666701436043
pe,5.02,G04,G04D,.0666666701436043
ni,3.01,H04,H04K,.0666666701436043
xa,5.04,B22,B22F,.0666666701436043
uf,1.03,A01,A01D,.0666666701436043
wh,3.02,C08,C08K,.0666666701436043
sd,3.02,B23,B23B,.0666666701436043
re,1.05,B60,B60C,.0666666701436043
da,1.06,F03,F03D,.0666666701436043
po,1.01,B23,B23F,.0666666701436043
bq,6.05,A45,A45C,.0666666701436043
mc,1.06,G01,G01W,.0666666701436043
ec,1.04,A23,A23C,.0666666701436043
zq,2.07,G03,G03H,.0666666701436043
za,3.02,E03,E03F,.0666666701436043
ku,5.07,E02,E02F,.0666666701436043
ay,3.01,B29,B29D,.0666666701436043
ia,3.02,A62,A62C,.0666666701436043
jb,5.07,B60,B60N,.0666666701436043
nn,3.03,G21,G21K,.0666666701436043
ew,1.02,D02,D02G,.0666666701436043
re,1.05,C05,C05B,.0666666701436043
er,1.02,F02,F02P,.0666666701436043
ry,2.03,A24,A24D,.0666666701436043
ip,2.07,B60,B60T,.0666666701436043
ql,9,C12,C12R,.0666666701436043
dw,1.04,G08,G08B,.0666666701436043
uq,5.07,G07,G07D,.0666666701436043
qf,9,F26,F26B,.0666666701436043
im,2.01,A24,A24D,.0666666701436043
ii,2.04,B25,B25H,.0666666701436043
pw,2.06,F16,F16C,.0666666701436043
fs,6.04,F24,F24S,.0666666701436043
om,5.05,C25,C25B,.0666666701436043
rx,3.02,H01,H01J,.0666666701436043
co,1.06,G21,G21C,.0666666701436043
ub,1.03,Y02,Y02P,.0666666701436043
yy,5.07,E04,E04D,.0666666701436043
io,2.07,H03,H03G,.0666666701436043
ki,3.02,H03,H03K,.0666666701436043
oa,2.11,C05,C05D,.0666666701436043
pz,2.05,G10,G10D,.0666666701436043
yr,2.01,B62,B62M,.0666666701436043
ou,1.06,A61,A61Q,.0666666701436043
qq,1.05,A23,A23D,.0666666701436043
ra,2.11,H04,H04R,.0666666701436043
qj,2.05,F23,F23G,.0666666701436043
uy,1.04,F23,F23G,.0666666701436043
zc,4.03,E03,E03F,.0666666701436043
ti,9,G02,G02F,.0666666701436043
uy,1.04,H01,H01P,.0666666701436043
ku,5.07,A01,A01G,.0666666701436043
iu,2.03,B27,B27B,.0666666701436043
ds,3.02,B26,B26F,.0666666701436043
zq,2.07,G02,G02F,.0666666701436043
ep,1.02,B21,B21F,.0666666701436043
jo,5.04,G06,G06C,.0666666701436043
gm,3.03,G01,G01L,.0666666701436043
qa,3.01,B21,B21D,.0666666701436043
lq,3.03,B26,B26F,.0666666701436043
ye,2.02,C06,C06B,.0666666701436043
ky,1.05,C21,C21C,.0666666701436043
oa,2.11,B27,B27B,.0666666701436043
tm,3.01,H02,H02K,.0666666701436043
vx,5.01,G01,G01K,.0666666701436043
mr,6.01,C08,C08B,.0666666701436043
rb,2.02,A43,A43D,.0666666701436043
yp,3.02,G10,G10H,.0666666701436043
yp,3.02,B29,B29D,.0666666701436043
es,2.02,F23,F23G,.0666666701436043
yo,3.01,C23,C23F,.0666666701436043
pu,2.03,B25,B25H,.0666666701436043
vi,5.01,F41,F41H,.0666666701436043
bf,5.04,E04,E04C,.0666666701436043
ei,1.04,B28,B28D,.0666666701436043
ur,1.01,C06,C06D,.0666666701436043
un,1.03,H03,H03G,.0666666701436043
tc,3.02,E03,E03F,.0666666701436043
jo,5.04,G09,G09G,.0666666701436043
fs,6.04,C13,C13B,.0666666701436043
ep,1.02,G09,G09D,.0666666701436043
le,1.05,F16,F16C,.0666666701436043
cn,5.01,A47,A47G,.0666666701436043
le,1.05,G09,G09F,.0666666701436043
ye,2.02,A45,A45B,.0666666701436043
uh,1.03,F16,F16L,.0666666701436043
yr,2.01,B08,B08B,.0666666701436043
pn,1.01,C06,C06D,.0666666701436043
ka,4.01,B64,B64G,.0666666701436043
ni,3.01,G21,G21G,.0666666701436043
sy,1.03,B09,B09C,.0666666701436043
or,5.09,G01,G01K,.0666666701436043
tm,3.01,A01,A01M,.0666666701436043
ju,4.01,B09,B09B,.0666666701436043
xy,1.01,A63,A63H,.0666666701436043
ai,2.03,A21,A21D,.0666666701436043
py,3.02,A45,A45C,.0666666701436043
xa,5.04,H03,H03L,.0666666701436043
co,1.06,H04,H04S,.0666666701436043
fu,5.04,G06,G06C,.0666666701436043
yp,3.02,G21,G21G,.0666666701436043
jm,5.04,E04,E04C,.0666666701436043
rp,6.04,B60,B60N,.0666666701436043
bf,5.04,E02,E02F,.0666666701436043
le,1.05,G07,G07G,.0666666701436043
eq,3.01,F21,F21K,.0666666701436043
ry,2.03,A23,A23F,.0666666701436043
pf,6.02,C09,C09K,.0666666701436043
dx,3.01,G10,G10L,.0666666701436043
ep,1.02,D06,D06M,.0666666701436043
hq,1.04,F04,F04F,.0667869159951806
gu,1.06,G01,G01T,.0669642873108387
yr,2.01,B06,B06B,.0669642873108387
uy,1.04,F02,F02G,.0670289867557585
uk,1.03,C11,C11C,.0670469896867871
ct,9,G09,G09G,.0670498088002205
pc,5.02,C07,C07J,.0671936776489019
sr,2.07,F42,F42B,.067226892337203
ry,2.03,B81,B81B,.0672743059694767
ia,3.02,B22,B22F,.0672877859324217
ma,3.02,B22,B22F,.0672877859324217
vy,3.02,D06,D06M,.0673400685191154
pc,5.02,G21,G21K,.0674603180959821
un,1.03,B81,B81B,.0675327042117715
ku,5.07,A01,A01H,.0676630446687341
tm,3.01,A24,A24B,.0676697548478842
cn,5.01,G16,G16H,.067708333954215
ee,1.04,B26,B26D,.0677223866805434
sd,3.02,D21,D21H,.0678733047097921
wf,1.06,D21,D21H,.0678733047097921
tm,3.01,B67,B67B,.0679012350738049
za,3.02,Y02,Y02A,.0679444819688797
ay,3.01,C07,C07F,.0679604280740023
wm,5.04,C12,C12Y,.0680085178464651
dt,2.03,H03,H03D,.0680555561557412
ki,3.02,H04,H04H,.0681818202137947
gc,1.05,A01,A01B,.0681818202137947
pw,2.06,F04,F04D,.0681818202137947
ga,3.02,F02,F02K,.0681818202137947
ev,1.02,F23,F23R,.0681818202137947
pe,5.02,H03,H03L,.0681818202137947
mu,4.01,D21,D21C,.0681818202137947
rz,3.03,C12,C12R,.0681932726874948
ix,2.07,C12,C12Q,.0682194624096155
qu,1.06,B82,B82B,.0682539688423276
qh,2.05,G01,G01Q,.0682870373129845
sr,2.07,C08,C08L,.068300657090731
di,5.02,C12,C12Y,.068325923755765
ni,3.01,C01,C01G,.0684453239664435
uu,5.06,C12,C12H,.0684523824602365
dy,1.04,B21,B21J,.0684523824602365
oe,5.06,C12,C12H,.0684523824602365
qa,3.01,F42,F42B,.0685185194015503
yq,5.07,C12,C12Q,.068534056423232
rx,3.02,B01,B01L,.0686026941984892
po,1.01,G05,G05F,.0687645711004734
vx,5.01,G01,G01J,.068888888694346
mc,1.06,C23,C23C,.0689102564938366
ai,2.03,B28,B28D,.0689655169844627
pi,1.06,B81,B81C,.0689655169844627
gm,3.03,F16,F16K,.0690476223826408
hy,1.06,G01,G01B,.0691991448402405
ig,2.06,A47,A47G,.0692307692952454
vi,5.01,C07,C07F,.0693194917403162
hy,1.06,A23,A23G,.0693606631830335
ev,1.02,A22,A22C,.0694444449618459
po,1.01,H01,H01B,.0694444458931684
qf,9,A01,A01H,.0694444458931684
da,1.06,G21,G21H,.0694444458931684
es,2.02,C40,C40B,.0694913993356749
pe,5.02,G01,G01Q,.0696078445762396
pw,2.06,H04,H04S,.0696386964991689
en,9,A61,A61L,.0696428606752306
gc,1.05,H01,H01P,.0696858251467347
ni,3.01,H03,H03L,.0697115398943424
uq,5.07,H03,H03L,.0697115398943424
oa,2.11,A24,A24B,.0697929116431624
ra,2.11,G01,G01C,.0698412712663412
mm,6.01,C23,C23F,.0699346410110593
qu,1.06,B60,B60W,.0699999984353781
co,1.06,F28,F28D,.0700354604050517
co,1.06,H04,H04J,.070048309629783
dw,1.04,G21,G21G,.0700483098626137
fa,2.01,H02,H02N,.0700483098626137
zq,2.07,H01,H01G,.0702438424341381
ai,2.03,C09,C09C,.0702693942002952
az,3.02,C07,C07F,.0703166704624891
ry,2.03,B02,B02C,.0703703723847866
wu,5.04,G05,G05F,.0703703723847866
pt,3.03,B81,B81B,.0704583246260881
xw,3.03,B81,B81B,.0704583246260881
ei,1.04,A47,A47B,.0705128228291869
io,2.07,F41,F41H,.0705645158886909
dk,5.02,A23,A23D,.0707196034491062
ae,4.05,C01,C01G,.0707285646349192
ra,2.11,B03,B03C,.0708133969455957
ay,3.01,C08,C08G,.0709068491123617
rb,2.02,H01,H01B,.0710526332259178
zd,9,B21,B21F,.0711805559694767
mw,5.09,A23,A23L,.0711805559694767
dr,1.06,Y02,Y02A,.0712560599204153
yq,5.07,C07,C07C,.0712962998077273
pw,2.06,C12,C12C,.0713235298171639
ns,2.01,B09,B09C,.0713489567860961
ex,1.02,H05,H05H,.0713836513459682
py,3.02,Y02,Y02P,.0714285718277097
xy,1.01,F28,F28F,.0714285727590322
dq,9,G21,G21K,.0714285727590322
am,4.01,B30,B30B,.0714285727590322
ya,3.02,D04,D04G,.0714285727590322
oy,9,B64,B64F,.0714285746216774
mc,1.06,C09,C09B,.0714285746216774
eu,2.02,E04,E04H,.0714285746216774
da,1.06,G04,G04F,.0714285746216774
af,4.05,A61,A61M,.0714285746216774
qh,2.05,A24,A24B,.0714285746216774
up,1.03,B41,B41F,.0714285746216774
ee,1.04,D06,D06B,.0714285746216774
vy,3.02,B03,B03D,.0714285746216774
af,4.05,G02,G02B,.0714285746216774
ka,4.01,C12,C12G,.0714285746216774
ja,1.05,H03,H03L,.0714285746216774
qg,2.05,D06,D06L,.0714285746216774
iy,1.06,H01,H01G,.0714285746216774
bf,5.04,F16,F16H,.0714285746216774
bp,6.04,F25,F25C,.0714285746216774
ix,2.07,G09,G09G,.0714285746216774
co,1.06,F02,F02M,.0714285746216774
ou,1.06,F01,F01B,.0714285746216774
qe,2.09,B64,B64G,.0714285746216774
zd,9,A46,A46B,.0714285746216774
wf,1.06,C25,C25B,.0714285746216774
pg,6.02,C07,C07J,.0714285746216774
wv,3.03,C09,C09B,.0714285746216774
qg,2.05,F16,F16B,.0714285746216774
dw,1.04,B64,B64G,.0714285746216774
we,3.02,E04,E04H,.0714285746216774
eu,2.02,A47,A47J,.0714285746216774
qg,2.05,F15,F15B,.0714285746216774
ac,2.02,B61,B61D,.0714285746216774
le,1.05,E01,E01D,.0714285746216774
xa,5.04,C11,C11B,.0714285746216774
gm,3.03,A01,A01H,.0714285746216774
zm,1.06,B27,B27M,.0714285746216774
il,2.07,B60,B60R,.0714285746216774
ih,2.07,C07,C07J,.0714285746216774
aq,3.02,G08,G08G,.0714285746216774
wq,5.01,F16,F16D,.0714285746216774
hi,5.01,A23,A23B,.0714285746216774
pi,1.06,F01,F01B,.0714285746216774
fy,3.02,G01,G01K,.0714285746216774
xw,3.03,H03,H03L,.0714285746216774
ot,6.02,G08,G08C,.0714285746216774
im,2.01,A45,A45F,.0714285746216774
wm,5.04,A23,A23J,.0714285746216774
il,2.07,B06,B06B,.0714285746216774
gu,1.06,B27,B27M,.0714285746216774
vm,5.06,C12,C12Y,.0714285746216774
zk,9,H04,H04S,.0714285746216774
ka,4.01,B81,B81C,.0714285746216774
un,1.03,B41,B41F,.0714285746216774
iy,1.06,H04,H04S,.0714285746216774
ze,1.06,C10,C10G,.0714285746216774
hb,5.03,G21,G21G,.0714285746216774
dq,9,A01,A01G,.0714285746216774
um,3.01,G07,G07B,.0714285746216774
lq,3.03,A47,A47J,.0714285746216774
ji,5.01,H03,H03M,.0714285746216774
hb,5.03,A23,A23B,.0714285746216774
pt,3.03,B60,B60Q,.0714285746216774
jo,5.04,B65,B65H,.0714285746216774
mq,6.01,G01,G01M,.0714285746216774
dr,1.06,F03,F03B,.0714285746216774
ah,4.01,D04,D04B,.0714285746216774
yg,6.04,C07,C07J,.0714285746216774
eu,2.02,A23,A23D,.0714285746216774
ew,1.02,E01,E01C,.0714285746216774
er,1.02,B24,B24B,.0714285746216774
gu,1.06,H03,H03L,.0714285746216774
ij,2.11,C08,C08B,.0714285746216774
bf,5.04,B60,B60Q,.0714285746216774
my,5.01,A23,A23B,.0714285746216774
sd,3.02,D21,D21B,.0714285746216774
ha,5.03,E04,E04H,.0714285746216774
af,4.05,A01,A01K,.0714285746216774
ec,1.04,D06,D06B,.0714285746216774
ai,2.03,A61,A61J,.0714285746216774
ki,3.02,C13,C13B,.0714285746216774
ml,9,C08,C08L,.0714285746216774
we,3.02,A47,A47J,.0714285746216774
kv,1.05,A63,A63B,.0714285746216774
hf,6.03,E01,E01C,.0714285746216774
zr,1.05,E01,E01D,.0714285746216774
yg,6.04,A21,A21D,.0714285746216774
qe,2.09,B27,B27K,.0714285746216774
xy,1.01,D04,D04B,.0714285746216774
pc,5.02,C40,C40B,.0714285746216774
uu,5.06,A23,A23J,.0714285746216774
zd,9,B41,B41M,.0714285746216774
ot,6.02,D01,D01F,.0714285746216774
qe,2.09,D06,D06L,.0714285746216774
pt,3.03,A23,A23K,.0714285746216774
ni,3.01,C01,C01F,.0714285746216774
il,2.07,G04,G04G,.0714285746216774
ja,1.05,F01,F01B,.0714285746216774
km,1.06,D04,D04B,.0714285746216774
ec,1.04,F02,F02K,.0714285746216774
li,3.02,G10,G10H,.0714285746216774
zc,4.03,C09,C09C,.0714285746216774
gu,1.06,F24,F24F,.0714285746216774
pc,5.02,H02,H02P,.0714285746216774
mu,4.01,E02,E02B,.0714285746216774
dq,9,A47,A47F,.0714285746216774
ad,4.02,G07,G07D,.0714285746216774
lq,3.03,G01,G01F,.0714285746216774
qq,1.05,F01,F01D,.0714285746216774
wu,5.04,C40,C40B,.0714285746216774
ni,3.01,G07,G07B,.0714285746216774
mu,4.01,C08,C08L,.0714285746216774
po,1.01,G02,G02C,.0714285746216774
qk,6.01,H05,H05K,.0714285746216774
gc,1.05,C10,C10C,.0714285746216774
cn,5.01,A63,A63H,.0714285746216774
jy,4.05,F01,F01B,.0714285746216774
wh,3.02,A63,A63F,.0714285746216774
rt,3.02,A46,A46B,.0714285746216774
fy,3.02,B27,B27K,.0714285746216774
td,3.02,B64,B64D,.0714285746216774
jy,4.05,H01,H01S,.0714285746216774
wy,5.04,E01,E01C,.0714285746216774
yu,3.03,G10,G10L,.0714285746216774
uf,1.03,B41,B41F,.0714285746216774
kv,1.05,C07,C07F,.0714285746216774
yo,3.01,A41,A41B,.0714285746216774
ui,1.03,F04,F04C,.0714285746216774
pg,6.02,G07,G07G,.0714285746216774
he,5.03,G01,G01B,.0714285746216774
yi,6.03,D06,D06F,.0714285746216774
ki,3.02,C22,C22B,.0714285746216774
qh,2.05,C07,C07G,.0714285746216774
zm,1.06,F24,F24F,.0714285746216774
zc,4.03,C09,C09G,.0714285746216774
ky,1.05,A63,A63H,.0714285746216774
dr,1.06,C14,C14C,.0714285746216774
ay,3.01,H04,H04R,.0714285746216774
mm,6.01,D06,D06F,.0714285746216774
cq,1.06,C01,C01C,.0714285746216774
ja,1.05,B44,B44D,.0714285746216774
yy,5.07,C10,C10L,.0714285746216774
hy,1.06,B61,B61L,.0714285746216774
te,1.05,A63,A63H,.0714285746216774
om,5.05,A62,A62D,.0714285746216774
he,5.03,H01,H01G,.0714285746216774
de,1.06,C01,C01F,.0714285746216774
ip,2.07,D01,D01F,.0714285746216774
wc,3.03,A23,A23D,.0714285746216774
cl,9,A41,A41D,.0714285746216774
wf,1.06,D21,D21B,.0714285746216774
bf,5.04,H04,H04H,.0714285746216774
ds,3.02,G01,G01H,.0714285746216774
bd,1.06,C09,C09J,.0714285746216774
oy,9,G08,G08C,.0714285746216774
yq,5.07,G05,G05F,.0714285746216774
co,1.06,G07,G07B,.0714285746216774
uu,5.06,E04,E04H,.0714285746216774
zm,1.06,A63,A63H,.0714285746216774
aa,1.03,A41,A41D,.0714285746216774
dr,1.06,B61,B61L,.0714285746216774
en,9,B64,B64F,.0714285746216774
ot,6.02,B64,B64F,.0714285746216774
ds,3.02,A47,A47J,.0714285746216774
si,1.05,C07,C07H,.0714596975594759
hb,5.03,G21,G21B,.0714610395953059
td,3.02,B01,B01J,.0714743360877037
pt,3.03,H02,H02N,.0715197958052158
eq,3.01,H01,H01F,.071536798030138
qf,9,C09,C09G,.0715686311013997
xy,1.01,G06,G06G,.0717320283874869
fu,5.04,H04,H04M,.0717398077249527
ve,3.02,C07,C07B,.0717526581138372
pu,2.03,D02,D02G,.071753247641027
uh,1.03,B44,B44C,.0717592593282461
tm,3.01,B25,B25J,.0717703364789486
oe,5.06,A01,A01H,.0717885736376047
ik,2.11,F01,F01N,.0717948749661446
ay,3.01,G01,G01J,.0718344016931951
qe,2.09,G06,G06N,.0718599045649171
um,3.01,C08,C08H,.0718623492866755
hq,1.04,C08,C08H,.0719638802111149
iu,2.03,B25,B25D,.0719696991145611
da,1.06,F15,F15C,.0719708814285696
dr,1.06,C13,C13B,.0720238126814365
pq,1.01,G06,G06G,.0720773600041866
wf,1.06,C09,C09D,.0722222235053778
he,5.03,A61,A61N,.0722222235053778
ac,2.02,G06,G06E,.0722222235053778
fi,1.04,H03,H03L,.0722943716682494
ds,3.02,A23,A23G,.0723039228469133
gu,1.06,E01,E01F,.0724637694656849
ec,1.04,H02,H02H,.072727270424366
su,3.02,B60,B60N,.072727270424366
wu,5.04,G05,G05G,.0727272741496563
da,1.06,C25,C25F,.0727451001293957
rt,3.02,H02,H02N,.0727513246238232
db,2.08,F28,F28C,.0727969352155924
cq,1.06,F15,F15C,.0728704873472452
pw,2.06,B05,B05D,.0729080364108086
qf,9,B64,B64D,.0729166669771075
ea,1.04,B02,B02B,.0729166679084301
dx,3.01,A41,A41D,.0729166688397527
nq,5.01,A61,A61J,.0729166698874906
qk,6.01,C07,C07H,.0729229124262929
mw,5.09,C07,C07K,.0729752578772604
ix,2.07,H01,H01F,.0730158742517233
qu,1.06,H03,H03M,.0730397421866655
iq,2.02,B41,B41D,.0733870973344892
dt,2.03,A61,A61C,.0734338061884046
ku,5.07,H01,H01Q,.0734383927192539
ev,1.02,F15,F15D,.0736215570941567
ns,2.01,A01,A01C,.0736393928527832
ee,1.04,B81,B81C,.0738025608006865
qh,2.05,A23,A23G,.0738095249980688
da,1.06,D04,D04H,.0738095249980688
ct,9,B04,B04B,.0739674572832882
gy,5.02,B01,B01L,.0740155074745417
ht,1.06,C23,C23C,.0740196113474667
am,4.01,C01,C01F,.0740740746259689
ae,4.05,E04,E04F,.0740740746259689
ku,5.07,G08,G08B,.0740740746259689
uq,5.07,G01,G01D,.0740740746259689
de,1.06,C25,C25B,.0740740746259689
fi,1.04,A24,A24F,.0740740746259689
jy,4.05,F42,F42D,.0740740746259689
ah,4.01,A47,A47G,.0740740746259689
vy,3.02,F03,F03G,.0740740746259689
af,4.05,C12,C12R,.0740740746259689
ub,1.03,C21,C21B,.0740740746259689
ig,2.06,B42,B42D,.0740740746259689
pc,5.02,H04,H04S,.0740740746259689
dq,9,H02,H02P,.0740740746259689
uq,5.07,H04,H04S,.0740740746259689
we,3.02,H02,H02P,.0740740746259689
fi,1.04,H01,H01H,.0741758272051811
pu,2.03,A24,A24F,.0744186080992222
ae,4.05,F02,F02M,.074503434356302
ht,1.06,H01,H01M,.0745244040153921
il,2.07,C02,C02F,.0745271872729063
rb,2.02,F02,F02G,.0747863259166479
qu,1.06,F21,F21V,.0748663116246462
bm,5.07,A23,A23K,.0750000011175871
ry,2.03,H03,H03C,.0750000011175871
ac,2.02,F28,F28D,.0750517630949616
wu,5.04,C12,C12Y,.0751633998006582
ze,1.06,C10,C10L,.0752399805933237
hy,1.06,D01,D01B,.0752688152715564
po,1.01,B66,B66C,.0753968264907598
mc,1.06,A23,A23K,.0754403766477481
po,1.01,A61,A61H,.0754985772073269
xq,2.11,F02,F02D,.0755050517618656
qe,2.09,G07,G07C,.0755555555224419
uf,1.03,F15,F15C,.0757575770840049
yy,5.07,G07,G07C,.0757575780153275
az,3.02,C07,C07H,.0758051439188421
sd,3.02,C11,C11B,.0759022766724229
sy,1.03,F16,F16P,.0759803941473365
zm,1.06,G10,G10H,.0761111145839095
km,1.06,B03,B03D,.0761904772371054
dt,2.03,C07,C07G,.0762362661771476
nq,5.01,G03,G03B,.0763157904148102
ro,1.07,A41,A41C,.0763888889923692
ea,1.04,D03,D03D,.0763888899236917
ye,2.02,C11,C11C,.076470592059195
pz,2.05,F03,F03D,.076470592059195
oa,2.11,B24,B24D,.0765873044729233
wy,5.04,C12,C12Q,.0767195797525346
mq,6.01,A61,A61H,.076743851415813
il,2.07,C10,C10L,.0767973866313696
pq,1.01,H04,H04K,.0768115967512131
pw,2.06,H03,H03M,.0768321510404348
yo,3.01,F04,F04D,.0768707515671849
yr,2.01,C11,C11C,.0768707515671849
ya,3.02,C25,C25F,.0769230779260397
pw,2.06,F28,F28F,.0769230779260397
we,3.02,C25,C25F,.0769230779260397
dq,9,G07,G07D,.0769230797886848
dq,9,C25,C25B,.0769230797886848
yg,6.04,H04,H04S,.0769230797886848
xq,2.11,B65,B65H,.0769230797886848
de,1.06,A44,A44C,.0769230797886848
ra,2.11,F16,F16F,.0769230797886848
bu,1.03,B23,B23K,.0769230797886848
bm,5.07,G06,G06K,.0769230797886848
ky,1.05,H05,H05K,.0769230797886848
wc,3.03,F16,F16F,.0769230797886848
dk,5.02,C12,C12Y,.0769230797886848
sa,3.03,G01,G01L,.0769230797886848
cq,1.06,A44,A44C,.0769230797886848
op,3.03,A44,A44C,.0769230797886848
qa,3.01,D04,D04B,.0769230797886848
ui,1.03,F24,F24H,.0769230797886848
de,1.06,G05,G05F,.0769230797886848
xw,3.03,C09,C09J,.0769230797886848
ui,1.03,F27,F27D,.0769230797886848
bf,5.04,F16,F16F,.0769230797886848
gm,3.03,G05,G05F,.0769230797886848
bi,6.01,A47,A47C,.0769230797886848
ut,6.02,H04,H04K,.0769230797886848
ni,3.01,B60,B60L,.0769230797886848
jw,6.02,A61,A61L,.0769230797886848
db,2.08,G07,G07D,.0769230797886848
rp,6.04,G16,G16H,.0769230797886848
my,5.01,C12,C12R,.0769230797886848
qu,1.06,B03,B03D,.0769230797886848
qc,6.02,D02,D02G,.0769230797886848
bf,5.04,G10,G10H,.0769230797886848
qg,2.05,A24,A24F,.0769230797886848
wh,3.02,G06,G06N,.0769230797886848
qd,6.02,H04,H04L,.0769230797886848
td,3.02,G08,G08C,.0769230797886848
si,1.05,G07,G07D,.0769230797886848
eq,3.01,A23,A23G,.0769230797886848
pj,2.05,E01,E01C,.0769230797886848
su,3.02,D06,D06P,.0769230797886848
ec,1.04,F27,F27D,.0769230797886848
fy,3.02,A47,A47C,.0769230797886848
tu,3.01,C12,C12F,.0769230797886848
js,6.04,H05,H05H,.0769230797886848
az,3.02,G21,G21C,.0769230797886848
ct,9,H03,H03L,.0769230797886848
km,1.06,A44,A44C,.0769230797886848
xw,3.03,C12,C12F,.0769230797886848
qh,2.05,C07,C07H,.0769444452598691
ja,1.05,B63,B63G,.076992753893137
km,1.06,B05,B05C,.076992753893137
ec,1.04,F16,F16K,.0770010119304061
pf,6.02,C08,C08G,.0770204309374094
cl,9,C22,C22C,.0772058824077249
re,1.05,C12,C12Q,.0772554026916623
ev,1.02,C09,C09B,.0773809552192688
pc,5.02,C13,C13B,.0773809552192688
sa,3.03,F02,F02D,.0773809552192688
wm,5.04,C13,C13B,.0773809552192688
ec,1.04,B81,B81B,.0775274075567722
qq,1.05,G06,G06G,.0775641044601798
ip,2.07,C11,C11C,.0775657892227173
za,3.02,B03,B03C,.0776045341044664
ae,4.05,C05,C05C,.0777777787297964
oo,3.03,C23,C23C,.0777777787297964
wv,3.03,C23,C23C,.0777777787297964
ex,1.02,H01,H01T,.0777777787297964
ze,1.06,G01,G01M,.0777777787297964
hf,6.03,C23,C23C,.0777777787297964
fi,1.04,G06,G06Q,.0777777801267803
cu,1.06,E05,E05D,.0777777805924416
ih,2.07,Y02,Y02P,.0777777805924416
qf,9,G21,G21G,.0777777815237641
ct,9,B29,B29D,.0777777815237641
xe,4.01,C12,C12Y,.0779220797121525
ky,1.05,B03,B03D,.0779220797121525
re,1.05,C12,C12M,.0780303068459034
zq,2.07,C12,C12M,.0780303068459034
uh,1.03,F42,F42D,.078125
ds,3.02,C03,C03C,.078125
pc,5.02,H03,H03L,.0782828293740749
de,1.06,G10,G10L,.07839042134583
ev,1.02,F16,F16P,.078431373462081
tm,3.01,A47,A47K,.0784313753247261
op,3.03,H03,H03M,.0784313753247261
ay,3.01,A41,A41D,.0784615390002728
ou,1.06,C07,C07D,.0785017290618271
ht,1.06,H02,H02M,.0785675402730703
gc,1.05,H01,H01G,.0785714304074645
io,2.07,B62,B62D,.0785714318044484
si,1.05,B62,B62D,.0785714318044484
ad,4.02,A24,A24B,.0786340869963169
ac,2.02,F17,F17D,.0787037052214146
yo,3.01,H05,H05H,.0787037052214146
ox,6.02,B29,B29B,.0787037052214146
dt,2.03,C40,C40B,.0787545819766819
ur,1.01,B24,B24B,.0787878818809986
ea,1.04,F21,F21K,.0787878818809986
bi,6.01,A01,A01M,.0787878818809986
ze,1.06,B66,B66C,.0788288307376206
ps,5.04,C07,C07H,.0788617916405201
dx,3.01,B05,B05C,.0789084443822503
uk,1.03,A62,A62B,.0789141431450844
qa,3.01,B29,B29D,.0789173827506602
hq,1.04,C12,C12H,.0790123455226421
dx,3.01,F42,F42B,.0790123492479324
sd,3.02,F16,F16K,.0791062815114856
xq,2.11,F41,F41H,.0791666675359011
ki,3.02,C12,C12C,.0791666680015624
ik,2.11,D21,D21B,.0793650802224874
qu,1.06,G01,G01T,.0794117655605078
hy,1.06,B29,B29D,.0794871831312776
qe,2.09,A47,A47G,.0797353186644614
dq,9,B09,B09C,.0799999982118607
zd,9,B29,B29B,.0799999982118607
ro,1.07,B62,B62J,.0799999982118607
sy,1.03,D02,D02J,.0799999982118607
rb,2.02,A01,A01C,.0799999982118607
oa,2.11,C13,C13K,.0799999982118607
db,2.08,B44,B44C,.0799999982118607
ei,1.04,D02,D02J,.0799999991431832
uk,1.03,D02,D02J,.0799999991431832
qf,9,F01,F01N,.0800492642447352
jw,6.02,C12,C12Q,.0801282078027725
ah,4.01,F42,F42B,.080246914178133
pm,2.05,G04,G04G,.0803571436554193
le,1.05,B28,B28D,.0804597698152065
fi,1.04,G05,G05F,.0804792083799839
re,1.05,F16,F16H,.0805455122608691
er,1.02,H03,H03D,.0806818176060915
wq,5.01,C12,C12C,.0808338010683656
zr,1.05,C10,C10B,.0808544126339257
su,3.02,H04,H04R,.0808966886252165
dw,1.04,F04,F04D,.0809131357818842
km,1.06,F26,F26B,.0809294888749719
pj,2.05,F15,F15D,.0809523817151785
ih,2.07,H03,H03H,.0809523835778236
ya,3.02,H01,H01G,.0809523835778236
hq,1.04,B03,B03D,.0809523845091462
mw,5.09,G06,G06N,.081043959595263
xe,4.01,G01,G01S,.0811395831406116
dy,1.04,F25,F25C,.0811688341200352
dr,1.06,A24,A24D,.0811688341200352
td,3.02,C12,C12P,.0813601361587644
ix,2.07,C10,C10G,.0814075637608767
jo,5.04,C12,C12N,.0815581870847382
su,3.02,H05,H05G,.081632656045258
cn,5.01,A24,A24D,.0818181857466698
iq,2.02,B25,B25F,.0818318333476782
vy,3.02,A41,A41D,.0818965528160334
ht,1.06,C09,C09D,.0819444456137717
mc,1.06,A23,A23C,.0820707082748413
pj,2.05,C03,C03B,.0821687392890453
pu,2.03,A01,A01C,.0822322769090533
bf,5.04,H03,H03M,.0822981400415301
um,3.01,B81,B81B,.0823630867525935
le,1.05,G16,G16H,.0823633181862533
zr,1.05,D06,D06M,.0824074083939195
re,1.05,A23,A23K,.0825825836509466
aa,1.03,B60,B60L,.0826617833226919
uh,1.03,A47,A47G,.082967036170885
ou,1.06,A01,A01C,.0830076234415174
gm,3.03,A01,A01K,.0830351831391454
ct,9,C25,C25B,.0831730798818171
ix,2.07,B01,B01J,.0831932807341218
tm,3.01,C08,C08H,.083238204009831
pc,5.02,D01,D01D,.083333333954215
gy,5.02,C12,C12H,.083333333954215
ja,1.05,B24,B24C,.083333333954215
ya,3.02,A23,A23J,.083333333954215
ig,2.06,A62,A62C,.083333333954215
jy,4.05,D01,D01C,.083333333954215
ub,1.03,D06,D06Q,.083333333954215
pm,2.05,D06,D06Q,.083333333954215
oa,2.11,D04,D04B,.083333333954215
tu,3.01,F15,F15D,.083333333954215
ma,3.02,B07,B07C,.083333333954215
td,3.02,H01,H01J,.083333333954215
dr,1.06,B82,B82B,.0833333348855376
ae,4.05,B63,B63J,.0833333358168602
ot,6.02,E03,E03B,.0833333358168602
yr,2.01,F16,F16J,.0833333358168602
lq,3.03,B29,B29B,.0833333358168602
fi,1.04,G01,G01S,.0833333358168602
nn,3.03,B41,B41C,.0833333358168602
pq,1.01,H02,H02G,.0833333358168602
ma,3.02,B82,B82B,.0833333358168602
fy,3.02,C05,C05C,.0833333358168602
ds,3.02,G08,G08G,.0833333358168602
ae,4.05,B65,B65D,.0833333358168602
xy,1.01,A47,A47G,.0833333358168602
jm,5.04,A61,A61N,.0833333358168602
hf,6.03,H01,H01B,.0833333358168602
ih,2.07,G21,G21K,.0833333358168602
bm,5.07,C25,C25B,.0833333358168602
dx,3.01,B21,B21K,.0833333358168602
il,2.07,A21,A21D,.0833333358168602
bv,5.01,G08,G08B,.0833333358168602
ay,3.01,H01,H01M,.0833333358168602
vs,5.01,G01,G01K,.0833333358168602
cn,5.01,B62,B62B,.0833333358168602
ac,2.02,F42,F42C,.0833333358168602
pj,2.05,F41,F41H,.0833333358168602
ff,3.02,F41,F41C,.0833333358168602
nq,5.01,F24,F24F,.0833333358168602
vs,5.01,G01,G01J,.0833333358168602
pe,5.02,C23,C23F,.0833333358168602
ac,2.02,G03,G03D,.0833333358168602
wv,3.03,A23,A23F,.0833333358168602
pn,1.01,G10,G10G,.0833333358168602
bm,5.07,C12,C12R,.0833333358168602
ix,2.07,D21,D21C,.0833333358168602
bd,1.06,B24,B24B,.0833333358168602
ev,1.02,G06,G06J,.0833333358168602
cu,1.06,A46,A46B,.0833333358168602
om,5.05,H03,H03C,.0833333358168602
tq,3.02,G01,G01H,.0833333358168602
aa,1.03,B63,B63J,.0833333358168602
rz,3.03,B23,B23K,.0833333358168602
he,5.03,G01,G01V,.0833333358168602
vs,5.01,G07,G07F,.0833333358168602
ep,1.02,F03,F03B,.0833333358168602
dq,9,B64,B64C,.0833333358168602
es,2.02,B66,B66F,.0833333358168602
oy,9,H02,H02N,.0833333358168602
es,2.02,B27,B27D,.0833333358168602
uk,1.03,A01,A01M,.0833333358168602
ep,1.02,F42,F42D,.0833333358168602
qu,1.06,A62,A62B,.0833333358168602
rt,3.02,B42,B42F,.0833333358168602
up,1.03,B81,B81C,.0833333358168602
qh,2.05,B60,B60N,.0833333358168602
tc,3.02,C09,C09B,.0833333358168602
pw,2.06,B62,B62D,.0833333358168602
di,5.02,G01,G01W,.0833333358168602
xy,1.01,G21,G21F,.0833333358168602
ro,1.07,D06,D06Q,.0833333358168602
bf,5.04,A01,A01H,.0833333358168602
po,1.01,C10,C10J,.0833333358168602
zc,4.03,F23,F23C,.0833333358168602
pz,2.05,B27,B27G,.0833333358168602
sa,3.03,F02,F02C,.0833333358168602
dt,2.03,C05,C05D,.0833333358168602
rb,2.02,G04,G04G,.0833333358168602
po,1.01,F16,F16C,.0833333358168602
ih,2.07,B41,B41M,.0833333358168602
mr,6.01,G02,G02B,.0833333358168602
ni,3.01,B23,B23Q,.0833333358168602
pn,1.01,D21,D21G,.0833333358168602
mw,5.09,C08,C08K,.0833333358168602
ma,3.02,F03,F03G,.0833333358168602
cl,9,E04,E04C,.0833333358168602
sy,1.03,A01,A01B,.0833333358168602
ga,3.02,E05,E05B,.0833333358168602
ae,4.05,C12,C12G,.0833333358168602
kv,1.05,H02,H02P,.0833333358168602
re,1.05,B27,B27G,.0833333358168602
bv,5.01,B23,B23K,.0833333358168602
um,3.01,B64,B64D,.0833333358168602
ds,3.02,A23,A23F,.0833333358168602
eu,2.02,F24,F24S,.0833333358168602
um,3.01,H01,H01F,.0833333358168602
hl,3.03,F16,F16M,.0833333358168602
cl,9,G16,G16H,.0833333358168602
et,1.02,F16,F16P,.0833333358168602
cq,1.06,F02,F02G,.0833333358168602
zq,2.07,H04,H04R,.0833333358168602
ec,1.04,G05,G05D,.0833333358168602
ru,3.01,F27,F27B,.0833333358168602
su,3.02,F16,F16C,.0833333358168602
et,1.02,A61,A61D,.0833333358168602
gu,1.06,F03,F03D,.0833333358168602
di,5.02,C01,C01G,.0833333358168602
co,1.06,B60,B60Q,.0833333358168602
cu,1.06,B21,B21K,.0833333358168602
zr,1.05,F16,F16C,.0833333358168602
dk,5.02,C10,C10J,.0833333358168602
sa,3.03,G09,G09G,.0833333358168602
ah,4.01,B05,B05D,.0833333358168602
ep,1.02,A63,A63J,.0833333358168602
my,5.01,B60,B60R,.0833333358168602
hi,5.01,E01,E01C,.0833333358168602
po,1.01,B41,B41C,.0833333358168602
oo,3.03,C30,C30B,.0833333358168602
up,1.03,G03,G03H,.0833333358168602
li,3.02,G11,G11C,.0833333358168602
vy,3.02,F23,F23G,.0833333358168602
ha,5.03,B81,B81C,.0833333358168602
ew,1.02,F42,F42C,.0833333358168602
ur,1.01,B41,B41C,.0833333358168602
uq,5.07,F41,F41G,.0833333358168602
un,1.03,C05,C05D,.0833333358168602
ev,1.02,B02,B02C,.0833333358168602
ma,3.02,A23,A23F,.0833333358168602
sr,2.07,D21,D21F,.0833333358168602
fi,1.04,F24,F24V,.0833333358168602
sd,3.02,A24,A24D,.0833333358168602
wc,3.03,A41,A41C,.0833333358168602
um,3.01,C01,C01B,.0833333358168602
mw,5.09,H04,H04H,.0833333358168602
jb,5.07,C01,C01G,.0833333358168602
qq,1.05,B07,B07B,.0833333358168602
gc,1.05,B64,B64C,.0833333358168602
ki,3.02,F02,F02P,.0833333358168602
am,4.01,H01,H01G,.0833333358168602
dr,1.06,F02,F02G,.0833333358168602
jb,5.07,F41,F41G,.0833333358168602
yp,3.02,A41,A41D,.0833333358168602
eo,6.02,C12,C12Y,.0833333358168602
ff,3.02,C09,C09D,.0833333358168602
er,1.02,B23,B23C,.0833333358168602
zq,2.07,F23,F23C,.0833333358168602
ij,2.11,B62,B62H,.0833333358168602
jo,5.04,A23,A23J,.0833333358168602
wv,3.03,F03,F03D,.0833333358168602
ad,4.02,D21,D21C,.0833333358168602
dt,2.03,C05,C05B,.0833333358168602
cq,1.06,G10,G10K,.0833333358168602
le,1.05,B42,B42C,.0833333358168602
ix,2.07,G05,G05D,.0833333358168602
wq,5.01,A01,A01K,.0833333358168602
af,4.05,C09,C09D,.0833333358168602
ac,2.02,G21,G21F,.0833333358168602
id,2.07,F41,F41A,.0833333358168602
pe,5.02,C11,C11B,.0833333358168602
ew,1.02,B27,B27D,.0833333358168602
mr,6.01,A47,A47B,.0833333358168602
ki,3.02,A44,A44C,.0833333358168602
nq,5.01,H02,H02J,.0833333358168602
ai,2.03,B23,B23D,.0833333358168602
nn,3.03,F02,F02K,.0833333358168602
en,9,H01,H01B,.0833333358168602
ad,4.02,C08,C08C,.0833333358168602
qj,2.05,H01,H01R,.0833333358168602
zc,4.03,F41,F41G,.0833333358168602
nu,5.08,D01,D01C,.0833333358168602
gy,5.02,D06,D06N,.0833333358168602
ih,2.07,C12,C12H,.0833333358168602
ep,1.02,G21,G21F,.0833333358168602
hl,3.03,H01,H01B,.0833333358168602
uq,5.07,G01,G01W,.0833333358168602
io,2.07,G05,G05F,.0833333358168602
mq,6.01,C04,C04B,.0833333358168602
ry,2.03,A45,A45D,.0833333358168602
yr,2.01,E05,E05F,.0833333358168602
cu,1.06,H03,H03G,.0833333358168602
qa,3.01,D21,D21F,.0833333358168602
ip,2.07,A62,A62D,.0833333358168602
ns,2.01,B67,B67D,.0833333358168602
hf,6.03,D06,D06F,.0833333358168602
zc,4.03,H02,H02P,.0833333358168602
vs,5.01,G08,G08B,.0833333358168602
pt,3.03,G04,G04F,.0833333358168602
ja,1.05,C12,C12H,.0833333358168602
cl,9,H03,H03J,.0833333358168602
yy,5.07,C07,C07B,.0833333358168602
ha,5.03,G01,G01K,.0833333358168602
gy,5.02,C09,C09C,.0833333358168602
pz,2.05,A41,A41C,.0833333358168602
bd,1.06,H02,H02M,.0833333358168602
jb,5.07,D01,D01F,.0833333358168602
qe,2.09,F24,F24S,.0833333358168602
aa,1.03,G02,G02C,.0833333358168602
dy,1.04,D07,D07B,.0833333358168602
oa,2.11,B62,B62B,.0833333358168602
bv,5.01,B42,B42F,.0833333358168602
un,1.03,G01,G01W,.0833333358168602
ac,2.02,B21,B21F,.0833333358168602
hy,1.06,B31,B31D,.0833333358168602
pc,5.02,G02,G02C,.0833333358168602
si,1.05,D01,D01D,.0833333358168602
cl,9,H01,H01S,.0833333358168602
id,2.07,C12,C12J,.0833333358168602
ue,2.11,A01,A01D,.0833333358168602
ji,5.01,F23,F23N,.0833333358168602
ns,2.01,A45,A45C,.0833333358168602
es,2.02,B31,B31F,.0833333358168602
ex,1.02,A61,A61D,.0833333358168602
xq,2.11,B44,B44C,.0833333358168602
om,5.05,D06,D06F,.0833333358168602
ql,9,H04,H04Q,.0833333358168602
ew,1.02,B60,B60H,.0833333358168602
qq,1.05,B60,B60C,.0833333358168602
pk,2.05,B21,B21F,.0833333358168602
xq,2.11,H01,H01C,.0833333358168602
ip,2.07,B42,B42C,.0833333358168602
qg,2.05,H04,H04Q,.0833333358168602
ea,1.04,F23,F23G,.0833333358168602
er,1.02,G03,G03D,.0833333358168602
uq,5.07,B23,B23B,.0833333358168602
ji,5.01,D01,D01H,.0833333358168602
dx,3.01,A46,A46B,.0833333358168602
ue,2.11,F41,F41J,.0833333358168602
ye,2.02,F17,F17D,.0833333358168602
ji,5.01,F23,F23J,.0833333358168602
cu,1.06,F03,F03D,.0833333358168602
wf,1.06,G01,G01K,.0833333358168602
yr,2.01,D04,D04H,.0833333358168602
ac,2.02,A46,A46B,.0833333358168602
hb,5.03,B22,B22D,.0833333358168602
id,2.07,H03,H03D,.0833333358168602
id,2.07,G21,G21G,.0833333358168602
id,2.07,C12,C12H,.0833333358168602
bf,5.04,H01,H01B,.0833333358168602
hb,5.03,G04,G04F,.0833333358168602
jo,5.04,F21,F21V,.0833333358168602
he,5.03,B60,B60R,.0833333358168602
ik,2.11,F25,F25J,.0833333358168602
qj,2.05,B25,B25G,.0833333358168602
xy,1.01,C10,C10J,.0833333358168602
vm,5.06,D21,D21H,.0833333358168602
ns,2.01,D21,D21F,.0833333358168602
hf,6.03,C10,C10J,.0833333358168602
pt,3.03,A47,A47C,.0833333358168602
ex,1.02,F23,F23J,.0833333358168602
ik,2.11,A23,A23F,.0833333358168602
hb,5.03,A23,A23K,.0833333358168602
qe,2.09,A46,A46B,.0833333358168602
xa,5.04,A23,A23D,.0833333358168602
ac,2.02,B02,B02C,.0833333358168602
id,2.07,B42,B42C,.0833333358168602
da,1.06,C14,C14C,.0833333358168602
pu,2.03,F16,F16M,.0833333358168602
bf,5.04,F21,F21V,.0833333358168602
ix,2.07,B28,B28B,.0833333358168602
jw,6.02,B01,B01J,.0833333358168602
ml,9,B01,B01F,.0833333358168602
mc,1.06,B60,B60K,.0833333358168602
jy,4.05,E02,E02D,.0833333358168602
xw,3.03,D06,D06M,.0833333358168602
hf,6.03,A23,A23F,.0833333358168602
ml,9,B62,B62J,.0833333358168602
hf,6.03,A62,A62C,.0833333358168602
za,3.02,C09,C09C,.0833333358168602
fy,3.02,F26,F26B,.0833333358168602
pn,1.01,B28,B28D,.0833333358168602
wv,3.03,A62,A62C,.0833333358168602
mm,6.01,B41,B41C,.0833333358168602
xw,3.03,D04,D04B,.0833333358168602
qj,2.05,G08,G08G,.0833333358168602
et,1.02,D01,D01C,.0833333358168602
um,3.01,B60,B60W,.0833333358168602
ei,1.04,B60,B60B,.0833333358168602
gy,5.02,B27,B27K,.0833333358168602
ka,4.01,B41,B41C,.0833333358168602
tc,3.02,B62,B62J,.0833333358168602
sr,2.07,G06,G06J,.0833333358168602
mc,1.06,G04,G04F,.0833333358168602
ii,2.04,B25,B25G,.0833333358168602
io,2.07,C12,C12M,.0833333358168602
mc,1.06,A47,A47C,.0833333358168602
ku,5.07,A61,A61H,.0833333358168602
zc,4.03,D21,D21C,.0833333358168602
gy,5.02,C25,C25D,.0833333358168602
hl,3.03,F21,F21S,.0833333358168602
er,1.02,A63,A63J,.0833333358168602
ea,1.04,C09,C09F,.0833333358168602
zd,9,B62,B62M,.0833333358168602
ip,2.07,G21,G21G,.0833333358168602
ig,2.06,F24,F24S,.0833333358168602
hf,6.03,A47,A47G,.0833333358168602
gc,1.05,H02,H02S,.0833333358168602
um,3.01,C22,C22F,.0833333358168602
zq,2.07,B27,B27G,.0833333358168602
xw,3.03,F04,F04B,.0833333358168602
re,1.05,B28,B28D,.0833333358168602
li,3.02,C12,C12C,.0833333358168602
wc,3.03,D21,D21C,.0833333358168602
nn,3.03,C05,C05F,.0833333358168602
vx,5.01,A61,A61G,.0833333358168602
ky,1.05,F42,F42D,.0833333358168602
ik,2.11,B44,B44C,.0833333358168602
wh,3.02,C09,C09B,.0833333358168602
le,1.05,H02,H02P,.0833333358168602
te,1.05,G09,G09G,.0833333358168602
sy,1.03,B43,B43L,.0833333358168602
dt,2.03,B04,B04C,.0833333358168602
ij,2.11,F03,F03H,.0833333358168602
km,1.06,D21,D21F,.0833333358168602
mu,4.01,C10,C10M,.0833333358168602
bi,6.01,F01,F01D,.0833333358168602
ht,1.06,H04,H04Q,.0833333358168602
tc,3.02,F41,F41C,.0833333358168602
ou,1.06,H05,H05B,.0833333358168602
un,1.03,D06,D06N,.0833333358168602
oi,3.02,C04,C04B,.0833333358168602
tm,3.01,A47,A47L,.0833333358168602
da,1.06,C22,C22F,.0833333358168602
pu,2.03,E05,E05B,.0833333358168602
rx,3.02,B05,B05C,.0833333358168602
pz,2.05,D04,D04B,.0833333358168602
im,2.01,C12,C12H,.0833333358168602
ij,2.11,D06,D06L,.0833333358168602
wy,5.04,H03,H03F,.0833333358168602
ye,2.02,A44,A44C,.0833333358168602
il,2.07,H03,H03H,.0833333358168602
yp,3.02,B23,B23Q,.0833333358168602
sr,2.07,D21,D21G,.0833333358168602
qf,9,E01,E01D,.0833333358168602
we,3.02,G01,G01Q,.0833333358168602
qq,1.05,C06,C06D,.0833333358168602
ds,3.02,B62,B62M,.0833333358168602
if,2.11,B28,B28D,.0833333358168602
xq,2.11,F23,F23G,.0833333358168602
hy,1.06,H04,H04S,.0833333358168602
pz,2.05,G21,G21D,.0833333358168602
pm,2.05,B27,B27G,.0833333358168602
fi,1.04,H02,H02S,.0833333358168602
dt,2.03,B62,B62D,.0833333358168602
gu,1.06,D04,D04B,.0833333358168602
tq,3.02,G01,G01P,.0833333358168602
ya,3.02,E05,E05B,.0833333358168602
vj,5.01,B29,B29D,.0833333358168602
ry,2.03,B44,B44C,.0833333358168602
ma,3.02,B62,B62M,.0833333358168602
ue,2.11,B23,B23H,.0833333358168602
ep,1.02,B03,B03B,.0833333358168602
qf,9,B27,B27N,.0833333358168602
yq,5.07,F16,F16M,.0833333358168602
ns,2.01,G06,G06J,.0833333358168602
pz,2.05,C13,C13K,.0833333358168602
si,1.05,A21,A21D,.0833333358168602
um,3.01,B22,B22D,.0833333358168602
tm,3.01,C22,C22F,.0833333358168602
qa,3.01,F17,F17D,.0833333358168602
xw,3.03,B22,B22D,.0833333358168602
ei,1.04,A47,A47F,.0833333358168602
gc,1.05,A01,A01D,.0833333358168602
ia,3.02,D06,D06N,.0833333358168602
ac,2.02,F25,F25J,.0833333358168602
tm,3.01,F02,F02K,.0833333358168602
dy,1.04,A45,A45C,.0833333358168602
pk,2.05,A41,A41C,.0833333358168602
vm,5.06,H04,H04K,.0833333358168602
yy,5.07,B23,B23B,.0833333358168602
iu,2.03,B21,B21F,.0833333358168602
if,2.11,B60,B60S,.0833333358168602
po,1.01,G21,G21F,.0833333358168602
ps,5.04,G01,G01J,.0833333358168602
ia,3.02,G21,G21G,.0833333358168602
ht,1.06,F03,F03D,.0833333358168602
vx,5.01,B22,B22C,.0833333358168602
oe,5.06,G09,G09F,.0833333358168602
ps,5.04,C10,C10J,.0833333358168602
il,2.07,H04,H04K,.0833333358168602
pc,5.02,B03,B03B,.0833333358168602
pu,2.03,H04,H04H,.0833333358168602
zr,1.05,H04,H04S,.0833333358168602
ik,2.11,F24,F24S,.0833333358168602
cn,5.01,B03,B03B,.0833333358168602
ni,3.01,F17,F17D,.0833333358168602
rt,3.02,G04,G04G,.0833333358168602
am,4.01,A47,A47K,.0833333358168602
ct,9,H01,H01H,.0833333358168602
jo,5.04,A23,A23K,.0833333358168602
pi,1.06,B24,B24B,.0833333358168602
yo,3.01,G05,G05F,.0833333358168602
wv,3.03,C10,C10J,.0833333358168602
pi,1.06,G01,G01H,.0833333358168602
di,5.02,B23,B23D,.0833333358168602
ka,4.01,A24,A24D,.0833333358168602
ou,1.06,B24,B24B,.0833333358168602
pq,1.01,B07,B07C,.0833333358168602
lq,3.03,F01,F01N,.0833333358168602
ac,2.02,B30,B30B,.0833333358168602
qa,3.01,G21,G21H,.0833333358168602
wm,5.04,F16,F16G,.0833333358168602
mr,6.01,G01,G01G,.0833333358168602
ex,1.02,B67,B67D,.0833333358168602
ji,5.01,G03,G03D,.0833333358168602
ra,2.11,H03,H03J,.0833333358168602
ex,1.02,B60,B60H,.0833333358168602
dm,3.02,F28,F28D,.0833333358168602
we,3.02,A23,A23K,.0833333358168602
et,1.02,B44,B44B,.0833333358168602
bi,6.01,E04,E04B,.0833333358168602
qu,1.06,C21,C21C,.0833333358168602
ds,3.02,E05,E05B,.0833333358168602
yr,2.01,B66,B66C,.0833333358168602
yr,2.01,F41,F41G,.0833333358168602
fe,5.05,B82,B82Y,.0833333358168602
ae,4.05,C12,C12J,.0833333358168602
pi,1.06,D01,D01D,.0833333358168602
pz,2.05,A01,A01B,.0833333358168602
uf,1.03,C09,C09C,.0833333358168602
pc,5.02,H01,H01F,.0833333358168602
yr,2.01,G10,G10H,.0833333358168602
sr,2.07,A44,A44C,.0833333358168602
wm,5.04,B22,B22F,.0833333358168602
cn,5.01,G11,G11C,.0833333358168602
pc,5.02,C11,C11B,.0833333358168602
pj,2.05,B03,B03C,.0833333358168602
mc,1.06,B60,B60G,.0833333358168602
pu,2.03,A42,A42B,.0833333358168602
pc,5.02,C23,C23D,.0833333358168602
ya,3.02,F41,F41C,.0833333358168602
wv,3.03,F16,F16G,.0833333358168602
sr,2.07,A43,A43D,.0833333358168602
bf,5.04,B60,B60K,.0833333358168602
rt,3.02,B05,B05C,.0833333358168602
rx,3.02,A01,A01N,.0833333358168602
sd,3.02,G01,G01H,.0833333358168602
oo,3.03,A62,A62C,.0833333358168602
ya,3.02,B62,B62M,.0833333358168602
mc,1.06,B21,B21K,.0833333358168602
ds,3.02,F41,F41C,.0833333358168602
ac,2.02,G09,G09D,.0833333358168602
ve,3.02,B42,B42F,.0833333358168602
tm,3.01,C09,C09J,.0833333358168602
ui,1.03,A23,A23B,.0833333358168602
zd,9,G08,G08G,.0833333358168602
hl,3.03,A41,A41C,.0833333358168602
sd,3.02,F41,F41A,.0833333358168602
fe,5.05,A61,A61C,.0833333358168602
ad,4.02,E02,E02D,.0833333358168602
eu,2.02,H02,H02N,.0833333358168602
zk,9,C08,C08J,.0833333358168602
ex,1.02,A63,A63J,.0833333358168602
wm,5.04,F03,F03H,.0833333358168602
ew,1.02,A45,A45B,.0833333358168602
uy,1.04,C10,C10K,.0833333358168602
dk,5.02,B65,B65B,.0833333358168602
vy,3.02,F41,F41G,.0833333358168602
ue,2.11,B21,B21D,.0833333358168602
ip,2.07,H04,H04R,.0833333358168602
ik,2.11,B43,B43L,.0833333358168602
ex,1.02,F25,F25J,.0833333358168602
ya,3.02,B23,B23Q,.0833333358168602
bv,5.01,G01,G01J,.0833333358168602
vs,5.01,H04,H04R,.0833333358168602
uh,1.03,B44,B44F,.0833333358168602
wv,3.03,C30,C30B,.0833333358168602
cl,9,H01,H01H,.0833333358168602
hy,1.06,F41,F41A,.0833333358168602
ii,2.04,B42,B42C,.0833333358168602
lq,3.03,H02,H02G,.0833333358168602
fa,2.01,F16,F16M,.0833333358168602
qg,2.05,A01,A01C,.0833333358168602
ik,2.11,A45,A45C,.0833333358168602
yy,5.07,B02,B02C,.0833333358168602
ot,6.02,C01,C01F,.0833333358168602
wy,5.04,C12,C12P,.0833333358168602
ue,2.11,A41,A41H,.0833333358168602
oi,3.02,G03,G03F,.0833333358168602
ix,2.07,C22,C22F,.0833333358168602
ex,1.02,B27,B27K,.0833333358168602
oo,3.03,A23,A23C,.0833333358168602
zm,1.06,D04,D04B,.0833333358168602
rx,3.02,F16,F16H,.0833333358168602
py,3.02,F17,F17D,.0833333358168602
we,3.02,G03,G03F,.0833333358168602
ew,1.02,F41,F41J,.0833333358168602
pe,5.02,B28,B28D,.0833333358168602
vs,5.01,G01,G01G,.0833333358168602
ns,2.01,D07,D07B,.0833333358168602
hf,6.03,F16,F16G,.0833333358168602
qu,1.06,G07,G07F,.0833333358168602
qf,9,H01,H01T,.0833333358168602
qu,1.06,A61,A61G,.0833333358168602
af,4.05,C08,C08B,.0833333358168602
qh,2.05,B66,B66C,.0833333358168602
qa,3.01,F02,F02P,.0833333358168602
sy,1.03,B67,B67D,.0833333358168602
mc,1.06,H01,H01R,.0833333358168602
cn,5.01,C01,C01B,.0833333358168602
um,3.01,H04,H04S,.0833333358168602
oy,9,E03,E03B,.0833333358168602
rb,2.02,A01,A01N,.0833333358168602
et,1.02,F23,F23N,.0833333358168602
oo,3.03,H01,H01B,.0833333358168602
dr,1.06,E04,E04C,.0833333358168602
ru,3.01,B62,B62B,.0833333358168602
oo,3.03,C10,C10J,.0833333358168602
ht,1.06,B31,B31D,.0833333358168602
za,3.02,F03,F03G,.0833333358168602
oo,3.03,A47,A47G,.0833333358168602
da,1.06,F02,F02G,.0833333358168602
pm,2.05,F24,F24V,.0833333358168602
sa,3.03,C12,C12H,.0833333358168602
ia,3.02,C12,C12G,.0833333358168602
id,2.07,H04,H04K,.0833333358168602
ji,5.01,C22,C22F,.0833333358168602
wf,1.06,D21,D21C,.0833333358168602
xq,2.11,B44,B44F,.0833333358168602
bq,6.05,F42,F42D,.0833333358168602
um,3.01,B62,B62K,.0833333358168602
tm,3.01,B82,B82B,.0833333358168602
ev,1.02,A63,A63D,.0833333358168602
qf,9,B43,B43L,.0833333358168602
ra,2.11,F04,F04B,.0833333358168602
nq,5.01,A61,A61C,.0833333358168602
ee,1.04,D03,D03D,.0833333358168602
kv,1.05,F41,F41G,.0833333358168602
ql,9,A61,A61M,.0833333358168602
ai,2.03,F21,F21K,.0833333358168602
mw,5.09,B25,B25J,.0833333358168602
ye,2.02,F16,F16P,.0833333358168602
ti,9,C09,C09K,.0833333358168602
ru,3.01,B42,B42F,.0833333358168602
pz,2.05,D06,D06N,.0833333358168602
vm,5.06,A61,A61L,.0833333358168602
jb,5.07,C09,C09C,.0833333358168602
uk,1.03,A45,A45D,.0833333358168602
zk,9,H03,H03F,.0833333358168602
hi,5.01,C03,C03C,.0833333358168602
uq,5.07,G09,G09F,.0833333358168602
gc,1.05,D21,D21F,.0833333358168602
ry,2.03,G01,G01G,.0833333358168602
ne,3.03,F23,F23G,.0833333358168602
vi,5.01,B22,B22C,.0833333358168602
ai,2.03,E05,E05F,.0833333358168602
gm,3.03,H02,H02N,.0833333358168602
xq,2.11,F41,F41J,.0833333358168602
nm,5.02,C12,C12Q,.0833333358168602
ma,3.02,G02,G02C,.0833333358168602
zd,9,C07,C07G,.0833333358168602
up,1.03,C21,C21D,.0833333358168602
tu,3.01,B21,B21K,.0833333358168602
es,2.02,C25,C25C,.0833333358168602
ns,2.01,B65,B65F,.0833333358168602
ps,5.04,G09,G09F,.0833333358168602
xw,3.03,C01,C01B,.0833333358168602
ps,5.04,F22,F22B,.0833333358168602
yo,3.01,C13,C13B,.0833333358168602
ue,2.11,A44,A44C,.0833333358168602
dk,5.02,G10,G10H,.0833333358168602
yq,5.07,C21,C21D,.0833333358168602
cu,1.06,B64,B64G,.0833333358168602
wf,1.06,F41,F41A,.0833333358168602
ye,2.02,A23,A23B,.0833333358168602
ue,2.11,B28,B28D,.0833333358168602
su,3.02,H02,H02S,.0833333358168602
xy,1.01,B64,B64D,.0833333358168602
xq,2.11,Y02,Y02A,.0833333358168602
or,5.09,C25,C25B,.0833333358168602
am,4.01,A47,A47F,.0833333358168602
mr,6.01,H01,H01H,.0833333358168602
ea,1.04,E04,E04B,.0833333358168602
qf,9,B30,B30B,.0833333358168602
we,3.02,C11,C11C,.0833333358168602
cn,5.01,G02,G02C,.0833333358168602
es,2.02,B44,B44B,.0833333358168602
pk,2.05,H02,H02P,.0833333358168602
wc,3.03,F01,F01N,.0833333358168602
te,1.05,F03,F03B,.0833333358168602
wy,5.04,C22,C22C,.0833333358168602
qf,9,A45,A45C,.0833333358168602
ga,3.02,G21,G21K,.0833333358168602
uq,5.07,C25,C25D,.0833333358168602
mc,1.06,F04,F04B,.0833333358168602
sr,2.07,H05,H05G,.0833333358168602
et,1.02,A45,A45B,.0833333358168602
pe,5.02,B03,B03B,.0833333358168602
qe,2.09,C10,C10L,.0833333358168602
le,1.05,H03,H03B,.0833333358168602
wy,5.04,G10,G10L,.0833333358168602
ei,1.04,B23,B23Q,.0833333358168602
un,1.03,C09,C09C,.0833333358168602
mq,6.01,E03,E03B,.0833333358168602
te,1.05,C02,C02F,.0833333358168602
up,1.03,F21,F21S,.0833333358168602
oo,3.03,F16,F16G,.0833333358168602
dx,3.01,B21,B21C,.0833333358168602
ps,5.04,G03,G03C,.0833333358168602
hl,3.03,C10,C10J,.0833333358168602
gc,1.05,H01,H01H,.0833333358168602
hy,1.06,A24,A24D,.0833333358168602
bf,5.04,C22,C22F,.0833333358168602
ik,2.11,G21,G21B,.0833333358168602
po,1.01,B21,B21D,.0833333358168602
yo,3.01,H02,H02N,.0833333358168602
et,1.02,B60,B60H,.0833333358168602
xa,5.04,B25,B25J,.0833333358168602
hi,5.01,G01,G01K,.0833333358168602
ep,1.02,B27,B27K,.0833333358168602
ue,2.11,G10,G10D,.0833333358168602
vi,5.01,F03,F03D,.0833333358168602
lq,3.03,H04,H04J,.0833333358168602
pc,5.02,E01,E01H,.0833333358168602
si,1.05,C25,C25D,.0833333358168602
pc,5.02,B27,B27K,.0833333358168602
qg,2.05,C10,C10B,.0833333358168602
ik,2.11,F42,F42C,.0833333358168602
yr,2.01,A23,A23B,.0833333358168602
ih,2.07,C25,C25F,.0833333358168602
dt,2.03,B05,B05C,.0833333358168602
ih,2.07,F16,F16C,.0833333358168602
es,2.02,F41,F41J,.0833333358168602
yq,5.07,G01,G01K,.0833333358168602
te,1.05,B24,B24B,.0833333358168602
dy,1.04,F24,F24V,.0833333358168602
wf,1.06,A24,A24D,.0833333358168602
mc,1.06,B07,B07C,.0833333358168602
fe,5.05,B41,B41M,.0833333358168602
eo,6.02,C08,C08B,.0833333358168602
pe,5.02,F17,F17D,.0833333358168602
ye,2.02,A47,A47F,.0833333358168602
mr,6.01,B64,B64D,.0833333358168602
mr,6.01,F21,F21V,.0833333358168602
xa,5.04,C07,C07B,.0833333358168602
po,1.01,G09,G09F,.0833333358168602
rx,3.02,B41,B41F,.0833333358168602
fs,6.04,B65,B65B,.0833333358168602
id,2.07,D03,D03D,.0833333358168602
lq,3.03,F21,F21S,.0833333358168602
dk,5.02,B23,B23D,.0833333358168602
oo,3.03,A23,A23F,.0833333358168602
ry,2.03,F21,F21S,.0833333358168602
uq,5.07,H04,H04J,.0833333358168602
oo,3.03,G01,G01V,.0833333358168602
ha,5.03,A63,A63D,.0833333358168602
uq,5.07,A01,A01B,.0833333358168602
uh,1.03,D04,D04B,.0833333358168602
aa,1.03,A45,A45C,.0833333358168602
jo,5.04,B29,B29B,.0833333358168602
tq,3.02,B41,B41C,.0833333358168602
up,1.03,B44,B44C,.0833333358168602
gy,5.02,F22,F22B,.0833333358168602
ta,1.06,G06,G06K,.0833333358168602
un,1.03,H05,H05F,.0833333358168602
wy,5.04,A23,A23J,.0833333358168602
tc,3.02,H01,H01F,.0833333362825215
mc,1.06,B60,B60W,.0833333367481828
pi,1.06,B21,B21F,.0833333376795053
iu,2.03,G06,G06E,.0833333376795053
hq,1.04,H05,H05G,.0833333376795053
ur,1.01,C40,C40B,.0833660014905035
hq,1.04,A24,A24B,.0834145564585924
ji,5.01,A61,A61L,.0834803082980216
ay,3.01,C04,C04B,.0834967335686088
ub,1.03,A23,A23C,.0839423662982881
uy,1.04,F15,F15C,.0840277783572674
cl,9,C12,C12M,.0840638056397438
iu,2.03,A24,A24F,.0841085305437446
ns,2.01,B23,B23C,.0841269847005606
up,1.03,B01,B01L,.0844988375902176
ay,3.01,G03,G03H,.0846114465966821
ip,2.07,B03,B03C,.0847222227603197
io,2.07,G02,G02F,.0847222236916423
sr,2.07,A61,A61C,.0847619082778692
qh,2.05,H04,H04N,.084814814850688
iu,2.03,F17,F17D,.0849537048488855
vj,5.01,A23,A23K,.0849673207849264
td,3.02,B04,B04B,.0851063802838326
ot,6.02,B01,B01L,.0855026487261057
sd,3.02,B62,B62D,.0857142880558968
zk,9,B62,B62D,.0857142880558968
up,1.03,F21,F21V,.0857142880558968
aa,1.03,B03,B03D,.0857142889872193
ub,1.03,D21,D21B,.0858208979479969
ry,2.03,C06,C06B,.0861344570294023
sa,3.03,C07,C07B,.0861797840334475
fy,3.02,H01,H01F,.0865384647622705
yp,3.02,A61,A61C,.0866343998350203
es,2.02,F22,F22B,.0866935476660728
pw,2.06,B29,B29D,.0867003388702869
ix,2.07,H01,H01Q,.0867647072300315
bu,1.03,C01,C01F,.0868055559694767
ki,3.02,E06,E06B,.0869565233588219
te,1.05,A61,A61L,.0870535746216774
pc,5.02,A01,A01B,.0871212147176266
pd,6.02,C12,C12N,.0872581033036113
xq,2.11,A23,A23C,.0873015914112329
ah,4.01,B08,B08B,.0875000027008355
iu,2.03,C40,C40B,.0875735660083592
vj,5.01,C07,C07J,.0875901905819774
ns,2.01,C13,C13K,.0876623401418328
ni,3.01,C09,C09C,.0876984149217606
ee,1.04,F17,F17C,.0877113537862897
dr,1.06,B60,B60N,.0878787850961089
er,1.02,B08,B08B,.088050315156579
ev,1.02,H05,H05H,.0880503170192242
ra,2.11,C01,C01F,.0881410259753466
af,4.05,G11,G11C,.0881410259753466
cq,1.06,G07,G07B,.0882352944463491
da,1.06,F28,F28D,.0882352944463491
dt,2.03,A47,A47K,.0882352944463491
ji,5.01,B42,B42D,.0884006731212139
ze,1.06,G01,G01B,.0884058009833097
wh,3.02,C08,C08H,.0886928252875805
he,5.03,C07,C07C,.08875313680619
bu,1.03,C12,C12Y,.0888278419151902
po,1.01,G07,G07D,.088873628526926
pu,2.03,C25,C25F,.0888888910412788
pk,2.05,G07,G07D,.0888888910412788
bi,6.01,C09,C09D,.0888888910412788
ig,2.06,G21,G21C,.0888888915069401
ue,2.11,B82,B82B,.0888888915069401
ia,3.02,C30,C30B,.0888922912999988
rb,2.02,C12,C12P,.0890179728157818
pz,2.05,F28,F28C,.0890804622322321
up,1.03,A23,A23L,.0891203712671995
ae,4.05,D01,D01C,.0891203712671995
mc,1.06,F41,F41H,.0891666673123837
xq,2.11,C11,C11B,.0891857510432601
da,1.06,B44,B44C,.0892592575401068
ry,2.03,C12,C12R,.0892815226688981
wu,5.04,B65,B65B,.0892857164144516
ml,9,A61,A61G,.0892857164144516
rx,3.02,B41,B41J,.0892857164144516
dt,2.03,F41,F41B,.0892857164144516
po,1.01,H01,H01F,.0892857168801129
de,1.06,F04,F04F,.0892857182770967
sa,3.03,C40,C40B,.0893766593653709
sd,3.02,C11,C11C,.0893939435482025
wh,3.02,C07,C07B,.0893939435482025
jm,5.04,C12,C12Q,.0894369818270206
rb,2.02,G21,G21K,.0894547631032765
ns,2.01,A23,A23C,.0894979215227067
qh,2.05,C02,C02F,.0896011423319578
si,1.05,A01,A01C,.0897413808852434
yp,3.02,C25,C25F,.0897435918450356
pz,2.05,D02,D02G,.0897435918450356
ku,5.07,G11,G11C,.0898672975599766
ik,2.11,B66,B66F,.0899999998509884
ih,2.07,F04,F04D,.090136056765914
yr,2.01,A61,A61Q,.0902055911719799
dt,2.03,B09,B09C,.0902777779847383
hy,1.06,C09,C09B,.0902777779847383
lj,3.02,A23,A23C,.0902777779847383
sy,1.03,D21,D21C,.0902777789160609
yr,2.01,A61,A61G,.0904761916026473
ff,3.02,B82,B82Y,.0905701760202646
ds,3.02,C08,C08J,.0906503614969552
sa,3.03,C01,C01F,.0908496743068099
wh,3.02,H01,H01S,.0909090936183929
qa,3.01,F25,F25B,.0909090936183929
om,5.05,G10,G10K,.0909090936183929
eo,6.02,G01,G01K,.0909090936183929
jw,6.02,A23,A23G,.0909090936183929
ru,3.01,A46,A46B,.0909090936183929
dm,3.02,B30,B30B,.0909090936183929
xw,3.03,G03,G03B,.0909090936183929
ah,4.01,D06,D06B,.0909090936183929
eo,6.02,A21,A21D,.0909090936183929
ta,1.06,H01,H01S,.0909090936183929
tq,3.02,C30,C30B,.0909090936183929
ia,3.02,A45,A45F,.0909090936183929
zk,9,H05,H05K,.0909090936183929
hf,6.03,B29,B29B,.0909090936183929
oz,6.02,F24,F24S,.0909090936183929
xy,1.01,A45,A45F,.0909090936183929
su,3.02,F24,F24S,.0909090936183929
js,6.04,B03,B03C,.0909090936183929
fs,6.04,C11,C11B,.0909090936183929
gc,1.05,G02,G02C,.0909090936183929
qf,9,A21,A21D,.0909090936183929
ji,5.01,C40,C40B,.0909090936183929
js,6.04,A01,A01G,.0909090936183929
mq,6.01,B60,B60W,.0909090936183929
km,1.06,H04,H04H,.0909090936183929
ha,5.03,A45,A45F,.0909090936183929
fi,1.04,C13,C13B,.0909090936183929
fs,6.04,C01,C01B,.0909090936183929
ry,2.03,F04,F04F,.0909090936183929
uy,1.04,F24,F24S,.0909090936183929
pj,2.05,H01,H01P,.0909090936183929
pa,6.02,C13,C13B,.0909090936183929
ku,5.07,C12,C12R,.0909090936183929
ub,1.03,B25,B25D,.0909090936183929
ki,3.02,B64,B64D,.0909090936183929
fs,6.04,C40,C40B,.0909090936183929
ji,5.01,G07,G07D,.0909090936183929
nn,3.03,B29,B29B,.0909090936183929
ba,3.02,G02,G02C,.0909090936183929
dm,3.02,A45,A45F,.0909090936183929
yg,6.04,A62,A62B,.0909090936183929
wy,5.04,A61,A61L,.0909090936183929
td,3.02,B26,B26B,.0909090936183929
ph,6.02,A61,A61C,.0909090936183929
mm,6.01,C08,C08C,.0909090936183929
dy,1.04,G04,G04F,.0909090936183929
jo,5.04,A63,A63B,.0909090936183929
qu,1.06,H03,H03F,.0909090936183929
xq,2.11,A47,A47J,.0909090936183929
tq,3.02,C22,C22B,.0909090936183929
uy,1.04,F04,F04F,.0909090936183929
pa,6.02,B06,B06B,.0909090936183929
rq,1.06,C05,C05C,.0909090936183929
ai,2.03,C09,C09B,.0909090936183929
mc,1.06,A24,A24B,.0911047835834324
un,1.03,G05,G05F,.0911098318174481
da,1.06,E03,E03B,.0911924112588167
aa,1.03,G21,G21K,.0912698432803154
hq,1.04,C06,C06B,.0912698432803154
cl,9,C07,C07F,.0912698432803154
fa,2.01,A23,A23L,.0912698432803154
vs,5.01,G11,G11C,.0912698432803154
op,3.03,A23,A23L,.091269844211638
dm,3.02,B26,B26D,.0913978517055511
uh,1.03,C08,C08C,.0914772707037628
fi,1.04,B09,B09C,.0916292294859886
ds,3.02,B61,B61F,.0916666686534882
zc,4.03,B07,B07C,.0916666686534882
es,2.02,C25,C25B,.0916666686534882
kv,1.05,B64,B64D,.0916666686534882
co,1.06,D06,D06L,.0916666686534882
tc,3.02,B61,B61F,.0916666686534882
ff,3.02,B61,B61F,.0916666686534882
ya,3.02,B61,B61F,.0916666686534882
ix,2.07,G02,G02F,.0916666695848107
pw,2.06,B29,B29C,.0917378945741802
pf,6.02,A61,A61F,.0919117648154497
xw,3.03,C11,C11C,.0919913444668055
fi,1.04,B29,B29D,.0920087583363056
zc,4.03,C01,C01F,.0920400228351355
ec,1.04,G01,G01Q,.0920956265181303
qu,1.06,G02,G02C,.0921052657067776
hb,5.03,G01,G01Q,.0921717192977667
km,1.06,F21,F21V,.0921760369092226
ct,9,C02,C02F,.0923076961189508
uf,1.03,B82,B82B,.0923611130565405
mu,4.01,C10,C10L,.0925522679463029
vy,3.02,B22,B22C,.0925925932824612
ns,2.01,C09,C09F,.0925925932824612
ry,2.03,C07,C07G,.0925925932824612
dt,2.03,G03,G03H,.0925925932824612
yo,3.01,D21,D21C,.0925925932824612
qe,2.09,A01,A01M,.0925925932824612
co,1.06,H02,H02M,.0926739946007729
ya,3.02,G01,G01Q,.0926791299134493
rx,3.02,B01,B01J,.0926916226744652
jb,5.07,C08,C08B,.092857145704329
td,3.02,A01,A01K,.0929389181546867
ba,3.02,G01,G01G,.0929419994354248
uk,1.03,F02,F02B,.0930059552192688
tc,3.02,G07,G07B,.093073595315218
qj,2.05,G05,G05D,.093137257732451
hl,3.03,B60,B60Q,.0931677054613829
fi,1.04,C13,C13K,.0935721606947482
il,2.07,A61,A61N,.0936507973819971
bm,5.07,C08,C08B,.09375
or,5.09,C08,C08B,.09375
pc,5.02,F22,F22B,.09375
ub,1.03,B04,B04C,.09375
cu,1.06,C05,C05D,.09375
ro,1.07,B04,B04C,.09375
uy,1.04,B21,B21F,.0937500027939677
ni,3.01,A41,A41D,.0937500027939677
yp,3.02,F26,F26B,.0937500027939677
cq,1.06,B21,B21F,.0937500046566129
co,1.06,C25,C25F,.0939416803885251
ad,4.02,C01,C01G,.0939716333523393
rb,2.02,A45,A45D,.0940170958638191
re,1.05,G09,G09G,.0940170958638191
zq,2.07,G09,G09G,.0940170958638191
ec,1.04,A61,A61J,.0941558480262756
ds,3.02,F04,F04D,.0941558480262756
wv,3.03,H04,H04Q,.0941558480262756
mu,4.01,H01,H01J,.0942424267996103
pu,2.03,H03,H03D,.0942676779814065
fu,5.04,A23,A23L,.0942982472479343
hb,5.03,A23,A23L,.0944444462656975
td,3.02,G10,G10H,.0944444471970201
ea,1.04,C05,C05C,.0944444481283426
cu,1.06,C05,C05C,.0944444481283426
ne,3.03,Y02,Y02A,.0945692909881473
sa,3.03,A47,A47G,.0947580635547638
ay,3.01,C09,C09D,.0948275905102491
bm,5.07,C12,C12Q,.0949092609807849
bk,6.04,D06,D06M,.0949612427502871
ij,2.11,C40,C40B,.0950292418710887
pu,2.03,B23,B23C,.095238097012043
yr,2.01,A01,A01C,.095238097012043
qf,9,B61,B61D,.095238097012043
ue,2.11,F28,F28F,.095238097012043
pe,5.02,F16,F16D,.095238097012043
bv,5.01,A01,A01C,.095238097012043
vx,5.01,F25,F25B,.095238097012043
fu,5.04,G06,G06N,.095238097012043
yr,2.01,A24,A24F,.095238097012043
pu,2.03,C21,C21B,.095238097012043
cl,9,G01,G01W,.095238097012043
sa,3.03,A21,A21C,.095238097012043
vi,5.01,A01,A01C,.095238097012043
vx,5.01,A01,A01C,.095238097012043
if,2.11,C05,C05F,.0952380979433656
ea,1.04,F03,F03B,.0952380988746881
pu,2.03,G01,G01T,.0953780869022012
pw,2.06,C10,C10L,.0954159861430526
mq,6.01,H01,H01F,.0954545475542545
bp,6.04,F28,F28F,.0954545475542545
wm,5.04,B09,B09C,.095555555075407
ai,2.03,A61,A61H,.0956470100209117
ct,9,G06,G06N,.0957044695969671
qh,2.05,H05,H05G,.0958333350718021
vi,5.01,B22,B22D,.0958333350718021
ff,3.02,C04,C04B,.0958333360031247
ay,3.01,A61,A61H,.0959915639832616
uk,1.03,C08,C08H,.0960372989065945
pt,3.03,A01,A01G,.0961538488045335
zk,9,C08,C08L,.0961538488045335
io,2.07,F42,F42D,.0961538497358561
ru,3.01,C12,C12F,.0961538497358561
le,1.05,B81,B81C,.0961538497358561
ex,1.02,B60,B60D,.0961538497358561
dx,3.01,A23,A23P,.0962998103350401
hy,1.06,G10,G10L,.0964285749942064
ub,1.03,A45,A45F,.0964314350858331
bv,5.01,A61,A61J,.0964826859999448
io,2.07,H04,H04H,.096570672467351
pm,2.05,B62,B62J,.0966666666790843
dt,2.03,B65,B65B,.0966666690073907
pc,5.02,B65,B65B,.096666669473052
da,1.06,B03,B03B,.0967032976914197
tc,3.02,G08,G08C,.0967058059759438
bi,6.01,C07,C07H,.0967324366793036
ni,3.01,G01,G01G,.0967741906642914
hq,1.04,A01,A01K,.0969443919602782
yq,5.07,A01,A01D,.0969697013497353
qj,2.05,H01,H01F,.097069600597024
vj,5.01,G01,G01G,.0970760248601437
ep,1.02,B82,B82B,.0972222229465842
ji,5.01,G21,G21C,.0972222238779068
hf,6.03,C30,C30B,.0972222248092294
aa,1.03,F15,F15C,.0972222257405519
ni,3.01,C08,C08H,.0975479194894433
ec,1.04,B26,B26B,.0975609719753265
ev,1.02,F04,F04B,.0976190501824021
cn,5.01,A24,A24F,.0976744219660759
ky,1.05,A61,A61L,.0977443642914295
qe,2.09,H04,H04B,.0977777792140841
ou,1.06,C11,C11B,.0978017877787352
ea,1.04,F02,F02P,.0978260897099972
qq,1.05,B03,B03B,.0978260897099972
uh,1.03,A24,A24D,.0979166701436043
ea,1.04,B60,B60L,.0979166701436043
ea,1.04,F01,F01K,.0979532171040773
qu,1.06,F28,F28D,.0980392172932625
we,3.02,C03,C03C,.0980392182245851
oo,3.03,C09,C09K,.0980392182245851
zq,2.07,G01,G01J,.0981481485068798
qh,2.05,H01,H01R,.0982142863795161
jy,4.05,E02,E02B,.0982142873108387
ur,1.01,B81,B81C,.0982142873108387
ru,3.01,H03,H03D,.0982142873108387
yu,3.03,C12,C12P,.0982703627087176
ae,4.05,C01,C01F,.098397052846849
iq,2.02,C13,C13K,.0985185168683529
om,5.05,B81,B81C,.0986014013178647
iu,2.03,A01,A01C,.098604828119278
da,1.06,F21,F21V,.0988190751522779
mc,1.06,A23,A23L,.0988289498491213
ih,2.07,F15,F15D,.0988721838220954
uh,1.03,H01,H01K,.0988888903521001
ig,2.06,B21,B21F,.0989583358168602
mc,1.06,B06,B06B,.0989583358168602
mr,6.01,C12,C12Q,.0989676336757839
rz,3.03,G09,G09F,.0990338176488876
sr,2.07,C07,C07K,.0991271095117554
ni,3.01,D21,D21C,.0991463912650943
up,1.03,A61,A61F,.0991493482142687
er,1.02,B01,B01L,.0991758275777102
ih,2.07,F42,F42D,.0992063526064157
vs,5.01,G01,G01V,.0992063526064157
um,3.01,C08,C08F,.0993409594520926
ec,1.04,G01,G01G,.0994623675942421
ve,3.02,F41,F41G,.0995370373129845
rt,3.02,F41,F41G,.0995370373129845
rb,2.02,H01,H01G,.0996345058083534
ev,1.02,B05,B05D,.0996348485350609
rt,3.02,Y02,Y02A,.0997776221483946
ct,9,A22,A22C,.0999999977648258
ns,2.01,B41,B41D,.0999999984633178
ju,4.01,B03,B03D,.1000000005587935
vp,3.03,H03,H03M,.1000000014901161
om,5.05,B81,B81B,.1000000014901161
li,3.02,B64,B64C,.1000000014901161
ai,2.03,C05,C05B,.1000000014901161
cl,9,F15,F15D,.1000000014901161
uh,1.03,F01,F01L,.1000000014901161
qe,2.09,C08,C08C,.1000000014901161
ox,6.02,D04,D04H,.1000000014901161
et,1.02,B60,B60B,.1000000014901161
jy,4.05,F16,F16L,.1000000014901161
xa,5.04,C11,C11C,.1000000014901161
ix,2.07,F02,F02B,.1000000014901161
jy,4.05,G16,G16H,.1000000014901161
dk,5.02,F25,F25B,.1000000014901161
ot,6.02,A23,A23K,.1000000014901161
vi,5.01,B65,B65G,.1000000014901161
es,2.02,F21,F21L,.1000000014901161
ig,2.06,C21,C21B,.1000000014901161
bv,5.01,F02,F02D,.1000000014901161
ha,5.03,C22,C22F,.1000000014901161
cn,5.01,H04,H04K,.1000000014901161
vi,5.01,E06,E06B,.1000000014901161
ea,1.04,F02,F02N,.1000000014901161
vi,5.01,F02,F02D,.1000000014901161
ve,3.02,F41,F41A,.1000000014901161
we,3.02,C14,C14C,.1000000014901161
am,4.01,E04,E04C,.1000000014901161
oz,6.02,G07,G07G,.1000000014901161
ot,6.02,H03,H03L,.1000000014901161
vi,5.01,B60,B60N,.1000000014901161
bm,5.07,G01,G01C,.1000000014901161
ku,5.07,B66,B66B,.1000000014901161
sd,3.02,B42,B42C,.1000000014901161
eu,2.02,B26,B26F,.1000000014901161
oy,9,A23,A23C,.1000000014901161
db,2.08,A62,A62C,.1000000014901161
vx,5.01,A61,A61D,.1000000014901161
nu,5.08,B26,B26F,.1000000014901161
ku,5.07,C22,C22B,.1000000014901161
wy,5.04,B26,B26D,.1000000014901161
bi,6.01,F27,F27D,.1000000014901161
bd,1.06,A23,A23G,.1000000014901161
uy,1.04,G21,G21B,.1000000014901161
wu,5.04,B42,B42C,.1000000014901161
ix,2.07,F23,F23C,.1000000014901161
ji,5.01,H04,H04J,.1000000014901161
yp,3.02,C08,C08K,.1000000014901161
ja,1.05,H03,H03B,.1000000014901161
iy,1.06,A01,A01D,.1000000014901161
eq,3.01,B64,B64C,.1000000014901161
or,5.09,C10,C10M,.1000000014901161
cn,5.01,E06,E06B,.1000000014901161
cn,5.01,A45,A45F,.1000000014901161
jb,5.07,B66,B66F,.1000000014901161
cn,5.01,B25,B25D,.1000000014901161
fa,2.01,C21,C21D,.1000000014901161
ex,1.02,A23,A23D,.1000000014901161
sd,3.02,D06,D06P,.1000000014901161
bu,1.03,F15,F15B,.1000000014901161
ev,1.02,B66,B66F,.1000000014901161
qq,1.05,B23,B23P,.1000000014901161
ip,2.07,C07,C07B,.1000000014901161
dk,5.02,C11,C11B,.1000000014901161
qc,6.02,A23,A23C,.1000000014901161
ev,1.02,G04,G04D,.1000000014901161
ds,3.02,A23,A23J,.1000000014901161
mq,6.01,B27,B27C,.1000000014901161
bv,5.01,F42,F42B,.1000000014901161
te,1.05,H04,H04B,.1000000014901161
uh,1.03,B64,B64C,.1000000014901161
pu,2.03,A01,A01B,.1000000014901161
ku,5.07,H01,H01B,.1000000014901161
cq,1.06,B60,B60B,.1000000014901161
jy,4.05,B23,B23P,.1000000014901161
jb,5.07,B66,B66B,.1000000014901161
ee,1.04,H03,H03G,.1000000014901161
bu,1.03,B25,B25J,.1000000014901161
pk,2.05,A43,A43B,.1000000014901161
ae,4.05,E04,E04C,.1000000014901161
ha,5.03,C13,C13K,.1000000014901161
zq,2.07,C12,C12G,.1000000014901161
om,5.05,C05,C05G,.1000000014901161
jw,6.02,A23,A23C,.1000000014901161
uf,1.03,A01,A01J,.1000000014901161
bu,1.03,G06,G06E,.1000000014901161
bv,5.01,G21,G21K,.1000000014901161
ay,3.01,C11,C11B,.1000000014901161
da,1.06,C12,C12J,.1000000014901161
cn,5.01,G21,G21K,.1000000014901161
qu,1.06,B02,B02B,.1000000014901161
ji,5.01,B25,B25G,.1000000014901161
zm,1.06,F21,F21S,.1000000014901161
et,1.02,C06,C06C,.1000000014901161
kv,1.05,B21,B21B,.1000000014901161
ox,6.02,F21,F21S,.1000000014901161
es,2.02,F24,F24S,.1000000014901161
ja,1.05,D06,D06H,.1000000014901161
ai,2.03,F16,F16G,.1000000014901161
db,2.08,B22,B22C,.1000000014901161
ac,2.02,B42,B42C,.1000000014901161
kv,1.05,A61,A61M,.1000000014901161
yp,3.02,C21,C21B,.1000000014901161
ij,2.11,B25,B25G,.1000000014901161
yq,5.07,F01,F01B,.1000000014901161
ve,3.02,D21,D21J,.1000000014901161
fa,2.01,G07,G07G,.1000000014901161
ev,1.02,D06,D06P,.1000000014901161
il,2.07,H05,H05B,.1000000014901161
ct,9,B60,B60R,.1000000014901161
rb,2.02,B44,B44B,.1000000014901161
ev,1.02,A24,A24C,.1000000014901161
ra,2.11,F28,F28F,.1000000014901161
ip,2.07,B23,B23P,.1000000014901161
jy,4.05,F16,F16F,.1000000014901161
if,2.11,G21,G21G,.1000000014901161
cn,5.01,B60,B60W,.1000000014901161
ky,1.05,A61,A61Q,.1000000014901161
dt,2.03,A01,A01B,.1000000014901161
jo,5.04,H01,H01S,.1000000014901161
jw,6.02,C09,C09D,.1000000014901161
pk,2.05,H05,H05F,.1000000014901161
dr,1.06,H03,H03L,.1000000014901161
uh,1.03,A62,A62C,.1000000014901161
ig,2.06,G07,G07D,.1000000014901161
ku,5.07,C03,C03C,.1000000014901161
pn,1.01,G21,G21B,.1000000014901161
uq,5.07,A23,A23D,.1000000014901161
co,1.06,B27,B27C,.1000000014901161
qq,1.05,D06,D06H,.1000000014901161
qk,6.01,A61,A61F,.1000000014901161
pu,2.03,C12,C12R,.1000000014901161
uy,1.04,H02,H02P,.1000000014901161
ia,3.02,C23,C23F,.1000000014901161
wu,5.04,G09,G09C,.1000000014901161
qe,2.09,F25,F25B,.1000000014901161
il,2.07,F02,F02D,.1000000014901161
ds,3.02,A24,A24F,.1000000014901161
ct,9,G01,G01S,.1000000014901161
im,2.01,F16,F16G,.1000000014901161
zr,1.05,D06,D06H,.1000000014901161
if,2.11,F23,F23B,.1000000014901161
ph,6.02,A61,A61Q,.1000000014901161
yi,6.03,A24,A24F,.1000000014901161
id,2.07,B44,B44B,.1000000014901161
ep,1.02,G04,G04D,.1000000014901161
ec,1.04,B60,B60B,.1000000014901161
sr,2.07,C11,C11D,.1000000014901161
kv,1.05,H02,H02K,.1000000014901161
eq,3.01,B65,B65G,.1000000014901161
lj,3.02,B64,B64C,.1000000014901161
ad,4.02,B21,B21D,.1000000014901161
lj,3.02,F41,F41A,.1000000014901161
cu,1.06,B09,B09B,.1000000014901161
sd,3.02,A47,A47L,.1000000014901161
bp,6.04,G07,G07D,.1000000014901161
xw,3.03,H02,H02M,.1000000014901161
ew,1.02,F23,F23C,.1000000014901161
ni,3.01,B42,B42C,.1000000014901161
mm,6.01,F27,F27D,.1000000014901161
ip,2.07,B44,B44B,.1000000014901161
gc,1.05,G06,G06E,.1000000014901161
up,1.03,B65,B65D,.1000000014901161
wu,5.04,B26,B26B,.1000000014901161
ox,6.02,F16,F16J,.1000000014901161
ml,9,H04,H04R,.1000000014901161
pd,6.02,E21,E21B,.1000000014901161
ku,5.07,C07,C07J,.1000000014901161
mm,6.01,F16,F16G,.1000000014901161
mq,6.01,B05,B05D,.1000000014901161
pi,1.06,C22,C22C,.1000000014901161
vj,5.01,B65,B65G,.1000000014901161
oy,9,C05,C05G,.1000000014901161
bq,6.05,B29,B29B,.1000000014901161
er,1.02,H01,H01P,.1000000014901161
jw,6.02,H03,H03L,.1000000014901161
jm,5.04,H02,H02P,.1000000014901161
um,3.01,F42,F42B,.1000000014901161
mq,6.01,E21,E21F,.1000000014901161
oe,5.06,C12,C12M,.1000000014901161
xa,5.04,G01,G01P,.1000000014901161
py,3.02,F04,F04F,.1000000014901161
vp,3.03,B65,B65G,.1000000014901161
ku,5.07,C10,C10M,.1000000014901161
vi,5.01,C22,C22F,.1000000014901161
mr,6.01,C08,C08L,.1000000014901161
pi,1.06,D21,D21H,.1000000014901161
mc,1.06,C01,C01B,.1000000014901161
li,3.02,F41,F41A,.1000000014901161
nq,5.01,B25,B25G,.1000000014901161
qg,2.05,F41,F41B,.1000000014901161
nq,5.01,H04,H04K,.1000000014901161
xq,2.11,F24,F24H,.1000000014901161
ml,9,F16,F16L,.1000000014901161
qu,1.06,B23,B23P,.1000000014901161
il,2.07,F23,F23C,.1000000014901161
zd,9,H01,H01F,.1000000014901161
nu,5.08,C06,C06C,.1000000014901161
ih,2.07,B66,B66F,.1000000014901161
kv,1.05,G01,G01K,.1000000014901161
sr,2.07,F41,F41B,.1000000014901161
vx,5.01,F42,F42B,.1000000014901161
ru,3.01,D21,D21J,.1000000014901161
ew,1.02,G04,G04D,.1000000014901161
eu,2.02,H01,H01G,.1000000014901161
op,3.03,C23,C23C,.1000000014901161
io,2.07,F23,F23C,.1000000014901161
qq,1.05,G06,G06E,.1000000014901161
di,5.02,B26,B26F,.1000000014901161
uk,1.03,B63,B63G,.1000000014901161
xy,1.01,A45,A45D,.1000000014901161
fi,1.04,B60,B60B,.1000000014901161
ph,6.02,C07,C07F,.1000000014901161
ka,4.01,A41,A41G,.1000000014901161
nq,5.01,C12,C12M,.1000000014901161
ua,6.03,E21,E21F,.1000000014901161
re,1.05,F17,F17C,.1000000014901161
es,2.02,A23,A23B,.1000000014901161
qu,1.06,H03,H03K,.1000000014901161
ph,6.02,A23,A23C,.1000000014901161
uh,1.03,F24,F24C,.1000000014901161
oe,5.06,G01,G01H,.1000000014901161
nn,3.03,A41,A41G,.1000000014901161
wu,5.04,F16,F16G,.1000000014901161
qa,3.01,B42,B42C,.1000000014901161
nm,5.02,G06,G06K,.1000000014901161
ku,5.07,B66,B66F,.1000000014901161
eu,2.02,F16,F16D,.1000000014901161
si,1.05,D06,D06H,.1000000014901161
ji,5.01,H04,H04K,.1000000014901161
zk,9,B25,B25J,.1000000014901161
id,2.07,A01,A01B,.1000000014901161
wc,3.03,A23,A23J,.1000000014901161
jm,5.04,G01,G01P,.1000000014901161
qf,9,H01,H01K,.1000000014901161
ql,9,H04,H04S,.1000000014901161
ix,2.07,F24,F24F,.1000000014901161
fa,2.01,C03,C03B,.1000000014901161
sd,3.02,G07,G07C,.1000000014901161
bu,1.03,A23,A23C,.1000000014901161
ze,1.06,G02,G02F,.1000000014901161
su,3.02,A01,A01G,.1000000014901161
ip,2.07,F41,F41H,.1000000014901161
ox,6.02,B08,B08B,.1000000014901161
qa,3.01,G01,G01M,.1000000014901161
nq,5.01,B05,B05B,.1000000014901161
dm,3.02,C01,C01F,.1000000014901161
hy,1.06,B63,B63J,.1000000014901161
cn,5.01,B25,B25G,.1000000014901161
pc,5.02,B25,B25H,.1000000014901161
eo,6.02,H03,H03L,.1000000014901161
pn,1.01,A23,A23D,.1000000014901161
dy,1.04,A41,A41G,.1000000014901161
qe,2.09,B41,B41F,.1000000014901161
jb,5.07,C13,C13K,.1000000014901161
pe,5.02,E03,E03C,.1000000014901161
ro,1.07,D07,D07B,.1000000014901161
id,2.07,D06,D06H,.1000000014901161
ec,1.04,H03,H03G,.1000000014901161
or,5.09,A24,A24F,.1000000014901161
we,3.02,A23,A23J,.1000000014901161
bu,1.03,G01,G01Q,.1000000014901161
oy,9,G07,G07G,.1000000014901161
pn,1.01,B25,B25H,.1000000014901161
sr,2.07,C11,C11C,.1000000014901161
pc,5.02,G01,G01H,.1000000014901161
nq,5.01,E06,E06B,.1000000014901161
pq,1.01,B25,B25H,.1000000014901161
ew,1.02,C01,C01D,.1000000014901161
xe,4.01,G03,G03G,.1000000014901161
tc,3.02,C25,C25B,.1000000014901161
hy,1.06,A01,A01D,.1000000014901161
ue,2.11,C21,C21B,.1000000014901161
eu,2.02,E04,E04C,.1000000014901161
dt,2.03,D06,D06M,.1000000014901161
uu,5.06,B60,B60Q,.1000000014901161
vi,5.01,B25,B25G,.1000000014901161
te,1.05,B29,B29C,.1000000014901161
zq,2.07,G01,G01W,.1000000014901161
nn,3.03,G03,G03C,.1000000014901161
ei,1.04,C12,C12F,.1000000014901161
sa,3.03,D06,D06P,.1000000014901161
sa,3.03,C22,C22F,.1000000014901161
ds,3.02,C10,C10M,.1000000014901161
bi,6.01,G16,G16H,.1000000014901161
oa,2.11,F21,F21L,.1000000014901161
ia,3.02,D04,D04H,.1000000014901161
le,1.05,C12,C12G,.1000000014901161
jb,5.07,B65,B65D,.1000000014901161
xe,4.01,H04,H04R,.1000000014901161
qq,1.05,F41,F41B,.1000000014901161
js,6.04,F16,F16K,.1000000014901161
xa,5.04,B42,B42C,.1000000014901161
pd,6.02,D21,D21H,.1000000014901161
uk,1.03,F41,F41G,.1000000014901161
zk,9,F28,F28D,.1000000014901161
ep,1.02,B44,B44B,.1000000014901161
zd,9,F26,F26B,.1000000014901161
xy,1.01,A23,A23B,.1000000014901161
uk,1.03,F02,F02N,.1000000014901161
sr,2.07,G06,G06E,.1000000014901161
tq,3.02,C14,C14C,.1000000014901161
er,1.02,B42,B42C,.1000000014901161
pt,3.03,C05,C05G,.1000000014901161
po,1.01,A23,A23C,.1000000014901161
rz,3.03,D06,D06P,.1000000014901161
ju,4.01,C22,C22C,.1000000014901161
bu,1.03,F41,F41B,.1000000014901161
cn,5.01,B60,B60N,.1000000014901161
ij,2.11,H03,H03C,.1000000014901161
da,1.06,B60,B60B,.1000000014901161
am,4.01,E02,E02B,.1000000014901161
uk,1.03,F16,F16N,.1000000014901161
uh,1.03,F24,F24H,.1000000014901161
mr,6.01,A23,A23K,.1000000014901161
cu,1.06,F28,F28F,.1000000014901161
co,1.06,F23,F23G,.1000000014901161
dr,1.06,B63,B63J,.1000000014901161
gc,1.05,F41,F41B,.1000000014901161
ix,2.07,C05,C05D,.1000000014901161
ye,2.02,F24,F24S,.1000000014901161
qq,1.05,D06,D06N,.1000000014901161
ui,1.03,B66,B66C,.1000000014901161
es,2.02,C01,C01D,.1000000014901161
ew,1.02,F21,F21L,.1000000014901161
ph,6.02,G08,G08B,.1000000014901161
jo,5.04,B26,B26D,.1000000014901161
nq,5.01,C08,C08L,.1000000014901161
yi,6.03,F16,F16G,.1000000014901161
vi,5.01,F42,F42B,.1000000014901161
yp,3.02,D06,D06P,.1000000014901161
vm,5.06,C05,C05G,.1000000014901161
yy,5.07,C11,C11C,.1000000014901161
mc,1.06,A45,A45D,.1000000014901161
wc,3.03,A23,A23K,.1000000014901161
lq,3.03,A01,A01M,.1000000014901161
xw,3.03,A23,A23F,.1000000014901161
pi,1.06,B22,B22F,.1000000014901161
xa,5.04,A23,A23G,.1000000014901161
vs,5.01,G07,G07D,.1000000014901161
vx,5.01,H01,H01G,.1000000014901161
vj,5.01,H03,H03M,.1000000014901161
ra,2.11,G07,G07D,.1000000014901161
oa,2.11,A45,A45B,.1000000014901161
xq,2.11,F03,F03D,.1000000014901161
zd,9,B27,B27C,.1000000014901161
wu,5.04,B25,B25H,.1000000014901161
sy,1.03,F01,F01L,.1000000014901161
uh,1.03,G04,G04G,.1000000014901161
nu,5.08,D07,D07B,.1000000014901161
id,2.07,B26,B26D,.1000000033527613
db,2.08,G01,G01H,.1000000038184226
ni,3.01,A45,A45C,.1000000052154064
ad,4.02,C13,C13B,.1000000052154064
yr,2.01,G09,G09D,.1000000052154064
ij,2.11,F27,F27B,.1000000052154064
vy,3.02,F41,F41B,.1000000052154064
ik,2.11,A23,A23B,.1000000052154064
dr,1.06,B21,B21F,.1000000052154064
ix,2.07,B63,B63B,.1000000052154064
hq,1.04,C12,C12Y,.1000180384144187
fi,1.04,B82,B82B,.1000609872862697
pe,5.02,F22,F22B,.100201612804085
qf,9,B21,B21B,.100228276103735
eu,2.02,C25,C25B,.1002506278455257
wv,3.03,B01,B01J,.100315127754584
oo,3.03,B01,B01J,.100315127754584
ea,1.04,Y02,Y02A,.1005747150629759
nq,5.01,C07,C07H,.1005960004404187
sd,3.02,C12,C12Y,.1008344234433025
fy,3.02,C01,C01G,.1009615398943424
xa,5.04,C12,C12M,.1010101027786732
up,1.03,G01,G01Q,.1012022427748889
um,3.01,H03,H03K,.1012744214385748
nn,3.03,C08,C08K,.1014767242595553
ga,3.02,B26,B26D,.1015835776925087
tc,3.02,B26,B26D,.1015835776925087
xw,3.03,B26,B26D,.1015835776925087
rb,2.02,B03,B03C,.1016155942343175
co,1.06,F41,F41H,.1016666693612933
oy,9,A23,A23D,.1017316058278084
ve,3.02,F25,F25B,.1017316058278084
vj,5.01,G04,G04F,.1018518526107073
pj,2.05,A23,A23G,.1018518544733524
qj,2.05,A23,A23G,.1018518544733524
ex,1.02,F02,F02M,.1018817210569978
da,1.06,G09,G09F,.1019261651672423
ev,1.02,A61,A61J,.1019841289380565
ac,2.02,C23,C23F,.1019891516771168
fa,2.01,C07,C07H,.1020146547816694
ra,2.11,C09,C09D,.1021805293858051
vi,5.01,C07,C07H,.1021888933610171
yp,3.02,C09,C09J,.1022110201884061
nq,5.01,B42,B42D,.1022727303206921
xw,3.03,G05,G05G,.1022727303206921
mc,1.06,C08,C08B,.1022943303687498
yp,3.02,C07,C07J,.102345728315413
dm,3.02,H03,H03L,.102380957454443
um,3.01,H02,H02N,.1023839935660362
nm,5.02,C07,C07K,.1024164222180843
ct,9,G10,G10L,.1024999991059303
we,3.02,B22,B22F,.1024999991059303
po,1.01,C08,C08G,.1025132294744253
hf,6.03,C04,C04B,.1025252556428313
oo,3.03,C04,C04B,.1025252556428313
wv,3.03,C04,C04B,.1025252556428313
hl,3.03,G01,G01P,.1025641057640314
ou,1.06,G01,G01C,.1025641057640314
pe,5.02,B60,B60D,.1025641057640314
vj,5.01,H05,H05H,.1026315800845623
ha,5.03,H05,H05H,.1026315800845623
ju,4.01,G08,G08G,.1027777791023254
uk,1.03,C08,C08C,.1028409108985215
qa,3.01,Y02,Y02A,.1029632105492055
op,3.03,A23,A23C,.1029942315071821
qu,1.06,B81,B81B,.103025103919208
yp,3.02,H03,H03L,.1030448749661446
pt,3.03,B05,B05D,.1031559752300382
ba,3.02,F26,F26B,.1031746044754982
uh,1.03,G05,G05D,.1031746044754982
co,1.06,A01,A01M,.1031746044754982
re,1.05,C05,C05F,.1031746044754982
po,1.01,C10,C10G,.1031746044754982
xy,1.01,B60,B60W,.1031746054068208
rt,3.02,D04,D04G,.1031746063381433
dm,3.02,B81,B81C,.1032386105507612
wm,5.04,H05,H05H,.1033333353698254
if,2.11,F03,F03H,.1033333353698254
pt,3.03,G03,G03F,.1033583201933652
ur,1.01,B29,B29D,.1034482754766941
pk,2.05,Y02,Y02A,.1034482754766941
zk,9,C07,C07F,.1034547192975879
tu,3.01,F16,F16P,.1036036061123013
im,2.01,B81,B81C,.1037037074565887
ma,3.02,D01,D01D,.1037573111243546
oo,3.03,G01,G01S,.1037653055973351
ox,6.02,G06,G06N,.1037761680781841
uk,1.03,F25,F25C,.1038961075246334
xy,1.01,G03,G03H,.1041666679084301
da,1.06,B60,B60R,.1041666679084301
hf,6.03,G01,G01G,.1041666679084301
oo,3.03,G01,G01G,.1041666679084301
id,2.07,A61,A61J,.1041666679084301
da,1.06,A47,A47C,.1041666679084301
xy,1.01,G01,G01G,.1041666679084301
pn,1.01,F23,F23M,.1041666688397527
rx,3.02,H02,H02M,.1041666697710752
tc,3.02,A61,A61D,.1041666697710752
ze,1.06,F28,F28D,.1041666697710752
fa,2.01,B82,B82Y,.104225629940629
si,1.05,H04,H04Q,.1042424272745848
ix,2.07,C07,C07D,.1045550727285445
gu,1.06,G07,G07B,.1046061813831329
zd,9,Y02,Y02P,.104761905502528
ju,4.01,A61,A61F,.1047619096934795
sr,2.07,B63,B63H,.1047619096934795
da,1.06,H04,H04J,.1047964163590223
zr,1.05,G01,G01D,.1047979826107621
ni,3.01,A22,A22B,.1049382723867893
si,1.05,B22,B22F,.1050000013783574
un,1.03,D21,D21H,.1051020422019064
pk,2.05,H03,H03L,.1051406925544143
sr,2.07,H03,H03G,.1051476248539984
qq,1.05,H01,H01G,.1051587322726846
ev,1.02,C13,C13B,.1051948079839349
dq,9,B81,B81B,.1052023619413376
eo,6.02,B01,B01F,.1052631586790085
uk,1.03,A23,A23C,.1053709401749074
uu,5.06,C12,C12M,.1053779097273946
qg,2.05,E04,E04C,.1055555567145348
ry,2.03,A63,A63F,.1055555567145348
io,2.07,B81,B81C,.1055555567145348
km,1.06,B21,B21F,.1055555604398251
ds,3.02,C09,C09K,.1055839387699962
bp,6.04,C07,C07J,.1056808698922396
pk,2.05,G05,G05F,.1056991489604115
rx,3.02,C12,C12P,.1057015475817025
wu,5.04,C22,C22F,.1060606092214584
we,3.02,B25,B25J,.1060606092214584
ra,2.11,C23,C23F,.1061507975682616
pc,5.02,C12,C12Y,.1062047127634287
ya,3.02,B08,B08B,.1062500015832484
ac,2.02,B28,B28D,.1063218414783478
bi,6.01,B01,B01J,.1064213598147035
ht,1.06,C10,C10L,.1064457331085578
ij,2.11,C12,C12R,.1064613545313478
nq,5.01,A01,A01G,.1065340936183929
kv,1.05,A01,A01H,.1065476220101118
up,1.03,G06,G06G,.106565659865737
ue,2.11,F16,F16P,.1066176472231746
pd,6.02,C12,C12Q,.1066470900550485
ui,1.03,D06,D06P,.1066595446318388
za,3.02,A22,A22C,.1066666645929217
vy,3.02,B09,B09C,.1066666692495346
pu,2.03,B44,B44C,.1066666692495346
xy,1.01,G01,G01Q,.1066666692495346
ye,2.02,A24,A24F,.1068660039454699
er,1.02,C40,C40B,.1069444459863007
yu,3.03,G06,G06K,.1069688536226749
cq,1.06,F15,F15D,.1069833692163229
mw,5.09,A61,A61N,.1070436523295939
hy,1.06,B04,B04B,.1070921998471022
ub,1.03,C08,C08H,.1071428600698709
ha,5.03,F42,F42D,.1071428600698709
qg,2.05,B03,B03D,.1071428619325161
ox,6.02,H03,H03M,.1071428619325161
zd,9,F17,F17D,.1071428619325161
ma,3.02,G01,G01M,.1071428619325161
pe,5.02,C40,C40B,.1071428619325161
pe,5.02,A61,A61J,.1071428619325161
si,1.05,B66,B66C,.1071428619325161
zr,1.05,A23,A23G,.1071428619325161
nn,3.03,F02,F02D,.1071428619325161
ma,3.02,F17,F17D,.1071428619325161
pq,1.01,G01,G01T,.1071521155536175
rx,3.02,C08,C08J,.1071987492032349
uq,5.07,G01,G01M,.1074074096977711
yy,5.07,G01,G01M,.1074074096977711
gu,1.06,C10,C10B,.1075091622769833
km,1.06,D01,D01B,.1075268788263202
po,1.01,H02,H02J,.1077668596990407
ur,1.01,B07,B07B,.1078431382775307
fu,5.04,G01,G01V,.1079545468091965
io,2.07,B63,B63J,.1079545468091965
db,2.08,B81,B81B,.1079820087179542
ve,3.02,C12,C12R,.1081871353089809
ip,2.07,A23,A23D,.1083333361893892
nn,3.03,H03,H03K,.1083333361893892
lq,3.03,B60,B60W,.1083333361893892
sr,2.07,H01,H01C,.1083333361893892
ip,2.07,A23,A23G,.1083333380520344
vx,5.01,B41,B41M,.1083333380520344
pe,5.02,D06,D06F,.1083333380520344
yy,5.07,B64,B64D,.1083333380520344
ve,3.02,C09,C09J,.1083333380520344
bv,5.01,B41,B41M,.1083333380520344
hq,1.04,A47,A47G,.1084367244038731
ec,1.04,H03,H03L,.1084415577352047
zq,2.07,B63,B63G,.1086956541985273
aa,1.03,A01,A01G,.1087301624938846
qg,2.05,H03,H03G,.1087719313800335
wh,3.02,C11,C11B,.1088235303759575
ig,2.06,A23,A23P,.1088466867804527
ot,6.02,A23,A23D,.1088744630105793
er,1.02,C02,C02F,.1089466121047735
zq,2.07,C10,C10B,.1089743617922068
po,1.01,G03,G03C,.1089743617922068
ju,4.01,G10,G10K,.1089743617922068
vp,3.03,C12,C12N,.1090492308139801
ye,2.02,A01,A01C,.1091269860044122
ay,3.01,G03,G03F,.1092248889617622
mc,1.06,G03,G03F,.1092721642926335
uf,1.03,B04,B04C,.109375
fi,1.04,A24,A24D,.1096491254866123
gc,1.05,C13,C13K,.1098901145160198
eo,6.02,C12,C12N,.1099502479191869
pw,2.06,A46,A46B,.1100000012665987
nq,5.01,G10,G10D,.1102150520309806
qh,2.05,G03,G03B,.1103030294179916
xq,2.11,A01,A01K,.1103112455457449
zq,2.07,B28,B28D,.1103603634983301
wv,3.03,G01,G01G,.1104559758678079
qu,1.06,G03,G03H,.110526317730546
qq,1.05,C13,C13K,.1106904442422092
ex,1.02,C09,C09B,.1108902711421251
ex,1.02,B05,B05B,.1111111119389534
zm,1.06,B81,B81B,.1111111119389534
td,3.02,B62,B62D,.1111111119389534
jb,5.07,A61,A61H,.1111111119389534
qj,2.05,F27,F27B,.1111111119389534
fe,5.05,A46,A46B,.1111111119389534
ai,2.03,D02,D02G,.1111111119389534
dx,3.01,H04,H04J,.1111111119389534
dm,3.02,A01,A01C,.1111111119389534
ah,4.01,C06,C06D,.1111111119389534
dw,1.04,B24,B24C,.1111111119389534
ta,1.06,C04,C04B,.1111111119389534
ya,3.02,F02,F02M,.1111111119389534
ex,1.02,B65,B65F,.1111111119389534
ix,2.07,B65,B65G,.1111111119389534
ql,9,H01,H01J,.1111111119389534
dq,9,A41,A41G,.1111111119389534
tu,3.01,H04,H04K,.1111111119389534
nn,3.03,B22,B22C,.1111111119389534
mm,6.01,D07,D07B,.1111111119389534
oe,5.06,F16,F16D,.1111111119389534
qk,6.01,A62,A62D,.1111111119389534
lq,3.03,A47,A47G,.1111111119389534
sr,2.07,F28,F28C,.1111111119389534
fe,5.05,A62,A62C,.1111111119389534
ns,2.01,E04,E04F,.1111111119389534
ur,1.01,F16,F16M,.1111111119389534
dw,1.04,F24,F24H,.1111111119389534
vy,3.02,F01,F01M,.1111111119389534
ih,2.07,C08,C08C,.1111111119389534
ka,4.01,H02,H02S,.1111111119389534
lq,3.03,F16,F16F,.1111111119389534
ea,1.04,G12,G12B,.1111111119389534
ep,1.02,C21,C21C,.1111111119389534
ns,2.01,A44,A44B,.1111111119389534
xy,1.01,C21,C21C,.1111111119389534
yr,2.01,B26,B26B,.1111111119389534
yr,2.01,A63,A63C,.1111111119389534
cl,9,H05,H05H,.1111111119389534
de,1.06,A47,A47G,.1111111119389534
ju,4.01,H03,H03L,.1111111119389534
zr,1.05,B25,B25B,.1111111119389534
ea,1.04,E05,E05G,.1111111119389534
ev,1.02,C11,C11C,.1111111119389534
ps,5.04,B42,B42D,.1111111119389534
ne,3.03,A41,A41H,.1111111119389534
bd,1.06,A01,A01G,.1111111119389534
wm,5.04,B25,B25B,.1111111119389534
ih,2.07,B31,B31B,.1111111119389534
dk,5.02,A61,A61H,.1111111119389534
pn,1.01,G04,G04B,.1111111119389534
ee,1.04,D06,D06F,.1111111119389534
su,3.02,H01,H01K,.1111111119389534
pk,2.05,B31,B31B,.1111111119389534
ec,1.04,C05,C05F,.1111111119389534
wy,5.04,B25,B25B,.1111111119389534
er,1.02,A61,A61Q,.1111111119389534
zq,2.07,A41,A41D,.1111111119389534
py,3.02,A41,A41H,.1111111119389534
un,1.03,H05,H05C,.1111111119389534
oa,2.11,F23,F23Q,.1111111119389534
le,1.05,F28,F28C,.1111111119389534
ga,3.02,C03,C03B,.1111111119389534
da,1.06,C09,C09G,.1111111119389534
ha,5.03,F16,F16D,.1111111119389534
en,9,A63,A63B,.1111111119389534
eq,3.01,A61,A61C,.1111111119389534
pz,2.05,B31,B31B,.1111111119389534
ka,4.01,D01,D01B,.1111111119389534
eq,3.01,H04,H04H,.1111111119389534
ro,1.07,B44,B44D,.1111111119389534
rb,2.02,F01,F01N,.1111111119389534
es,2.02,C08,C08B,.1111111119389534
di,5.02,G07,G07D,.1111111119389534
dx,3.01,B62,B62B,.1111111119389534
pq,1.01,C14,C14C,.1111111119389534
jy,4.05,C06,C06D,.1111111119389534
gm,3.03,B01,B01D,.1111111119389534
pj,2.05,D01,D01B,.1111111119389534
nn,3.03,G09,G09F,.1111111119389534
ro,1.07,G21,G21D,.1111111119389534
nq,5.01,B62,B62K,.1111111119389534
il,2.07,B21,B21D,.1111111119389534
gy,5.02,F01,F01D,.1111111119389534
oo,3.03,G10,G10L,.1111111119389534
iy,1.06,A63,A63B,.1111111119389534
dm,3.02,C12,C12G,.1111111119389534
py,3.02,A23,A23N,.1111111119389534
ku,5.07,F03,F03D,.1111111119389534
gc,1.05,F42,F42B,.1111111119389534
ye,2.02,A41,A41F,.1111111119389534
uu,5.06,D07,D07B,.1111111119389534
ad,4.02,C07,C07G,.1111111119389534
rz,3.03,G10,G10H,.1111111119389534
ou,1.06,H01,H01Q,.1111111119389534
ht,1.06,G05,G05D,.1111111119389534
ik,2.11,B43,B43K,.1111111119389534
km,1.06,F23,F23G,.1111111119389534
ct,9,C09,C09F,.1111111119389534
fy,3.02,C10,C10G,.1111111119389534
qj,2.05,F02,F02M,.1111111119389534
xe,4.01,G07,G07F,.1111111119389534
de,1.06,F24,F24F,.1111111119389534
gy,5.02,H04,H04S,.1111111119389534
oz,6.02,A01,A01D,.1111111119389534
hl,3.03,B61,B61C,.1111111119389534
ne,3.03,D21,D21G,.1111111119389534
te,1.05,F04,F04B,.1111111119389534
li,3.02,B65,B65G,.1111111119389534
bv,5.01,B61,B61L,.1111111119389534
lq,3.03,C30,C30B,.1111111119389534
de,1.06,B60,B60S,.1111111119389534
ia,3.02,A41,A41B,.1111111119389534
bv,5.01,C10,C10G,.1111111119389534
mu,4.01,F24,F24F,.1111111119389534
dw,1.04,C22,C22F,.1111111119389534
up,1.03,C09,C09B,.1111111119389534
ip,2.07,H03,H03G,.1111111119389534
uf,1.03,A22,A22C,.1111111119389534
ip,2.07,A43,A43B,.1111111119389534
li,3.02,F26,F26B,.1111111119389534
ub,1.03,H04,H04S,.1111111119389534
gm,3.03,C12,C12R,.1111111119389534
ih,2.07,B25,B25B,.1111111119389534
es,2.02,A41,A41D,.1111111119389534
ay,3.01,C25,C25F,.1111111119389534
js,6.04,G07,G07G,.1111111119389534
dx,3.01,A23,A23J,.1111111119389534
di,5.02,C25,C25D,.1111111119389534
yi,6.03,E01,E01C,.1111111119389534
zq,2.07,G10,G10L,.1111111119389534
jo,5.04,G07,G07F,.1111111119389534
li,3.02,C23,C23C,.1111111119389534
uh,1.03,E04,E04B,.1111111119389534
cn,5.01,D01,D01D,.1111111119389534
sr,2.07,C10,C10G,.1111111119389534
gm,3.03,H03,H03L,.1111111119389534
ur,1.01,G07,G07B,.1111111119389534
xq,2.11,B28,B28D,.1111111119389534
hq,1.04,C13,C13K,.1111111119389534
id,2.07,D02,D02G,.1111111119389534
po,1.01,D06,D06H,.1111111119389534
pe,5.02,B27,B27G,.1111111119389534
hy,1.06,G02,G02F,.1111111119389534
jy,4.05,B60,B60S,.1111111119389534
pm,2.05,A41,A41H,.1111111119389534
jw,6.02,C02,C02F,.1111111119389534
kv,1.05,B60,B60P,.1111111119389534
my,5.01,B22,B22D,.1111111119389534
yo,3.01,G01,G01G,.1111111119389534
fi,1.04,C10,C10C,.1111111119389534
ky,1.05,F03,F03D,.1111111119389534
ep,1.02,A23,A23B,.1111111119389534
nm,5.02,F25,F25B,.1111111119389534
es,2.02,B24,B24D,.1111111119389534
uq,5.07,F04,F04B,.1111111119389534
po,1.01,C03,C03C,.1111111119389534
jo,5.04,A46,A46B,.1111111119389534
ai,2.03,H01,H01T,.1111111119389534
um,3.01,B08,B08B,.1111111119389534
im,2.01,B22,B22D,.1111111119389534
ah,4.01,B60,B60S,.1111111119389534
rt,3.02,C08,C08C,.1111111119389534
hl,3.03,A42,A42B,.1111111119389534
ru,3.01,A41,A41B,.1111111119389534
zq,2.07,F03,F03D,.1111111119389534
si,1.05,E04,E04C,.1111111119389534
iq,2.02,C06,C06D,.1111111119389534
qf,9,B24,B24C,.1111111119389534
ik,2.11,E04,E04F,.1111111119389534
ju,4.01,G03,G03G,.1111111119389534
om,5.05,A62,A62C,.1111111119389534
ip,2.07,B23,B23D,.1111111119389534
az,3.02,H01,H01B,.1111111119389534
pe,5.02,B60,B60N,.1111111119389534
pk,2.05,C21,C21B,.1111111119389534
io,2.07,G07,G07C,.1111111119389534
rt,3.02,A62,A62D,.1111111119389534
ea,1.04,H02,H02B,.1111111119389534
sa,3.03,B08,B08B,.1111111119389534
re,1.05,B07,B07B,.1111111119389534
dx,3.01,G05,G05D,.1111111119389534
ix,2.07,C09,C09B,.1111111119389534
yr,2.01,A41,A41F,.1111111119389534
hb,5.03,F02,F02D,.1111111119389534
am,4.01,F03,F03D,.1111111119389534
hq,1.04,A23,A23C,.1111111119389534
ix,2.07,A41,A41H,.1111111119389534
ry,2.03,F28,F28C,.1111111119389534
hb,5.03,F02,F02P,.1111111119389534
nm,5.02,B63,B63H,.1111111119389534
re,1.05,A41,A41D,.1111111119389534
pj,2.05,G10,G10H,.1111111119389534
or,5.09,G01,G01Q,.1111111119389534
fu,5.04,C08,C08C,.1111111119389534
ps,5.04,D21,D21G,.1111111119389534
ja,1.05,F02,F02K,.1111111119389534
cn,5.01,C10,C10G,.1111111119389534
wq,5.01,A63,A63F,.1111111119389534
tm,3.01,C09,C09C,.1111111119389534
ex,1.02,E03,E03F,.1111111119389534
qh,2.05,B21,B21C,.1111111119389534
yp,3.02,G01,G01M,.1111111119389534
gu,1.06,A01,A01D,.1111111119389534
jb,5.07,H04,H04S,.1111111119389534
ze,1.06,E04,E04F,.1111111119389534
es,2.02,C13,C13B,.1111111119389534
oe,5.06,B60,B60P,.1111111119389534
ve,3.02,B60,B60Q,.1111111119389534
ij,2.11,B43,B43K,.1111111119389534
vx,5.01,C05,C05F,.1111111119389534
cq,1.06,E02,E02D,.1111111119389534
dr,1.06,B44,B44F,.1111111119389534
yo,3.01,E06,E06B,.1111111119389534
rx,3.02,F01,F01M,.1111111119389534
ra,2.11,A01,A01D,.1111111119389534
iq,2.02,F28,F28C,.1111111119389534
ns,2.01,D06,D06Q,.1111111119389534
ry,2.03,C05,C05F,.1111111119389534
uh,1.03,C05,C05F,.1111111119389534
ze,1.06,B22,B22C,.1111111119389534
ih,2.07,F03,F03G,.1111111119389534
pu,2.03,A41,A41H,.1111111119389534
ub,1.03,H05,H05C,.1111111119389534
ra,2.11,B05,B05B,.1111111119389534
sr,2.07,H02,H02S,.1111111119389534
my,5.01,G16,G16H,.1111111119389534
fa,2.01,B65,B65D,.1111111119389534
pe,5.02,H03,H03B,.1111111119389534
cu,1.06,F16,F16L,.1111111119389534
ji,5.01,B62,B62K,.1111111119389534
qc,6.02,E04,E04H,.1111111119389534
lq,3.03,F26,F26B,.1111111119389534
qe,2.09,A22,A22B,.1111111119389534
yi,6.03,C30,C30B,.1111111119389534
vm,5.06,B25,B25B,.1111111119389534
po,1.01,D21,D21G,.1111111119389534
tq,3.02,G09,G09G,.1111111119389534
ds,3.02,C11,C11B,.1111111119389534
cq,1.06,E05,E05G,.1111111119389534
ti,9,G01,G01J,.1111111119389534
pe,5.02,H03,H03D,.1111111119389534
ga,3.02,H01,H01P,.1111111119389534
kv,1.05,B60,B60W,.1111111119389534
ue,2.11,G21,G21H,.1111111119389534
pe,5.02,B43,B43K,.1111111119389534
ae,4.05,C23,C23C,.1111111119389534
pu,2.03,D06,D06H,.1111111119389534
yg,6.04,A23,A23C,.1111111119389534
co,1.06,G04,G04F,.1111111119389534
wc,3.03,B29,B29D,.1111111119389534
ig,2.06,E05,E05B,.1111111119389534
qe,2.09,C22,C22B,.1111111119389534
eu,2.02,A47,A47C,.1111111119389534
mq,6.01,B09,B09C,.1111111119389534
zk,9,C09,C09K,.1111111119389534
xy,1.01,G10,G10C,.1111111119389534
cu,1.06,E02,E02D,.1111111119389534
ns,2.01,B65,B65C,.1111111119389534
ro,1.07,F28,F28C,.1111111119389534
hi,5.01,C07,C07F,.1111111119389534
um,3.01,E04,E04C,.1111111119389534
pu,2.03,F21,F21S,.1111111119389534
ht,1.06,G03,G03G,.1111111119389534
pi,1.06,A23,A23F,.1111111119389534
ai,2.03,F28,F28C,.1111111119389534
wy,5.04,C12,C12M,.1111111119389534
cu,1.06,C10,C10M,.1111111119389534
pm,2.05,B31,B31B,.1111111119389534
xe,4.01,D06,D06P,.1111111119389534
wh,3.02,C01,C01G,.1111111119389534
ih,2.07,E01,E01B,.1111111119389534
ga,3.02,A41,A41G,.1111111119389534
ja,1.05,B31,B31B,.1111111119389534
or,5.09,A62,A62C,.1111111119389534
fa,2.01,F01,F01P,.1111111119389534
pq,1.01,G21,G21B,.1111111119389534
dw,1.04,B60,B60S,.1111111119389534
ew,1.02,C08,C08B,.1111111119389534
oe,5.06,D07,D07B,.1111111119389534
ou,1.06,G01,G01B,.1111111119389534
yr,2.01,A62,A62C,.1111111119389534
km,1.06,G01,G01V,.1111111119389534
yr,2.01,B66,B66D,.1111111119389534
pj,2.05,C14,C14C,.1111111119389534
dx,3.01,B60,B60S,.1111111119389534
oe,5.06,A23,A23P,.1111111119389534
uq,5.07,H02,H02J,.1111111119389534
rx,3.02,G08,G08C,.1111111119389534
wv,3.03,A41,A41D,.1111111119389534
uh,1.03,H05,H05C,.1111111119389534
rx,3.02,C08,C08C,.1111111119389534
yq,5.07,F16,F16L,.1111111119389534
vy,3.02,C08,C08C,.1111111119389534
yr,2.01,C08,C08B,.1111111119389534
ik,2.11,F21,F21S,.1111111119389534
ka,4.01,A23,A23G,.1111111119389534
ep,1.02,B61,B61C,.1111111119389534
ia,3.02,A47,A47K,.1111111119389534
ub,1.03,C06,C06D,.1111111119389534
jm,5.04,H01,H01M,.1111111119389534
co,1.06,E05,E05G,.1111111119389534
ex,1.02,G10,G10C,.1111111119389534
ti,9,C25,C25B,.1111111119389534
ij,2.11,B27,B27G,.1111111119389534
nq,5.01,A46,A46B,.1111111119389534
tq,3.02,C10,C10G,.1111111119389534
oe,5.06,B81,B81B,.1111111119389534
di,5.02,B26,B26D,.1111111119389534
ui,1.03,F41,F41J,.1111111119389534
ve,3.02,A41,A41B,.1111111119389534
zd,9,A41,A41G,.1111111119389534
td,3.02,B01,B01F,.1111111119389534
zq,2.07,F23,F23G,.1111111119389534
fa,2.01,C09,C09B,.1111111119389534
wv,3.03,C03,C03B,.1111111119389534
ju,4.01,C21,C21D,.1111111119389534
ae,4.05,F42,F42D,.1111111119389534
yr,2.01,D05,D05C,.1111111119389534
im,2.01,C08,C08C,.1111111119389534
cn,5.01,B61,B61L,.1111111119389534
ac,2.02,A47,A47C,.1111111119389534
ze,1.06,C30,C30B,.1111111119389534
bk,6.04,H04,H04H,.1111111119389534
ps,5.04,C08,C08F,.1111111119389534
cu,1.06,E02,E02F,.1111111119389534
ne,3.03,G03,G03H,.1111111119389534
hf,6.03,C03,C03B,.1111111119389534
te,1.05,G01,G01J,.1111111119389534
qh,2.05,A01,A01M,.1111111119389534
ai,2.03,B44,B44D,.1111111119389534
ex,1.02,C08,C08B,.1111111119389534
dk,5.02,A24,A24B,.1111111119389534
qj,2.05,B27,B27M,.1111111119389534
bf,5.04,C13,C13B,.1111111119389534
yo,3.01,H02,H02G,.1111111119389534
qc,6.02,H04,H04S,.1111111119389534
ns,2.01,D21,D21G,.1111111119389534
sy,1.03,B27,B27G,.1111111119389534
xa,5.04,B63,B63H,.1111111119389534
js,6.04,F03,F03G,.1111111119389534
qu,1.06,F04,F04D,.1111111119389534
zk,9,B22,B22D,.1111111119389534
az,3.02,D04,D04C,.1111111119389534
sr,2.07,C08,C08J,.1111111119389534
yp,3.02,H01,H01P,.1111111119389534
ut,6.02,C01,C01G,.1111111119389534
yg,6.04,C01,C01B,.1111111119389534
pt,3.03,B65,B65G,.1111111119389534
ij,2.11,F02,F02P,.1111111119389534
ns,2.01,F42,F42D,.1111111119389534
mm,6.01,C14,C14C,.1111111119389534
ye,2.02,D05,D05C,.1111111119389534
ff,3.02,A01,A01D,.1111111119389534
rb,2.02,B60,B60J,.1111111119389534
qq,1.05,A61,A61H,.1111111119389534
op,3.03,H02,H02G,.1111111119389534
ec,1.04,C09,C09F,.1111111119389534
pi,1.06,B63,B63C,.1111111119389534
re,1.05,F23,F23G,.1111111119389534
rz,3.03,H04,H04Q,.1111111119389534
dt,2.03,G08,G08G,.1111111119389534
dy,1.04,B31,B31B,.1111111119389534
po,1.01,C21,C21C,.1111111119389534
af,4.05,C25,C25B,.1111111119389534
bv,5.01,B25,B25J,.1111111119389534
dm,3.02,A41,A41G,.1111111119389534
ml,9,C03,C03C,.1111111119389534
fu,5.04,A41,A41D,.1111111119389534
bu,1.03,F16,F16C,.1111111119389534
fa,2.01,B22,B22D,.1111111119389534
gu,1.06,G07,G07G,.1111111119389534
ka,4.01,F03,F03D,.1111111119389534
lq,3.03,A42,A42B,.1111111119389534
cn,5.01,H01,H01P,.1111111119389534
pc,5.02,C12,C12M,.111111112870276
wf,1.06,G01,G01S,.1111111138015985
ex,1.02,G10,G10G,.1111111138015985
iu,2.03,B65,B65F,.1111111138015985
qe,2.09,D06,D06Q,.1111111138015985
xq,2.11,G21,G21H,.1111111138015985
da,1.06,C01,C01G,.1112071112729609
ne,3.03,B66,B66C,.1112612630240619
zm,1.06,G01,G01B,.1113095246255398
cn,5.01,F25,F25B,.1113671287894249
qg,2.05,G05,G05F,.1113770878873765
ec,1.04,B03,B03D,.1114285737276077
qe,2.09,H04,H04M,.1114942543208599
ru,3.01,B81,B81B,.1115024185273796
we,3.02,A24,A24F,.111627908423543
dm,3.02,H01,H01G,.1116335624828935
uq,5.07,C07,C07H,.1116574890911579
aa,1.03,A47,A47C,.1119047645479441
yr,2.01,G07,G07D,.1121034789830446
le,1.05,C05,C05B,.1121212169528008
bv,5.01,H04,H04H,.1122222226113081
za,3.02,B26,B26D,.1122580617666245
ou,1.06,C04,C04B,.1123188436031342
pu,2.03,C12,C12Y,.1123251765966415
ry,2.03,F16,F16J,.1125000007450581
cn,5.01,C08,C08B,.1125000007450581
ex,1.02,D21,D21G,.1125000007450581
hf,6.03,G07,G07C,.1125000007450581
er,1.02,D21,D21G,.1125000007450581
sy,1.03,B26,B26B,.1125000007450581
ig,2.06,F41,F41B,.1125000054016709
ue,2.11,F41,F41B,.1125000054016709
sy,1.03,B04,B04B,.112612615339458
gc,1.05,C09,C09C,.1126373670995235
qf,9,C08,C08B,.1126495730131865
bp,6.04,A24,A24B,.1127451006323099
ur,1.01,B81,B81B,.1128183864057064
wv,3.03,C07,C07H,.1128854979760945
db,2.08,D01,D01B,.1129032224416733
iy,1.06,D01,D01B,.1129032224416733
ih,2.07,F01,F01B,.1130952425301075
sd,3.02,B63,B63B,.1130952425301075
zk,9,B63,B63B,.1130952425301075
pn,1.01,G03,G03H,.1130952425301075
db,2.08,H03,H03H,.1136054433882236
ou,1.06,B29,B29C,.1136363670229912
or,5.09,H01,H01B,.1136363670229912
ub,1.03,E02,E02D,.1136363670229912
vx,5.01,B42,B42D,.1136363670229912
ai,2.03,F41,F41C,.1136363670229912
cn,5.01,A01,A01G,.1136363670229912
da,1.06,C12,C12G,.1136363670229912
ei,1.04,B21,B21H,.1136363670229912
dt,2.03,G06,G06G,.1138304295018315
aa,1.03,C08,C08B,.1138888904824853
we,3.02,A47,A47C,.1139601171016693
qk,6.01,C12,C12R,.1142857186496258
nq,5.01,A45,A45F,.1144346445798874
ij,2.11,A45,A45F,.1144346445798874
ji,5.01,A45,A45F,.1144346445798874
hq,1.04,F15,F15C,.1144587430171669
pw,2.06,E06,E06B,.1144927553832531
pw,2.06,A23,A23G,.1145833358168602
vx,5.01,F04,F04B,.1145833358168602
mm,6.01,B64,B64D,.1145833358168602
ik,2.11,B62,B62K,.1145833358168602
ip,2.07,B03,B03D,.1145833358168602
vs,5.01,G16,G16H,.115058021619916
rt,3.02,H05,H05H,.1151515170931816
ct,9,G01,G01J,.1153305219486356
am,4.01,C14,C14C,.1153846196830273
py,3.02,A45,A45F,.1154771447181702
uk,1.03,C12,C12R,.1155579804908484
ip,2.07,B01,B01L,.1155594950541854
ns,2.01,C10,C10B,.1157407416030765
op,3.03,A24,A24B,.1157407416030765
ep,1.02,B24,B24D,.115740742534399
ou,1.06,G01,G01P,.115740742534399
ha,5.03,A23,A23K,.1158730182796717
aa,1.03,G01,G01W,.115873018745333
cu,1.06,B05,B05B,.1159562487155199
pt,3.03,C30,C30B,.1160130728967488
sr,2.07,B41,B41M,.116124358959496
xy,1.01,C12,C12Y,.1161340357502922
pc,5.02,B25,B25F,.1163145918399096
dk,5.02,B25,B25F,.1163145918399096
vj,5.01,B25,B25F,.1163145918399096
ja,1.05,B25,B25F,.1163145918399096
yp,3.02,B25,B25F,.1163145918399096
mc,1.06,H01,H01Q,.1163740511983633
nm,5.02,G11,G11C,.1164351888000965
nm,5.02,G10,G10L,.1165329795330763
ik,2.11,G21,G21C,.1166666676290333
cu,1.06,B63,B63B,.1166666690260172
rb,2.02,B06,B06B,.1166666690260172
iy,1.06,C08,C08B,.1166666690260172
iu,2.03,G21,G21G,.1166666708886623
dt,2.03,G21,G21G,.1166666708886623
ep,1.02,B61,B61K,.1166666708886623
io,2.07,F04,F04B,.1166666708886623
ns,2.01,A01,A01J,.1166666708886623
qu,1.06,F17,F17C,.1166666708886623
ou,1.06,B82,B82Y,.1166666708886623
pu,2.03,C05,C05D,.1166666708886623
mu,4.01,G06,G06N,.1166666708886623
ni,3.01,B21,B21F,.1166666727513075
gc,1.05,H03,H03D,.116673031821847
za,3.02,C11,C11B,.1168472417630255
oo,3.03,C07,C07K,.1168800160521641
xq,2.11,C10,C10C,.1168831214308739
hi,5.01,G07,G07D,.1168831214308739
ea,1.04,C10,C10C,.1168831214308739
ps,5.04,A23,A23L,.1169250654056668
po,1.01,A23,A23L,.1169250654056668
qd,6.02,A61,A61K,.117047131061554
ra,2.11,C07,C07J,.1173109840601683
vj,5.01,H01,H01Q,.1175035242922604
ga,3.02,A47,A47K,.1176470592617989
sd,3.02,G21,G21G,.1176470592617989
fy,3.02,A47,A47K,.1176470592617989
tu,3.01,A47,A47K,.1176470592617989
py,3.02,G01,G01W,.1176470592617989
de,1.06,A47,A47K,.1176470592617989
di,5.02,H01,H01B,.1178160943090916
cu,1.06,C25,C25F,.1179738573264331
jb,5.07,B42,B42D,.1180555559694767
qe,2.09,G06,G06G,.1180555559694767
mq,6.01,B60,B60L,.1180555559694767
pn,1.01,B81,B81C,.1180555559694767
ps,5.04,B60,B60L,.1180555559694767
ox,6.02,A23,A23G,.1180555559694767
ou,1.06,B08,B08B,.1180555559694767
vy,3.02,A23,A23J,.1183006558567286
ye,2.02,A62,A62B,.1184210535138845
ds,3.02,C08,C08G,.1184327192604542
rb,2.02,C01,C01B,.1184640531428158
ba,3.02,F04,F04D,.1186868697404861
ti,9,B65,B65D,.1188630498945713
lj,3.02,C07,C07J,.118867926299572
wh,3.02,B23,B23P,.1189692988991737
ei,1.04,B63,B63B,.1190476212650537
qg,2.05,C21,C21B,.1190476212650537
cn,5.01,C12,C12R,.1190476231276989
yr,2.01,D04,D04B,.1190476231276989
ti,9,D06,D06M,.1190476231276989
hi,5.01,H03,H03M,.1190476231276989
ry,2.03,C08,C08B,.1190476231276989
lq,3.03,C23,C23C,.1192640718072653
nn,3.03,A21,A21D,.1192846531048417
da,1.06,B09,B09B,.1192982494831085
rb,2.02,H03,H03C,.1194444457069039
xq,2.11,G01,G01W,.1194852944463491
gc,1.05,C07,C07J,.1195381255820394
uf,1.03,G01,G01D,.1197481360286474
ix,2.07,G01,G01G,.1200000010430813
zq,2.07,F16,F16J,.1200396870262921
pk,2.05,G10,G10L,.1201215428300202
vi,5.01,A45,A45F,.1202485980466008
ea,1.04,C22,C22F,.1203208584338427
ip,2.07,F25,F25B,.1203463226556778
dr,1.06,G01,G01T,.1203629719093442
dm,3.02,D06,D06M,.1203703731298447
rx,3.02,H02,H02N,.1203703731298447
yu,3.03,A24,A24B,.1204365091398358
ji,5.01,F03,F03D,.1205882369540632
tu,3.01,G21,G21F,.1206816080957651
mw,5.09,G06,G06K,.1210069637745619
rz,3.03,G02,G02C,.1212121248245239
pw,2.06,C25,C25B,.1212121248245239
am,4.01,B25,B25J,.1212121248245239
dq,9,H05,H05H,.1212121248245239
qg,2.05,H03,H03D,.1212860317900777
uy,1.04,G01,G01W,.1213235296308994
yi,6.03,G03,G03B,.1213235296308994
ru,3.01,A62,A62D,.1214285753667355
xq,2.11,C13,C13K,.1214285753667355
tm,3.01,F01,F01N,.1214285753667355
bi,6.01,H01,H01S,.1214285753667355
rq,1.06,B82,B82Y,.1214369460940361
uk,1.03,D21,D21C,.1217237561941147
af,4.05,C07,C07K,.1217485461384058
wu,5.04,B81,B81C,.1217948757112026
pm,2.05,B61,B61B,.1217948757112026
lq,3.03,G01,G01P,.1217948757112026
vx,5.01,G16,G16H,.1218040511012077
we,3.02,H02,H02J,.1218518540263176
cq,1.06,B25,B25F,.1218827869743109
ai,2.03,C12,C12R,.1220113267190754
zq,2.07,B08,B08B,.1220289878547192
ry,2.03,A61,A61J,.1222222233191133
td,3.02,G01,G01G,.122222226113081
ga,3.02,C10,C10G,.122222226113081
ew,1.02,D05,D05C,.1225988701917231
ma,3.02,H01,H01Q,.1226776841795072
ep,1.02,A01,A01C,.1226923086214811
hy,1.06,A24,A24B,.122814352158457
um,3.01,D01,D01F,.1230158740654588
ox,6.02,B82,B82Y,.1230158740654588
op,3.03,C03,C03C,.1231593042612076
nq,5.01,G01,G01J,.1232684003189206
ni,3.01,C10,C10G,.1236111121252179
lq,3.03,C25,C25D,.1237713685259223
da,1.06,H02,H02J,.1238407008349895
co,1.06,H03,H03B,.1239316249266267
ou,1.06,H01,H01M,.1240751212462783
es,2.02,F16,F16D,.124404763802886
uu,5.06,C12,C12Y,.1245215330272913
qa,3.01,H01,H01G,.1245426163077354
xw,3.03,C08,C08J,.1245916076004505
vi,5.01,G04,G04F,.1246913587674499
ur,1.01,H03,H03D,.1246951222419739
hl,3.03,C23,C23C,.1248326688073575
rq,1.06,B23,B23D,.125
lj,3.02,G05,G05F,.125
cn,5.01,A47,A47K,.125
dr,1.06,G06,G06G,.125
li,3.02,G05,G05F,.125
ou,1.06,F01,F01L,.125
en,9,B01,B01L,.125
iq,2.02,E03,E03B,.125
di,5.02,C22,C22B,.125
kv,1.05,D06,D06H,.125
ff,3.02,A61,A61D,.125
eq,3.01,D21,D21G,.125
ac,2.02,E03,E03B,.125
up,1.03,B23,B23K,.125
hf,6.03,H05,H05H,.125
qc,6.02,H01,H01M,.125
qq,1.05,C06,C06B,.125
bi,6.01,A63,A63H,.125
ih,2.07,H04,H04J,.125
qq,1.05,H04,H04Q,.125
ql,9,G07,G07F,.125
dq,9,A23,A23B,.125
rt,3.02,G21,G21B,.125
ff,3.02,C10,C10G,.125
ql,9,H01,H01H,.125
fy,3.02,G03,G03H,.125
ia,3.02,B27,B27M,.125
kv,1.05,G03,G03C,.125
up,1.03,B22,B22F,.125
qk,6.01,C08,C08J,.125
dx,3.01,A63,A63C,.125
tq,3.02,H02,H02N,.125
ka,4.01,G05,G05F,.125
uk,1.03,B60,B60B,.125
zd,9,H01,H01H,.125
ew,1.02,A62,A62B,.125
oo,3.03,G01,G01F,.125
vi,5.01,C22,C22B,.125
ds,3.02,E05,E05F,.125
bf,5.04,F03,F03D,.125
vj,5.01,A47,A47B,.125
zr,1.05,F01,F01L,.125
zk,9,F16,F16L,.125
ha,5.03,B05,B05C,.125
si,1.05,C08,C08K,.125
ev,1.02,B24,B24D,.125
im,2.01,B66,B66F,.125
ff,3.02,B60,B60C,.125
dm,3.02,B05,B05C,.125
pt,3.03,B24,B24D,.125
ea,1.04,B41,B41C,.125
ub,1.03,Y02,Y02E,.125
wc,3.03,A01,A01G,.125
vi,5.01,G01,G01G,.125
im,2.01,B28,B28D,.125
un,1.03,A23,A23K,.125
mc,1.06,H01,H01C,.125
ac,2.02,C10,C10L,.125
yi,6.03,C09,C09C,.125
ur,1.01,F16,F16K,.125
zd,9,B60,B60B,.125
cn,5.01,D21,D21H,.125
un,1.03,C23,C23G,.125
sa,3.03,D01,D01F,.125
cl,9,G09,G09F,.125
sy,1.03,B60,B60D,.125
hl,3.03,D06,D06F,.125
hb,5.03,F27,F27D,.125
rb,2.02,A63,A63D,.125
io,2.07,B60,B60K,.125
ip,2.07,E03,E03F,.125
tm,3.01,B22,B22D,.125
ah,4.01,G07,G07D,.125
si,1.05,F21,F21V,.125
io,2.07,F17,F17D,.125
er,1.02,C10,C10L,.125
wv,3.03,G21,G21D,.125
yi,6.03,F41,F41G,.125
jm,5.04,G03,G03F,.125
dt,2.03,C05,C05C,.125
si,1.05,D02,D02G,.125
sy,1.03,B31,B31D,.125
am,4.01,B27,B27M,.125
xy,1.01,D06,D06F,.125
wm,5.04,A41,A41F,.125
yp,3.02,B21,B21D,.125
ga,3.02,B09,B09B,.125
td,3.02,A43,A43D,.125
pd,6.02,C09,C09B,.125
id,2.07,A62,A62B,.125
sa,3.03,C06,C06C,.125
or,5.09,A23,A23J,.125
kv,1.05,B62,B62D,.125
ai,2.03,F04,F04C,.125
hi,5.01,B28,B28D,.125
bq,6.05,F15,F15C,.125
ev,1.02,D06,D06L,.125
fi,1.04,C12,C12R,.125
ex,1.02,B44,B44D,.125
pk,2.05,B28,B28D,.125
ee,1.04,B60,B60K,.125
jy,4.05,Y02,Y02A,.125
ou,1.06,G08,G08C,.125
uk,1.03,F42,F42C,.125
zm,1.06,F16,F16H,.125
de,1.06,F23,F23M,.125
up,1.03,C11,C11D,.125
ai,2.03,B60,B60P,.125
wm,5.04,F17,F17C,.125
cl,9,F23,F23J,.125
ro,1.07,B23,B23F,.125
gu,1.06,H04,H04S,.125
ti,9,D06,D06F,.125
vp,3.03,A46,A46D,.125
te,1.05,H01,H01J,.125
xe,4.01,F02,F02F,.125
ep,1.02,E03,E03B,.125
pa,6.02,C12,C12R,.125
ra,2.11,H03,H03F,.125
hb,5.03,B31,B31B,.125
qe,2.09,F16,F16G,.125
ox,6.02,B22,B22F,.125
di,5.02,B81,B81C,.125
gm,3.03,C09,C09D,.125
ai,2.03,G04,G04B,.125
ew,1.02,B43,B43M,.125
bq,6.05,D21,D21F,.125
ee,1.04,H02,H02H,.125
uf,1.03,F01,F01C,.125
sr,2.07,D06,D06H,.125
zd,9,A23,A23J,.125
er,1.02,F23,F23C,.125
pt,3.03,A43,A43D,.125
kv,1.05,C23,C23C,.125
oi,3.02,F04,F04B,.125
oo,3.03,G21,G21F,.125
zd,9,H03,H03G,.125
rt,3.02,F02,F02N,.125
ns,2.01,B62,B62K,.125
pq,1.01,B61,B61C,.125
ka,4.01,D06,D06L,.125
qq,1.05,B02,B02C,.125
eu,2.02,G04,G04G,.125
oo,3.03,A41,A41F,.125
db,2.08,B64,B64G,.125
we,3.02,H01,H01G,.125
dw,1.04,B26,B26D,.125
zd,9,E05,E05F,.125
ew,1.02,B25,B25C,.125
il,2.07,A42,A42B,.125
qg,2.05,F23,F23C,.125
sy,1.03,B21,B21J,.125
ub,1.03,F01,F01B,.125
pi,1.06,B06,B06B,.125
uk,1.03,A23,A23F,.125
yp,3.02,B02,B02C,.125
bp,6.04,C13,C13B,.125
aa,1.03,H05,H05G,.125
pq,1.01,B67,B67D,.125
uk,1.03,G03,G03D,.125
pn,1.01,F41,F41B,.125
id,2.07,A47,A47L,.125
mu,4.01,A23,A23J,.125
da,1.06,B41,B41C,.125
ex,1.02,B61,B61B,.125
ur,1.01,B60,B60P,.125
ee,1.04,B03,B03B,.125
uk,1.03,B60,B60P,.125
ki,3.02,A01,A01G,.125
sr,2.07,A61,A61G,.125
xe,4.01,G05,G05B,.125
qu,1.06,F24,F24H,.125
ma,3.02,B60,B60B,.125
cn,5.01,C30,C30B,.125
ac,2.02,F23,F23C,.125
oe,5.06,C12,C12Y,.125
bu,1.03,H03,H03B,.125
fa,2.01,C25,C25B,.125
pc,5.02,B05,B05C,.125
qu,1.06,F03,F03G,.125
im,2.01,B60,B60S,.125
io,2.07,A63,A63B,.125
et,1.02,H05,H05G,.125
ht,1.06,H01,H01J,.125
rb,2.02,A23,A23L,.125
if,2.11,B44,B44B,.125
cu,1.06,B60,B60C,.125
cu,1.06,F15,F15C,.125
he,5.03,A47,A47B,.125
wm,5.04,D21,D21C,.125
le,1.05,F04,F04D,.125
gm,3.03,F16,F16J,.125
yp,3.02,B42,B42D,.125
pt,3.03,H01,H01F,.125
pq,1.01,F41,F41B,.125
uy,1.04,D01,D01H,.125
fa,2.01,C05,C05D,.125
cl,9,B26,B26D,.125
ev,1.02,C05,C05G,.125
kv,1.05,H04,H04Q,.125
cu,1.06,E04,E04B,.125
iu,2.03,E03,E03B,.125
lj,3.02,H02,H02J,.125
nq,5.01,C09,C09B,.125
ns,2.01,H03,H03C,.125
ia,3.02,B02,B02B,.125
ha,5.03,B28,B28D,.125
ue,2.11,B61,B61B,.125
mw,5.09,F41,F41G,.125
oo,3.03,B05,B05B,.125
bm,5.07,G01,G01F,.125
fe,5.05,A41,A41C,.125
vx,5.01,H04,H04K,.125
ye,2.02,B63,B63J,.125
ya,3.02,C30,C30B,.125
ma,3.02,A41,A41D,.125
fs,6.04,H04,H04K,.125
ig,2.06,A63,A63J,.125
ya,3.02,A47,A47B,.125
pn,1.01,B67,B67D,.125
hl,3.03,F02,F02M,.125
pt,3.03,C21,C21D,.125
mq,6.01,A23,A23C,.125
if,2.11,G07,G07G,.125
sa,3.03,F41,F41J,.125
ye,2.02,A01,A01F,.125
yu,3.03,B22,B22D,.125
ma,3.02,C10,C10G,.125
gc,1.05,B60,B60Q,.125
oo,3.03,E01,E01F,.125
nq,5.01,C01,C01B,.125
ya,3.02,G21,G21B,.125
ai,2.03,A45,A45C,.125
wm,5.04,E03,E03B,.125
uf,1.03,G09,G09F,.125
gy,5.02,H01,H01T,.125
jb,5.07,G21,G21B,.125
vj,5.01,G01,G01K,.125
ip,2.07,F15,F15B,.125
hi,5.01,C03,C03B,.125
zq,2.07,C01,C01C,.125
mq,6.01,C08,C08J,.125
ni,3.01,B06,B06B,.125
yp,3.02,A23,A23B,.125
sy,1.03,G21,G21H,.125
ep,1.02,A01,A01F,.125
db,2.08,B23,B23D,.125
hf,6.03,G02,G02C,.125
bi,6.01,F21,F21K,.125
im,2.01,G04,G04G,.125
ki,3.02,A23,A23P,.125
qh,2.05,B26,B26D,.125
di,5.02,B25,B25C,.125
qg,2.05,F42,F42C,.125
wy,5.04,B09,B09B,.125
le,1.05,B28,B28C,.125
tq,3.02,F41,F41J,.125
qg,2.05,G10,G10H,.125
uh,1.03,F27,F27B,.125
oy,9,A23,A23J,.125
ix,2.07,C25,C25B,.125
ur,1.01,B67,B67D,.125
io,2.07,G04,G04G,.125
wv,3.03,G02,G02C,.125
ky,1.05,G01,G01K,.125
bf,5.04,C12,C12R,.125
ct,9,C03,C03B,.125
gc,1.05,A61,A61G,.125
wc,3.03,A01,A01M,.125
oo,3.03,G01,G01L,.125
lj,3.02,C10,C10M,.125
uf,1.03,B60,B60P,.125
wh,3.02,G01,G01K,.125
ja,1.05,H04,H04S,.125
ht,1.06,B60,B60C,.125
ds,3.02,H01,H01H,.125
da,1.06,F02,F02K,.125
oo,3.03,F02,F02M,.125
vi,5.01,A46,A46D,.125
za,3.02,F21,F21K,.125
ac,2.02,F22,F22D,.125
pc,5.02,C01,C01F,.125
mc,1.06,A43,A43D,.125
we,3.02,B21,B21D,.125
mc,1.06,C08,C08L,.125
hf,6.03,F02,F02M,.125
es,2.02,B43,B43M,.125
uy,1.04,B60,B60P,.125
if,2.11,E03,E03B,.125
un,1.03,C40,C40B,.125
ve,3.02,A41,A41C,.125
vj,5.01,F16,F16M,.125
qh,2.05,F24,F24F,.125
id,2.07,C09,C09F,.125
bv,5.01,A63,A63H,.125
bk,6.04,H03,H03G,.125
pj,2.05,B22,B22F,.125
gu,1.06,C09,C09G,.125
bm,5.07,C10,C10L,.125
ad,4.02,C06,C06C,.125
hf,6.03,G21,G21F,.125
xy,1.01,H02,H02H,.125
aa,1.03,H01,H01T,.125
xq,2.11,A41,A41C,.125
dw,1.04,F02,F02K,.125
ua,6.03,A61,A61G,.125
oe,5.06,D06,D06M,.125
ha,5.03,C03,C03B,.125
yu,3.03,A61,A61C,.125
jw,6.02,A61,A61C,.125
aa,1.03,E21,E21C,.125
wf,1.06,G10,G10G,.125
qg,2.05,E04,E04B,.125
ui,1.03,B41,B41C,.125
ji,5.01,F01,F01K,.125
qg,2.05,C12,C12C,.125
ki,3.02,B60,B60G,.125
vs,5.01,G07,G07C,.125
ui,1.03,B02,B02B,.125
qh,2.05,G10,G10L,.125
qu,1.06,B23,B23D,.125
jm,5.04,H05,H05B,.125
oo,3.03,H05,H05H,.125
ix,2.07,F04,F04D,.125
oa,2.11,A41,A41C,.125
si,1.05,D01,D01G,.125
hf,6.03,H01,H01H,.125
pq,1.01,H05,H05G,.125
pn,1.01,B61,B61C,.125
im,2.01,A42,A42B,.125
io,2.07,D01,D01G,.125
gy,5.02,C11,C11C,.125
ji,5.01,B67,B67D,.125
tm,3.01,H02,H02G,.125
eu,2.02,F25,F25J,.125
sa,3.03,A62,A62B,.125
le,1.05,G03,G03C,.125
hf,6.03,B03,B03B,.125
km,1.06,D04,D04H,.125
iu,2.03,C05,C05C,.125
qf,9,A01,A01K,.125
ma,3.02,B60,B60P,.125
bi,6.01,C11,C11B,.125
un,1.03,C08,C08B,.125
gu,1.06,G01,G01D,.125
ia,3.02,A62,A62B,.125
qa,3.01,G03,G03C,.125
ry,2.03,F24,F24H,.125
ka,4.01,B41,B41M,.125
io,2.07,A42,A42B,.125
hf,6.03,G21,G21D,.125
un,1.03,G01,G01P,.125
ya,3.02,B60,B60C,.125
wu,5.04,G01,G01G,.125
um,3.01,E02,E02F,.125
wy,5.04,H01,H01P,.125
uf,1.03,G07,G07D,.125
am,4.01,F23,F23M,.125
ja,1.05,B66,B66D,.125
es,2.02,B63,B63J,.125
si,1.05,C01,C01D,.125
js,6.04,A46,A46B,.125
si,1.05,C21,C21D,.125
oo,3.03,C11,C11D,.125
ou,1.06,C01,C01D,.125
id,2.07,A47,A47F,.125
il,2.07,F21,F21V,.125
gu,1.06,A61,A61J,.125
dr,1.06,B05,B05C,.125
jy,4.05,F01,F01K,.125
pn,1.01,C25,C25F,.125
kv,1.05,B61,B61L,.125
qg,2.05,G03,G03D,.125
zm,1.06,C09,C09G,.125
pd,6.02,F15,F15C,.125
eu,2.02,E04,E04F,.125
zm,1.06,G10,G10G,.125
ur,1.01,G07,G07D,.125
js,6.04,F16,F16B,.125
hy,1.06,H05,H05K,.125
hl,3.03,G01,G01L,.125
ni,3.01,G04,G04B,.125
db,2.08,A45,A45C,.125
ew,1.02,B63,B63J,.125
rx,3.02,B81,B81B,.125
qe,2.09,G21,G21K,.125
yq,5.07,B22,B22C,.125
wf,1.06,D04,D04B,.125
eq,3.01,A46,A46D,.125
ox,6.02,G07,G07C,.125
re,1.05,F16,F16D,.125
my,5.01,A01,A01H,.125
wv,3.03,C11,C11D,.125
ih,2.07,B27,B27N,.125
qj,2.05,C11,C11B,.125
tc,3.02,C10,C10G,.125
gc,1.05,E02,E02F,.125
ox,6.02,A61,A61G,.125
qd,6.02,G06,G06Q,.125
ds,3.02,B60,B60P,.125
pn,1.01,B24,B24D,.125
hf,6.03,G03,G03C,.125
oa,2.11,C01,C01C,.125
vm,5.06,C22,C22C,.125
oi,3.02,G01,G01R,.125
nq,5.01,F41,F41G,.125
es,2.02,B25,B25C,.125
gu,1.06,B66,B66D,.125
qh,2.05,G05,G05G,.125
dk,5.02,H03,H03G,.125
cq,1.06,F24,F24V,.125
vx,5.01,D21,D21H,.125
pi,1.06,H04,H04H,.125
ih,2.07,A61,A61G,.125
up,1.03,F16,F16C,.125
co,1.06,D06,D06F,.125
di,5.02,B05,B05D,.125
uq,5.07,A21,A21D,.125
qh,2.05,D06,D06F,.125
hl,3.03,G21,G21D,.125
ou,1.06,C08,C08F,.125
qu,1.06,G03,G03C,.125
bk,6.04,B65,B65B,.125
or,5.09,H01,H01S,.125
ex,1.02,B25,B25C,.125
oy,9,C08,C08H,.125
oe,5.06,B21,B21B,.125
da,1.06,B62,B62J,.125
ae,4.05,G07,G07D,.125
oo,3.03,G21,G21D,.125
zr,1.05,G08,G08C,.125
ik,2.11,F15,F15D,.125
hf,6.03,C25,C25D,.125
qe,2.09,A62,A62D,.125
ha,5.03,D21,D21B,.125
dw,1.04,H03,H03L,.125
di,5.02,B81,B81B,.125
nm,5.02,A61,A61G,.125
tc,3.02,G21,G21B,.125
fs,6.04,A23,A23B,.125
we,3.02,C08,C08C,.125
pm,2.05,G03,G03D,.125
ua,6.03,B03,B03B,.125
ji,5.01,C09,C09B,.125
ub,1.03,G03,G03D,.125
nq,5.01,B60,B60L,.125
mw,5.09,C22,C22B,.125
yi,6.03,H04,H04S,.125
pn,1.01,A23,A23K,.125
ep,1.02,F24,F24C,.125
py,3.02,G04,G04B,.125
wu,5.04,D21,D21F,.125
kv,1.05,B64,B64G,.125
uu,5.06,H04,H04K,.125
ec,1.04,H01,H01H,.125
qq,1.05,B60,B60H,.125
vm,5.06,H02,H02M,.125
es,2.02,F02,F02F,.125
er,1.02,C21,C21D,.125
ra,2.11,A63,A63F,.125
pf,6.02,A61,A61C,.125
iy,1.06,G01,G01R,.125
ma,3.02,B22,B22D,.125
vi,5.01,F41,F41G,.125
de,1.06,F23,F23C,.125
pe,5.02,B24,B24D,.125
zr,1.05,A47,A47K,.125
gu,1.06,A61,A61D,.125
ua,6.03,H01,H01H,.125
vi,5.01,F02,F02K,.125
pe,5.02,C01,C01F,.125
pm,2.05,B62,B62M,.125
zk,9,C12,C12R,.125
pe,5.02,D01,D01F,.125
pe,5.02,E04,E04G,.125
vi,5.01,D21,D21G,.125
xw,3.03,B05,B05C,.125
jw,6.02,H03,H03H,.125
sr,2.07,F24,F24C,.125
qu,1.06,B41,B41M,.125
ep,1.02,B62,B62H,.125
ba,3.02,C08,C08C,.125
en,9,G09,G09B,.125
po,1.01,F23,F23C,.125
et,1.02,B62,B62H,.125
ua,6.03,C08,C08H,.125
ig,2.06,F16,F16G,.125
es,2.02,A44,A44C,.125
tm,3.01,H04,H04S,.125
nn,3.03,C12,C12J,.125
eq,3.01,G10,G10H,.125
am,4.01,H01,H01F,.125
rp,6.04,F22,F22B,.125
am,4.01,F23,F23J,.125
ds,3.02,F21,F21L,.125
wc,3.03,C10,C10M,.125
hb,5.03,B63,B63H,.125
ma,3.02,E04,E04F,.125
tc,3.02,B81,B81C,.125
nu,5.08,C06,C06D,.125
hf,6.03,E01,E01F,.125
uh,1.03,C09,C09G,.125
mr,6.01,B29,B29D,.125
ki,3.02,B03,B03C,.125
pe,5.02,C30,C30B,.125
ga,3.02,B22,B22D,.125
zq,2.07,B65,B65D,.125
pn,1.01,H05,H05G,.125
ta,1.06,H04,H04L,.125
pu,2.03,C21,C21C,.125
ur,1.01,C10,C10G,.125
pq,1.01,A45,A45D,.125
dx,3.01,B03,B03B,.125
oa,2.11,A63,A63D,.125
ig,2.06,C05,C05F,.125
zq,2.07,B81,B81B,.125
ac,2.02,B60,B60M,.125
hb,5.03,G09,G09F,.125
pf,6.02,H04,H04Q,.125
ry,2.03,B06,B06B,.125
za,3.02,A23,A23B,.125
pi,1.06,B29,B29D,.125
qf,9,F24,F24H,.125
es,2.02,A62,A62B,.125
oi,3.02,B22,B22D,.125
mq,6.01,F25,F25J,.125
ql,9,G05,G05D,.125
di,5.02,F25,F25C,.125
si,1.05,A42,A42B,.125
rz,3.03,A47,A47D,.125
ub,1.03,C12,C12C,.125
es,2.02,A01,A01F,.125
uh,1.03,B06,B06B,.125
xw,3.03,C22,C22B,.125
pm,2.05,B62,B62K,.125
my,5.01,B62,B62B,.125
ro,1.07,B66,B66D,.125
ox,6.02,C04,C04B,.125
um,3.01,G07,G07C,.125
ps,5.04,A61,A61Q,.125
ze,1.06,B21,B21B,.125
pz,2.05,C05,C05D,.125
qj,2.05,C25,C25B,.125
pi,1.06,C10,C10B,.125
af,4.05,C13,C13B,.125
dk,5.02,G07,G07G,.125
su,3.02,C25,C25D,.125
sd,3.02,B65,B65B,.125
ff,3.02,G01,G01J,.125
pt,3.03,B44,B44C,.125
rz,3.03,H03,H03F,.125
er,1.02,C25,C25B,.125
ds,3.02,B60,B60B,.125
oz,6.02,F21,F21K,.125
pt,3.03,C09,C09J,.125
sa,3.03,Y02,Y02A,.125
xe,4.01,B28,B28C,.125
ip,2.07,B30,B30B,.125
bk,6.04,B44,B44D,.125
db,2.08,G21,G21G,.125
qa,3.01,D06,D06M,.125
ix,2.07,H04,H04B,.125
pc,5.02,D01,D01F,.125
up,1.03,H01,H01H,.125
wv,3.03,G21,G21F,.125
ml,9,F25,F25B,.125
hf,6.03,G01,G01L,.125
ex,1.02,A41,A41H,.125
wy,5.04,A61,A61N,.125
ns,2.01,C12,C12G,.125
ox,6.02,C12,C12R,.125
uk,1.03,F23,F23C,.125
za,3.02,F22,F22B,.125
ua,6.03,F21,F21K,.125
vx,5.01,A63,A63J,.125
oe,5.06,C05,C05G,.125
rz,3.03,F22,F22B,.125
pw,2.06,A23,A23F,.125
ki,3.02,B06,B06B,.125
ub,1.03,B62,B62B,.125
zd,9,F21,F21L,.125
vm,5.06,H01,H01P,.125
pi,1.06,C25,C25D,.125
un,1.03,B65,B65G,.125
ml,9,H04,H04S,.125
ta,1.06,E04,E04F,.125
ub,1.03,C05,C05B,.125
re,1.05,G07,G07D,.125
rp,6.04,A01,A01M,.125
pj,2.05,B66,B66F,.125
wq,5.01,G10,G10H,.125
eu,2.02,D06,D06M,.125
fa,2.01,C01,C01G,.125
zq,2.07,A63,A63F,.125
un,1.03,F27,F27B,.125
ut,6.02,C08,C08B,.125
bm,5.07,H04,H04R,.125
io,2.07,D02,D02G,.125
io,2.07,F01,F01K,.125
po,1.01,F27,F27B,.125
re,1.05,B65,B65D,.125
fa,2.01,A01,A01M,.125
ht,1.06,B62,B62J,.125
jm,5.04,C09,C09D,.125
ya,3.02,B60,B60G,.125
cl,9,B81,B81C,.125
dt,2.03,A47,A47F,.125
pg,6.02,H04,H04J,.125
jy,4.05,E02,E02F,.125
zc,4.03,C06,C06C,.125
et,1.02,B66,B66D,.125
zk,9,G08,G08B,.125
ue,2.11,D06,D06H,.125
ij,2.11,C13,C13B,.125
oa,2.11,G10,G10D,.125
zd,9,B60,B60P,.125
qg,2.05,B60,B60B,.125
gu,1.06,F02,F02F,.125
dk,5.02,F21,F21K,.125
aa,1.03,C09,C09C,.125
dy,1.04,B60,B60D,.125
re,1.05,B28,B28C,.125
vj,5.01,F02,F02K,.125
uf,1.03,B67,B67D,.125
sy,1.03,A23,A23G,.125
ew,1.02,D01,D01D,.125
bp,6.04,B44,B44D,.125
ur,1.01,A62,A62C,.125
bd,1.06,F03,F03B,.125
iq,2.02,C05,C05B,.125
ds,3.02,B60,B60C,.125
bd,1.06,H01,H01J,.125
af,4.05,G03,G03G,.125
mw,5.09,G09,G09F,.125
zk,9,F25,F25C,.125
xw,3.03,A01,A01G,.125
zc,4.03,D21,D21F,.125
et,1.02,C06,C06D,.125
hf,6.03,A41,A41F,.125
cn,5.01,E02,E02F,.125
gy,5.02,C13,C13B,.125
un,1.03,C12,C12C,.125
dq,9,A61,A61D,.125
wv,3.03,E01,E01F,.125
ii,2.04,H03,H03G,.125
nn,3.03,B22,B22D,.125
zr,1.05,G07,G07C,.125
dw,1.04,B60,B60K,.125
le,1.05,D04,D04B,.125
mu,4.01,A61,A61J,.125
hl,3.03,G21,G21F,.125
hy,1.06,G10,G10G,.125
pc,5.02,C30,C30B,.125
sa,3.03,G10,G10G,.125
es,2.02,D01,D01D,.125
wv,3.03,F02,F02K,.125
ad,4.02,A45,A45C,.125
mq,6.01,G08,G08G,.125
de,1.06,F23,F23J,.125
ih,2.07,F01,F01L,.125
io,2.07,B66,B66C,.125
nm,5.02,A01,A01K,.125
mm,6.01,F01,F01K,.125
up,1.03,G01,G01M,.125
ns,2.01,A01,A01G,.125
oo,3.03,G02,G02C,.125
ik,2.11,B62,B62M,.125
ma,3.02,F21,F21L,.125
sd,3.02,B41,B41N,.125
ti,9,B09,B09B,.125
dr,1.06,F24,F24V,.125
wu,5.04,E01,E01F,.125
qg,2.05,G06,G06E,.125
nn,3.03,B25,B25J,.125
ik,2.11,F24,F24B,.125
dr,1.06,F01,F01D,.125
ia,3.02,G09,G09C,.125
ei,1.04,B28,B28C,.125
qf,9,F16,F16H,.125
wv,3.03,H05,H05H,.125
co,1.06,C05,C05D,.125
dq,9,H04,H04K,.125
ne,3.03,B02,B02B,.125
wf,1.06,C23,C23C,.125
py,3.02,D04,D04B,.125
ve,3.02,A46,A46D,.125
tc,3.02,D03,D03D,.125
fs,6.04,G01,G01M,.125
pu,2.03,F01,F01C,.125
km,1.06,C06,C06C,.125
dw,1.04,F25,F25C,.125
pe,5.02,F41,F41H,.125
te,1.05,H05,H05B,.125
ut,6.02,C11,C11B,.125
wv,3.03,A41,A41F,.125
km,1.06,B64,B64G,.125
le,1.05,D06,D06H,.125
dx,3.01,F16,F16J,.125
wc,3.03,A42,A42B,.125
gc,1.05,A23,A23J,.125
pt,3.03,E02,E02F,.125
bf,5.04,B62,B62J,.125
wv,3.03,G01,G01F,.125
ry,2.03,C21,C21C,.125
zd,9,C08,C08C,.125
ay,3.01,H01,H01F,.125
zq,2.07,F16,F16D,.125
pi,1.06,G01,G01T,.125
nq,5.01,A62,A62C,.125
wv,3.03,F02,F02M,.125
oi,3.02,G02,G02F,.125
ky,1.05,B41,B41M,.125
wv,3.03,B05,B05B,.125
ur,1.01,A23,A23K,.125
pc,5.02,B67,B67D,.125
dr,1.06,B28,B28D,.125
ub,1.03,B31,B31D,.125
xq,2.11,E01,E01F,.125
wy,5.04,C23,C23C,.125
wm,5.04,E01,E01F,.125
xw,3.03,A45,A45B,.125
pt,3.03,B05,B05C,.125
ig,2.06,H01,H01C,.125
bu,1.03,H02,H02K,.1250000009313226
ip,2.07,C13,C13K,.1250000009313226
sr,2.07,B66,B66F,.1250000018626451
up,1.03,H03,H03C,.1250000018626451
ue,2.11,G05,G05G,.1250000018626451
sr,2.07,G05,G05G,.1250000018626451
ah,4.01,B03,B03B,.1250000037252903
dr,1.06,D06,D06Q,.1250000037252903
bf,5.04,G07,G07D,.1250000037252903
ia,3.02,C07,C07G,.1250000037252903
xa,5.04,G01,G01D,.1250000037252903
uh,1.03,A23,A23K,.1250000037252903
za,3.02,C07,C07G,.1250000037252903
qg,2.05,F23,F23M,.1250000037252903
qf,9,B21,B21C,.1250000037252903
dm,3.02,G07,G07D,.1250000037252903
ky,1.05,C01,C01B,.1250000037252903
wu,5.04,H04,H04S,.1250000037252903
co,1.06,C21,C21C,.1250000037252903
ac,2.02,B03,B03B,.1250000037252903
di,5.02,C08,C08B,.1250000037252903
pw,2.06,A47,A47B,.1250000046566129
il,2.07,G06,G06N,.1251948070712388
yr,2.01,C10,C10G,.1256038658320904
ra,2.11,D01,D01D,.1256038658320904
tq,3.02,C40,C40B,.1257425179937854
ee,1.04,B03,B03C,.1257467172108591
ou,1.06,B32,B32B,.1257936526089907
az,3.02,C12,C12P,.1258169943466783
zr,1.05,E04,E04C,.1259259283542633
pt,3.03,B25,B25F,.1260074744932353
ma,3.02,B05,B05B,.1260470789857209
vm,5.06,B42,B42D,.1260606087744236
ku,5.07,B01,B01D,.1263157911598682
ji,5.01,G10,G10D,.1263440838083625
we,3.02,C08,C08H,.1264586504548788
tm,3.01,A23,A23D,.126491229981184
ve,3.02,C25,C25B,.1265497086569667
we,3.02,F04,F04B,.1267361119389534
fa,2.01,G01,G01H,.1269841305911541
ex,1.02,E05,E05F,.1269841305911541
de,1.06,G03,G03C,.1269841305911541
yp,3.02,G09,G09G,.1269841305911541
yy,5.07,H04,H04H,.1269841305911541
we,3.02,C40,C40B,.1271001615095884
sr,2.07,A61,A61M,.1273504309356213
un,1.03,G21,G21H,.1273809559643269
qe,2.09,C12,C12Y,.1274211583659053
uh,1.03,A24,A24B,.1276996619999409
mc,1.06,H01,H01S,.127702702768147
un,1.03,B60,B60K,.1277056317776442
rq,1.06,D06,D06M,.1277777794748545
ji,5.01,H01,H01S,.1277777794748545
wu,5.04,C12,C12R,.1277777794748545
le,1.05,H03,H03D,.1277777794748545
kv,1.05,H03,H03D,.1277777794748545
zc,4.03,G16,G16H,.1277777794748545
yu,3.03,G16,G16H,.1277777794748545
xw,3.03,H05,H05B,.127777780406177
xq,2.11,A23,A23D,.1277997400611639
hq,1.04,C07,C07G,.1278248587623239
ik,2.11,C25,C25B,.1278378749266267
pg,6.02,C11,C11B,.1278901733458042
ml,9,G01,G01S,.1279190219938755
fi,1.04,H03,H03M,.1280208984389901
qe,2.09,B04,B04B,.1280605331994593
ct,9,C25,C25F,.128205131739378
ep,1.02,B60,B60D,.128205131739378
hi,5.01,A61,A61H,.1282163755968213
or,5.09,C07,C07J,.128282830119133
yi,6.03,A61,A61L,.128317654132843
ae,4.05,F23,F23C,.1284722238779068
ew,1.02,H02,H02S,.1285004522651434
gm,3.03,A01,A01N,.1285714339464903
ve,3.02,C12,C12M,.128745318390429
cu,1.06,F16,F16K,.1287630004808307
eq,3.01,H05,H05B,.1287878826260567
ei,1.04,F16,F16N,.1287878826260567
ju,4.01,A23,A23G,.1287878826260567
tm,3.01,G07,G07D,.1287878826260567
wf,1.06,H04,H04S,.1287878826260567
im,2.01,G21,G21K,.1287878826260567
et,1.02,A01,A01B,.1287878826260567
hy,1.06,C08,C08G,.1289113648235798
xw,3.03,G10,G10D,.1290322560817003
dt,2.03,C09,C09J,.1291666682809591
ae,4.05,D06,D06M,.1291666701436043
dw,1.04,G16,G16H,.1293290043249726
hi,5.01,G01,G01R,.1293650846928358
eu,2.02,A01,A01K,.1294117663055658
ay,3.01,A01,A01G,.1294642873108387
ub,1.03,B04,B04B,.1295481724664569
qg,2.05,C09,C09F,.1296296305954456
ii,2.04,C09,C09F,.1296296305954456
ih,2.07,E21,E21C,.129830920137465
hl,3.03,C30,C30B,.1299019609577954
bv,5.01,G11,G11C,.1300000017508864
wf,1.06,B65,B65B,.1300251255743206
qf,9,F15,F15C,.1300262254662812
ry,2.03,B65,B65B,.1300911181606352
ex,1.02,F22,F22B,.1301075280644
ml,9,C12,C12P,.1301111616194248
mq,6.01,H01,H01S,.1301801847293973
zm,1.06,A61,A61H,.1302012517116964
ei,1.04,A23,A23N,.1302083348855376
lj,3.02,C08,C08B,.1302521042525768
cl,9,C09,C09K,.1302631581202149
ew,1.02,C25,C25C,.1303030326962471
oa,2.11,A21,A21D,.1303030326962471
re,1.05,C07,C07H,.1303418818861246
fa,2.01,G10,G10K,.1303733047097921
hq,1.04,F02,F02G,.1304347827099264
zc,4.03,F16,F16K,.1304347850382328
ja,1.05,E01,E01F,.1304347850382328
ds,3.02,A23,A23C,.1304697589948773
da,1.06,B81,B81B,.1304831944871694
mr,6.01,A01,A01K,.1304945056326687
ig,2.06,B07,B07C,.1305555598810315
sy,1.03,B02,B02C,.1305555617436767
cl,9,A61,A61J,.1309523812960833
jo,5.04,C12,C12R,.1309523824602365
ei,1.04,F16,F16M,.1309523843228817
hq,1.04,D04,D04H,.1309523843228817
pw,2.06,H01,H01Q,.1309523843228817
uk,1.03,F16,F16M,.1309523843228817
dy,1.04,F16,F16M,.1309523843228817
ns,2.01,F16,F16M,.1309523843228817
te,1.05,B63,B63H,.1309523843228817
ev,1.02,F28,F28D,.1309523861855268
ev,1.02,C09,C09C,.1310185194015503
we,3.02,B03,B03C,.1310240961611271
td,3.02,G01,G01T,.1311084278859198
db,2.08,B21,B21B,.1312111802399158
qq,1.05,A23,A23G,.1312500014901161
bv,5.01,A23,A23F,.1312500014901161
eq,3.01,B01,B01L,.1314102564938366
ro,1.07,B66,B66C,.1314496351405978
zr,1.05,C08,C08H,.1315006278455257
dt,2.03,A01,A01C,.1315515041351318
wf,1.06,G01,G01J,.1316666668280959
dt,2.03,G16,G16H,.1317189761903137
qa,3.01,H04,H04J,.1317860924173146
xq,2.11,F03,F03H,.1319444458931684
ae,4.05,D01,D01D,.1319444458931684
xy,1.01,C10,C10L,.1319806771352887
jb,5.07,C30,C30B,.1320707080885768
ct,9,C07,C07J,.1320782245602459
ij,2.11,F15,F15D,.132142857182771
xy,1.01,D21,D21G,.1322580650448799
uk,1.03,G16,G16H,.132400564616546
pw,2.06,G11,G11B,.1324434857815504
iu,2.03,D21,D21C,.1324561443179846
gu,1.06,F41,F41H,.13246268639341
dt,2.03,B65,B65G,.1325757578015327
yi,6.03,A61,A61H,.132575761526823
ua,6.03,B29,B29B,.132575761526823
gm,3.03,C12,C12P,.1326476456597447
mc,1.06,B41,B41J,.132738096639514
ki,3.02,H03,H03F,.1328502427786589
qj,2.05,C10,C10M,.1328502427786589
pu,2.03,H03,H03B,.1328571457415819
ni,3.01,B09,B09B,.1330645158886909
qf,9,C10,C10L,.1330645158886909
ra,2.11,B32,B32B,.1331510627642274
im,2.01,C11,C11B,.133151188492775
li,3.02,C02,C02F,.1333333346992731
ue,2.11,C01,C01F,.1333333346992731
uf,1.03,B44,B44D,.1333333346992731
ev,1.02,G04,G04F,.1333333365619183
hb,5.03,C09,C09J,.1333333365619183
wq,5.01,A23,A23J,.1333333365619183
ur,1.01,G21,G21F,.1333333365619183
dr,1.06,B09,B09B,.1333333365619183
he,5.03,G06,G06T,.1333333365619183
er,1.02,G09,G09D,.1333333365619183
xy,1.01,B42,B42F,.1333333365619183
qq,1.05,H02,H02N,.1333333365619183
mc,1.06,B42,B42F,.1333333365619183
oo,3.03,H03,H03M,.1333333365619183
ds,3.02,G01,G01V,.1333333365619183
um,3.01,G07,G07D,.1333333365619183
ev,1.02,G21,G21F,.1333333365619183
qa,3.01,B42,B42F,.1333333365619183
pt,3.03,B42,B42F,.1333333365619183
up,1.03,B60,B60W,.1333333365619183
hl,3.03,B60,B60W,.1333333365619183
un,1.03,A62,A62D,.1333333365619183
er,1.02,A45,A45B,.1333333365619183
ue,2.11,F16,F16B,.1333333365619183
ea,1.04,G06,G06E,.1333333384245634
uf,1.03,D21,D21F,.1333333402872086
pn,1.01,F17,F17D,.1333333402872086
ja,1.05,Y02,Y02P,.1333333402872086
rb,2.02,F01,F01L,.1333333402872086
qf,9,B09,B09B,.1333333402872086
ep,1.02,F02,F02N,.1333333402872086
ns,2.01,E03,E03B,.1333333402872086
ub,1.03,E03,E03B,.1333333402872086
hi,5.01,C09,C09C,.1333333402872086
tq,3.02,E05,E05D,.1333333402872086
rb,2.02,F02,F02N,.1333333402872086
or,5.09,B60,B60G,.1333333402872086
un,1.03,D06,D06M,.1337535055354238
wm,5.04,G01,G01L,.1337719298899174
vx,5.01,C08,C08F,.1338624376803637
gc,1.05,C01,C01D,.1339285727590322
bf,5.04,G05,G05D,.1339285746216774
il,2.07,F25,F25D,.1339285746216774
io,2.07,F25,F25D,.1339285746216774
yu,3.03,C07,C07J,.1339285746216774
iy,1.06,H01,H01S,.1339285746216774
pj,2.05,A01,A01G,.1341845877468586
nu,5.08,B03,B03C,.1342029003426433
qh,2.05,G03,G03H,.1342261917889118
pu,2.03,C05,C05F,.1342948749661446
cq,1.06,B81,B81B,.1344345083925873
iu,2.03,C12,C12R,.1345093450509012
hy,1.06,F26,F26B,.1346153877675533
hb,5.03,C08,C08B,.1346520357765257
yu,3.03,C12,C12Y,.1346560888923705
uk,1.03,B41,B41D,.1346774185076356
ta,1.06,G01,G01N,.1347553201485425
wq,5.01,C07,C07F,.1348039219155908
cu,1.06,H01,H01F,.1349206361919641
ht,1.06,D01,D01F,.1349206361919641
nm,5.02,H01,H01L,.1349206361919641
ij,2.11,G04,G04G,.1349206361919641
hi,5.01,H01,H01J,.1349206399172544
ve,3.02,C08,C08B,.1350771905854344
pf,6.02,G10,G10L,.1354166669771075
up,1.03,C12,C12P,.1354700804222375
qf,9,G21,G21H,.1355218887329102
ns,2.01,F27,F27B,.1355555597692728
sy,1.03,E04,E04B,.1357142850756645
re,1.05,H01,H01F,.1357142888009548
am,4.01,H04,H04Q,.1357142888009548
uh,1.03,B60,B60K,.1357142888009548
dx,3.01,G21,G21F,.1357142888009548
gm,3.03,A61,A61F,.1357401702553034
uq,5.07,B82,B82Y,.1358695654198527
ec,1.04,G09,G09B,.1358695654198527
ya,3.02,C40,C40B,.1360504980548285
de,1.06,B01,B01F,.1360968882218003
eq,3.01,B64,B64D,.1361111160367727
ht,1.06,B09,B09C,.1362079996615648
or,5.09,A61,A61L,.1363095249980688
qf,9,C25,C25F,.1363636367022991
jy,4.05,B25,B25J,.1363636404275894
aa,1.03,E02,E02D,.1363636404275894
ro,1.07,B01,B01B,.1363636404275894
dr,1.06,B22,B22F,.1364419125020504
pj,2.05,C25,C25D,.1364468913525343
zc,4.03,H03,H03B,.1364557724446058
re,1.05,H01,H01G,.1364831612445414
cl,9,A61,A61L,.1365552856586874
dw,1.04,A24,A24F,.1365675684064627
ah,4.01,A24,A24F,.1365675684064627
re,1.05,C10,C10B,.136583567596972
jy,4.05,C10,C10B,.1367124053649604
dx,3.01,G21,G21K,.1367521379143
ji,5.01,G06,G06G,.1368055567145348
ht,1.06,A01,A01C,.1368995001539588
da,1.06,Y02,Y02P,.1369047621265054
uk,1.03,F03,F03B,.1369047649204731
ub,1.03,F23,F23M,.1369047649204731
qf,9,F23,F23R,.1369047649204731
qh,2.05,F23,F23R,.1369047649204731
oi,3.02,A24,A24B,.1369047658517957
ig,2.06,G21,G21B,.1369696985930204
ku,5.07,G02,G02F,.1370370388031006
zr,1.05,G16,G16H,.1370370388031006
mu,4.01,B27,B27N,.1370967701077461
tq,3.02,B05,B05B,.137195123359561
ne,3.03,C40,C40B,.1372155391145498
ry,2.03,G01,G01W,.1372549058869481
dr,1.06,C25,C25D,.1372549063526094
ji,5.01,G01,G01J,.1373594272881746
yu,3.03,A23,A23L,.137392258271575
rt,3.02,C05,C05C,.1375000001862645
ve,3.02,C05,C05C,.1375000001862645
ex,1.02,B62,B62K,.1375000048428774
vy,3.02,G01,G01W,.1375000048428774
po,1.01,H03,H03H,.1375517630949616
wq,5.01,A61,A61F,.1375661417841911
ra,2.11,H01,H01P,.1377283148467541
qe,2.09,C07,C07J,.1378451185300946
dt,2.03,F15,F15C,.1378787946887314
qq,1.05,D01,D01D,.1379895471036434
ex,1.02,A01,A01B,.1380471400916576
wh,3.02,C12,C12R,.1380952447652817
ze,1.06,F16,F16K,.1380952447652817
qf,9,C12,C12M,.1380952447652817
pw,2.06,A23,A23J,.1381381396204233
up,1.03,C07,C07H,.138188355602324
rt,3.02,H03,H03H,.1382575798779726
co,1.06,C10,C10B,.1382745467126369
wu,5.04,G01,G01P,.1384615413844585
zr,1.05,G01,G01Q,.1384615413844585
pc,5.02,G07,G07D,.1384615413844585
wu,5.04,G07,G07D,.1384615413844585
mw,5.09,H03,H03J,.1385281421244144
td,3.02,C08,C08L,.1385281421244144
hy,1.06,A61,A61C,.1386054418981075
ay,3.01,C08,C08F,.1388113703578711
um,3.01,F21,F21V,.1388703209813684
qa,3.01,B09,B09C,.1388756614178419
oi,3.02,D06,D06M,.1388888889923692
ad,4.02,D21,D21H,.1388888889923692
vs,5.01,H03,H03K,.1388888899236917
ds,3.02,G09,G09F,.1388888899236917
yo,3.01,G21,G21H,.1388888899236917
pz,2.05,H04,H04K,.1388888899236917
im,2.01,B60,B60G,.1388888917863369
fa,2.01,C22,C22F,.1388888917863369
pq,1.01,G07,G07G,.1388888917863369
gy,5.02,F23,F23N,.1388888917863369
le,1.05,H02,H02N,.1388888917863369
nq,5.01,F03,F03G,.1388888917863369
qq,1.05,F41,F41G,.1388888917863369
hq,1.04,D03,D03D,.1388888917863369
uk,1.03,B64,B64B,.1388888917863369
po,1.01,F23,F23N,.1388888917863369
ot,6.02,F01,F01L,.1388888917863369
pn,1.01,G07,G07G,.1388888917863369
dy,1.04,B64,B64B,.1388888917863369
ei,1.04,F41,F41G,.1388888917863369
di,5.02,F03,F03G,.1388888917863369
pu,2.03,C06,C06C,.1388888917863369
ec,1.04,F41,F41G,.1388888917863369
ev,1.02,H03,H03B,.1388888917863369
ps,5.04,F23,F23N,.1388888917863369
dm,3.02,C23,C23F,.1388888922519982
ct,9,G02,G02C,.1389296213164926
km,1.06,H03,H03H,.1390165882185102
fu,5.04,C12,C12Q,.1390723150689155
dt,2.03,C25,C25D,.1391370028723031
hb,5.03,H03,H03H,.1392045468091965
qu,1.06,G01,G01C,.1392348418012261
ae,4.05,C05,C05B,.1392720323055983
ka,4.01,C11,C11C,.1392857143655419
lq,3.03,G07,G07C,.1392907965928316
wq,5.01,H03,H03L,.1394230797886848
jy,4.05,G08,G08B,.1394230797886848
pe,5.02,B05,B05C,.139492753893137
qh,2.05,G10,G10K,.1397058824077249
ur,1.01,A23,A23L,.1397156119346619
un,1.03,G01,G01Q,.1398601438850164
ui,1.03,D21,D21C,.1400462975725532
iy,1.06,G01,G01J,.1400629780255258
dx,3.01,G01,G01T,.1400966197252274
dw,1.04,B21,B21D,.1401515156030655
pn,1.01,F15,F15C,.1401515156030655
vi,5.01,H01,H01B,.1401515156030655
wc,3.03,G11,G11C,.1402087369933724
ig,2.06,F03,F03B,.1402116417884827
dx,3.01,A23,A23B,.140277782920748
uh,1.03,H03,H03D,.140340908896178
ew,1.02,H01,H01C,.140625
tc,3.02,F26,F26B,.140625
dx,3.01,C01,C01G,.1407617116346955
io,2.07,H03,H03M,.1408130582422018
ns,2.01,C11,C11C,.1408232161775231
ig,2.06,B24,B24D,.1408730167895555
qh,2.05,B24,B24D,.1408730167895555
ay,3.01,H04,H04W,.140909094363451
xy,1.01,B05,B05B,.140909094363451
eq,3.01,H04,H04S,.140909094363451
ma,3.02,A23,A23D,.1410010838881135
qq,1.05,D21,D21C,.1410852745175362
im,2.01,A01,A01C,.1411111112684011
pc,5.02,F25,F25B,.1413934417068958
et,1.02,F21,F21K,.1414141431450844
jb,5.07,A61,A61Q,.1414141431450844
yr,2.01,C09,C09J,.1414141431450844
my,5.01,A61,A61J,.1414141450077295
ev,1.02,F03,F03H,.141517324373126
io,2.07,C08,C08K,.1416666675359011
po,1.01,F02,F02C,.1416666675359011
ya,3.02,A47,A47L,.1416666693985462
io,2.07,A23,A23K,.1416666693985462
ei,1.04,G05,G05G,.1416666693985462
cl,9,H01,H01P,.1416666731238365
sr,2.07,H01,H01B,.1417000703513622
qe,2.09,B64,B64C,.1417050715535879
ry,2.03,H03,H03B,.1417748965322971
jb,5.07,H03,H03M,.1420468129217625
bu,1.03,C07,C07F,.1421296298503876
un,1.03,C25,C25C,.1421568654477596
qh,2.05,H04,H04M,.1421568654477596
rp,6.04,C30,C30B,.1421568654477596
dr,1.06,F41,F41H,.1423611119389534
qf,9,D01,D01D,.1423611119389534
um,3.01,C21,C21D,.1423611119389534
uf,1.03,F21,F21V,.1425438597798347
cn,5.01,B01,B01F,.1426804214715958
ct,9,B32,B32B,.1427956996485591
qg,2.05,G21,G21F,.1428571436554193
iq,2.02,C12,C12H,.1428571492433548
za,3.02,B41,B41C,.1428571492433548
ix,2.07,H03,H03M,.1428571492433548
ad,4.02,B42,B42D,.1428571492433548
gy,5.02,D04,D04B,.1428571492433548
ih,2.07,A01,A01D,.1428571492433548
zk,9,C01,C01B,.1428571492433548
aa,1.03,F41,F41A,.1428571492433548
li,3.02,F25,F25B,.1428571492433548
ne,3.03,A41,A41B,.1428571492433548
sd,3.02,A41,A41B,.1428571492433548
fy,3.02,G07,G07B,.1428571492433548
bu,1.03,F24,F24T,.1428571492433548
co,1.06,A24,A24F,.1428571492433548
wm,5.04,F02,F02G,.1428571492433548
fe,5.05,A61,A61L,.1428571492433548
tm,3.01,B64,B64D,.1428571492433548
qq,1.05,B61,B61D,.1428571492433548
ep,1.02,B60,B60H,.1428571492433548
de,1.06,A47,A47B,.1428571492433548
rq,1.06,A61,A61B,.1428571492433548
we,3.02,E06,E06B,.1428571492433548
bq,6.05,F25,F25C,.1428571492433548
dq,9,B23,B23H,.1428571492433548
pi,1.06,A01,A01D,.1428571492433548
ya,3.02,A47,A47F,.1428571492433548
up,1.03,F24,F24S,.1428571492433548
fs,6.04,C22,C22F,.1428571492433548
ik,2.11,B60,B60H,.1428571492433548
qk,6.01,A01,A01K,.1428571492433548
si,1.05,B64,B64D,.1428571492433548
pq,1.01,A23,A23B,.1428571492433548
bf,5.04,F04,F04B,.1428571492433548
vs,5.01,A63,A63F,.1428571492433548
gy,5.02,B27,B27M,.1428571492433548
zk,9,G01,G01Q,.1428571492433548
or,5.09,A01,A01C,.1428571492433548
lj,3.02,F02,F02G,.1428571492433548
gy,5.02,G07,G07G,.1428571492433548
zm,1.06,F02,F02K,.1428571492433548
cn,5.01,G04,G04G,.1428571492433548
az,3.02,H02,H02J,.1428571492433548
oz,6.02,F01,F01L,.1428571492433548
ba,3.02,G03,G03F,.1428571492433548
zq,2.07,F02,F02D,.1428571492433548
up,1.03,G09,G09F,.1428571492433548
ku,5.07,A47,A47F,.1428571492433548
he,5.03,G01,G01D,.1428571492433548
ku,5.07,B01,B01F,.1428571492433548
rz,3.03,A23,A23J,.1428571492433548
xy,1.01,C01,C01G,.1428571492433548
ea,1.04,G10,G10H,.1428571492433548
pn,1.01,A01,A01C,.1428571492433548
mq,6.01,F16,F16D,.1428571492433548
wh,3.02,D04,D04H,.1428571492433548
wm,5.04,E01,E01C,.1428571492433548
xq,2.11,G04,G04G,.1428571492433548
di,5.02,A23,A23K,.1428571492433548
vm,5.06,B08,B08B,.1428571492433548
ju,4.01,F04,F04F,.1428571492433548
lj,3.02,H03,H03M,.1428571492433548
ki,3.02,F16,F16J,.1428571492433548
ut,6.02,C03,C03B,.1428571492433548
ru,3.01,C25,C25F,.1428571492433548
yg,6.04,B21,B21F,.1428571492433548
rt,3.02,B66,B66C,.1428571492433548
jm,5.04,A61,A61C,.1428571492433548
ew,1.02,B27,B27G,.1428571492433548
wq,5.01,A23,A23D,.1428571492433548
my,5.01,C11,C11B,.1428571492433548
zq,2.07,G01,G01P,.1428571492433548
js,6.04,A61,A61J,.1428571492433548
jm,5.04,H01,H01F,.1428571492433548
ad,4.02,E04,E04H,.1428571492433548
bi,6.01,A23,A23C,.1428571492433548
pw,2.06,B26,B26F,.1428571492433548
uf,1.03,B60,B60R,.1428571492433548
rz,3.03,C03,C03B,.1428571492433548
jw,6.02,G03,G03F,.1428571492433548
dk,5.02,B61,B61K,.1428571492433548
di,5.02,F28,F28D,.1428571492433548
ev,1.02,C12,C12C,.1428571492433548
io,2.07,C40,C40B,.1428571492433548
js,6.04,B62,B62K,.1428571492433548
fs,6.04,C25,C25B,.1428571492433548
le,1.05,H01,H01P,.1428571492433548
qj,2.05,C05,C05G,.1428571492433548
le,1.05,A63,A63G,.1428571492433548
xy,1.01,E04,E04B,.1428571492433548
su,3.02,B67,B67D,.1428571492433548
te,1.05,G11,G11B,.1428571492433548
qj,2.05,E01,E01C,.1428571492433548
pw,2.06,C01,C01C,.1428571492433548
yq,5.07,B61,B61K,.1428571492433548
mu,4.01,A63,A63H,.1428571492433548
pa,6.02,B41,B41C,.1428571492433548
ec,1.04,G04,G04B,.1428571492433548
zq,2.07,F24,F24D,.1428571492433548
zq,2.07,B60,B60H,.1428571492433548
yu,3.03,B81,B81C,.1428571492433548
ta,1.06,B81,B81B,.1428571492433548
ky,1.05,B61,B61K,.1428571492433548
rz,3.03,A63,A63H,.1428571492433548
bq,6.05,G21,G21F,.1428571492433548
za,3.02,A47,A47F,.1428571492433548
aa,1.03,F42,F42B,.1428571492433548
pf,6.02,C07,C07H,.1428571492433548
li,3.02,A23,A23J,.1428571492433548
ga,3.02,A01,A01M,.1428571492433548
gc,1.05,A61,A61C,.1428571492433548
da,1.06,A43,A43D,.1428571492433548
qk,6.01,G02,G02F,.1428571492433548
ur,1.01,B60,B60R,.1428571492433548
xw,3.03,G01,G01H,.1428571492433548
ru,3.01,B27,B27M,.1428571492433548
qc,6.02,G05,G05F,.1428571492433548
ui,1.03,B03,B03D,.1428571492433548
ha,5.03,A23,A23B,.1428571492433548
wy,5.04,H01,H01Q,.1428571492433548
oa,2.11,B23,B23C,.1428571492433548
vm,5.06,B29,B29B,.1428571492433548
ui,1.03,F23,F23K,.1428571492433548
ip,2.07,F16,F16D,.1428571492433548
qc,6.02,C08,C08H,.1428571492433548
oz,6.02,B03,B03D,.1428571492433548
ut,6.02,G07,G07B,.1428571492433548
sa,3.03,B64,B64F,.1428571492433548
dy,1.04,G04,G04B,.1428571492433548
sa,3.03,G02,G02F,.1428571492433548
yy,5.07,H01,H01S,.1428571492433548
ac,2.02,B44,B44D,.1428571492433548
yy,5.07,G01,G01B,.1428571492433548
fa,2.01,G07,G07B,.1428571492433548
td,3.02,B61,B61D,.1428571492433548
wm,5.04,A24,A24F,.1428571492433548
xy,1.01,F16,F16J,.1428571492433548
ae,4.05,C25,C25F,.1428571492433548
om,5.05,F03,F03G,.1428571492433548
py,3.02,A41,A41B,.1428571492433548
sy,1.03,Y02,Y02A,.1428571492433548
zc,4.03,D21,D21B,.1428571492433548
pz,2.05,B27,B27M,.1428571492433548
ya,3.02,C08,C08C,.1428571492433548
qc,6.02,H01,H01G,.1428571492433548
da,1.06,H05,H05G,.1428571492433548
ha,5.03,B41,B41C,.1428571492433548
za,3.02,G10,G10H,.1428571492433548
pq,1.01,A01,A01C,.1428571492433548
wc,3.03,A63,A63C,.1428571492433548
vy,3.02,D01,D01F,.1428571492433548
py,3.02,H05,H05G,.1428571492433548
zq,2.07,B44,B44D,.1428571492433548
ru,3.01,B44,B44C,.1428571492433548
ia,3.02,F24,F24F,.1428571492433548
co,1.06,A24,A24D,.1428571492433548
ua,6.03,A46,A46B,.1428571492433548
pd,6.02,G07,G07C,.1428571492433548
io,2.07,C07,C07K,.1430826259311289
pu,2.03,G21,G21H,.1430976465344429
xq,2.11,B81,B81B,.1432445803657174
rq,1.06,C10,C10L,.1433992118109018
ei,1.04,H02,H02H,.1434343410655856
wc,3.03,C07,C07H,.1434378661215305
dr,1.06,D06,D06L,.1434523835778236
vx,5.01,H03,H03G,.1435185186564922
qu,1.06,A01,A01J,.1435185186564922
ta,1.06,A61,A61N,.1435406729578972
nu,5.08,B81,B81C,.1436150092631578
ix,2.07,B23,B23K,.1437246985733509
yu,3.03,A61,A61M,.1437328662723303
qa,3.01,A62,A62D,.1438679248094559
we,3.02,C25,C25D,.1439393982291222
ei,1.04,F15,F15C,.1439566812478006
hf,6.03,H03,H03K,.1440705144777894
ay,3.01,C07,C07J,.144138106610626
ep,1.02,B61,B61B,.1442307699471712
ub,1.03,B27,B27K,.1443557161837816
ve,3.02,G01,G01G,.1444444488734007
un,1.03,C10,C10B,.1446694377809763
uk,1.03,B03,B03D,.1446886491030455
yo,3.01,A23,A23P,.144705168902874
ji,5.01,G10,G10H,.1447970932349563
ha,5.03,B22,B22F,.1449999995529652
ew,1.02,C07,C07J,.1449999995529652
fi,1.04,H03,H03F,.1450216420926154
pi,1.06,A01,A01C,.1450757626444101
tc,3.02,F25,F25D,.1451612859964371
ec,1.04,A23,A23J,.1454545482993126
sa,3.03,H05,H05B,.1454545482993126
xy,1.01,H01,H01S,.1455598520115018
cl,9,C07,C07C,.1457043304108083
ee,1.04,B02,B02C,.145833333954215
pz,2.05,B41,B41C,.1458333358168602
wv,3.03,A23,A23C,.1458333358168602
bd,1.06,C09,C09K,.1458333358168602
un,1.03,B60,B60W,.1458333358168602
es,2.02,A63,A63C,.1458333358168602
jb,5.07,C08,C08K,.1458333358168602
ky,1.05,H01,H01J,.1458333358168602
ig,2.06,B22,B22D,.1458333358168602
er,1.02,F01,F01N,.1458333358168602
co,1.06,B41,B41C,.1458333358168602
af,4.05,C12,C12P,.1458333358168602
qe,2.09,B22,B22D,.1458333358168602
ev,1.02,A23,A23J,.1458333358168602
zq,2.07,H01,H01S,.1458333358168602
tm,3.01,C08,C08C,.1458333358168602
hf,6.03,C08,C08K,.1458333358168602
pe,5.02,G01,G01P,.1458333358168602
il,2.07,G01,G01L,.1458333358168602
ns,2.01,B61,B61D,.1458333358168602
qa,3.01,C05,C05G,.145944744348526
ik,2.11,C08,C08H,.1460826266556978
di,5.02,B01,B01L,.1462743915617466
te,1.05,C12,C12Q,.146399537101388
rz,3.03,C07,C07B,.1464646495878696
qd,6.02,C12,C12N,.146620437502861
ya,3.02,A22,A22C,.1466666636988521
ro,1.07,H04,H04K,.1467391308397055
db,2.08,H01,H01P,.1467391308397055
km,1.06,H01,H01P,.1467391308397055
ev,1.02,G04,G04B,.1468253992497921
ds,3.02,F24,F24F,.1468253992497921
dt,2.03,A01,A01K,.1469697020947933
ti,9,C12,C12M,.1469713896512985
ou,1.06,C01,C01F,.1472222227603197
ei,1.04,C13,C13B,.1472222227603197
rx,3.02,G02,G02C,.14722222648561
ns,2.01,F41,F41G,.1473118311259896
im,2.01,H03,H03M,.1473502316512167
zd,9,G01,G01H,.1474359026178718
rt,3.02,G01,G01Q,.1475300462916493
yy,5.07,A23,A23K,.1475524501875043
ev,1.02,F16,F16D,.1476190499961376
km,1.06,C12,C12J,.1476190499961376
ve,3.02,H01,H01B,.1477272734045982
td,3.02,H05,H05H,.1477272734045982
oo,3.03,H01,H01R,.1477272734045982
dq,9,C08,C08H,.1477676313370466
ye,2.02,C10,C10L,.1479166708886623
ur,1.01,C11,C11D,.1479545468464494
ee,1.04,G01,G01V,.148026317358017
ve,3.02,H04,H04H,.1481481492519379
gu,1.06,F28,F28C,.1481481492519379
ye,2.02,B61,B61C,.1481481492519379
uf,1.03,B02,B02C,.1481481492519379
yr,2.01,B61,B61C,.1481481492519379
zr,1.05,B64,B64G,.1481481492519379
dy,1.04,D01,D01C,.1481481492519379
az,3.02,A61,A61L,.1484567588195205
db,2.08,B82,B82B,.1484645176678896
le,1.05,B08,B08B,.1485507283359766
ph,6.02,C12,C12Q,.1486499514430761
qe,2.09,H01,H01G,.1487683490850031
sr,2.07,G04,G04G,.1488095242530107
rz,3.03,H03,H03L,.1488095298409462
pq,1.01,F28,F28F,.14904560521245
up,1.03,G01,G01D,.1491765696555376
eu,2.02,C07,C07H,.1493110693991184
qh,2.05,C12,C12M,.1493311999365687
ex,1.02,C07,C07H,.1493961606174707
bu,1.03,B28,B28D,.1494252867996693
il,2.07,F02,F02C,.1495370380580425
gc,1.05,G21,G21C,.1495726518332958
hb,5.03,G10,G10K,.1495901653543115
ia,3.02,A63,A63G,.1496212147176266
di,5.02,C07,C07J,.1497326232492924
hl,3.03,F24,F24S,.1497326232492924
ah,4.01,B65,B65B,.1498231911100447
re,1.05,B41,B41J,.1499433135613799
wv,3.03,B42,B42C,.150000000372529
hl,3.03,B42,B42C,.150000000372529
oo,3.03,B42,B42C,.150000000372529
hf,6.03,B42,B42C,.150000000372529
qh,2.05,G02,G02C,.1500000022351742
qe,2.09,F01,F01D,.1500000022351742
er,1.02,D02,D02G,.1500000022351742
if,2.11,B61,B61K,.1500000022351742
ya,3.02,B25,B25G,.1500000022351742
wq,5.01,G01,G01R,.1500000022351742
sr,2.07,C22,C22B,.1500000022351742
yo,3.01,A46,A46B,.1500000022351742
qu,1.06,B41,B41J,.1500000040978193
di,5.02,A63,A63C,.1500000059604645
qh,2.05,F21,F21V,.1500000059604645
ht,1.06,H02,H02K,.1500000059604645
db,2.08,A01,A01F,.1500000059604645
wm,5.04,C13,C13K,.1500000059604645
de,1.06,F42,F42B,.1500000059604645
po,1.01,F22,F22B,.1500000059604645
bm,5.07,C07,C07H,.1500000059604645
fa,2.01,B41,B41M,.1500000059604645
ht,1.06,F03,F03B,.1500000059604645
hq,1.04,B29,B29B,.1500000059604645
cu,1.06,F03,F03B,.1500000059604645
im,2.01,C06,C06C,.1500000059604645
im,2.01,F23,F23N,.1500000059604645
il,2.07,H03,H03G,.1500000059604645
si,1.05,H03,H03G,.1500000059604645
zk,9,C13,C13K,.1500000059604645
ya,3.02,G21,G21G,.1500000059604645
ji,5.01,A47,A47G,.1500000059604645
ze,1.06,G08,G08G,.1500000059604645
vi,5.01,A47,A47G,.1500000059604645
li,3.02,C03,C03C,.1500000059604645
ix,2.07,B41,B41M,.1500000059604645
wu,5.04,C13,C13K,.1500000059604645
im,2.01,B41,B41M,.1500000059604645
dt,2.03,A61,A61H,.1502403849735856
pn,1.01,G08,G08C,.1502976231276989
um,3.01,A45,A45F,.1503608655184507
vy,3.02,G21,G21B,.1504901992157102
nq,5.01,H02,H02M,.1506410259753466
oo,3.03,C12,C12Q,.1507916097762063
uk,1.03,F42,F42D,.1510416679084301
su,3.02,F21,F21V,.151069519110024
rq,1.06,D06,D06P,.1511904830113053
yo,3.01,A47,A47J,.1512820534408092
hb,5.03,H02,H02M,.1513157896697521
zm,1.06,H03,H03M,.1513157896697521
dt,2.03,G21,G21H,.1513157933950424
xy,1.01,C09,C09K,.1513861995190382
ki,3.02,C25,C25B,.1514041582122445
td,3.02,C12,C12M,.1514060695189983
ui,1.03,F15,F15C,.1515151541680098
aa,1.03,F15,F15D,.1515151541680098
hy,1.06,A61,A61J,.1515151560306549
uu,5.06,A61,A61J,.1515151560306549
su,3.02,C11,C11C,.1519607896916568
ix,2.07,B63,B63G,.1521739158779383
ru,3.01,C25,C25B,.1521907346323133
pi,1.06,G01,G01J,.1523673892952502
ma,3.02,C11,C11B,.1525298347696662
bm,5.07,C07,C07F,.1525518391281366
aq,3.02,C11,C11C,.1526610711589456
zk,9,B42,B42D,.1527777779847383
mq,6.01,B22,B22D,.1527777779847383
ve,3.02,A23,A23D,.1527777779847383
fy,3.02,C08,C08H,.1527777779847383
ex,1.02,C03,C03B,.1527777798473835
qu,1.06,G08,G08B,.1527777798473835
uu,5.06,G07,G07G,.1527777798473835
ub,1.03,C10,C10B,.1527777807787061
gm,3.03,A61,A61L,.1528011341579258
ig,2.06,F04,F04F,.1528138564899564
ns,2.01,B07,B07B,.1529411785304546
il,2.07,G01,G01H,.1530952416360378
op,3.03,C08,C08B,.1531152706593275
fu,5.04,A61,A61B,.1531746052205563
iq,2.02,D21,D21C,.1532999183982611
uq,5.07,A61,A61J,.1534090936183929
ma,3.02,G07,G07D,.1534090936183929
uf,1.03,B06,B06B,.153472226113081
hq,1.04,D02,D02G,.1535353530198336
qq,1.05,B22,B22F,.1535606076940894
ns,2.01,A62,A62C,.1537037082016468
oo,3.03,H05,H05K,.1537698432803154
ki,3.02,G21,G21K,.1538461595773697
es,2.02,A45,A45F,.1538692861795425
ji,5.01,G03,G03B,.1541120940819383
ky,1.05,C25,C25B,.1544289086014032
mq,6.01,C22,C22C,.1545289875939488
qe,2.09,F16,F16K,.1546016545034945
ra,2.11,B05,B05D,.1546218553557992
zr,1.05,A45,A45F,.1547619104385376
eq,3.01,H01,H01B,.1547619104385376
zm,1.06,H03,H03F,.1547619104385376
un,1.03,G03,G03C,.1547619104385376
tc,3.02,B29,B29D,.1547619104385376
cl,9,G21,G21C,.1547619104385376
vx,5.01,B23,B23K,.1547619104385376
wu,5.04,C13,C13B,.1547619104385376
es,2.02,B63,B63G,.1547619104385376
ij,2.11,F23,F23G,.1547619104385376
qh,2.05,B60,B60K,.1547619104385376
td,3.02,F04,F04B,.1547619104385376
wm,5.04,A23,A23G,.1547619104385376
su,3.02,A23,A23C,.1547619104385376
ig,2.06,G04,G04F,.1547619104385376
pi,1.06,F02,F02C,.1547619104385376
hf,6.03,G10,G10H,.1547619104385376
mr,6.01,G02,G02C,.1547619104385376
re,1.05,G01,G01J,.1547619113698602
aq,3.02,A23,A23D,.1548309223726392
ij,2.11,A47,A47G,.155128211248666
ij,2.11,A01,A01K,.155303031206131
et,1.02,A45,A45F,.155303031206131
qu,1.06,C25,C25D,.1555555574595928
ro,1.07,D04,D04C,.1555555574595928
wu,5.04,H04,H04H,.1555555574595928
ti,9,B04,B04B,.1555555574595928
uh,1.03,H01,H01H,.1555555574595928
co,1.06,F25,F25C,.1555555583909154
ea,1.04,F25,F25C,.1555555583909154
qf,9,D06,D06M,.1556763316038996
lq,3.03,H01,H01S,.1557539701461792
ye,2.02,C12,C12R,.1558429123833776
dm,3.02,A41,A41D,.1560606136918068
sy,1.03,F24,F24D,.15625
nq,5.01,H01,H01Q,.15625
ry,2.03,F02,F02B,.15625
iu,2.03,A45,A45F,.1563996039330959
qf,9,C07,C07H,.156418981961906
ds,3.02,H01,H01Q,.1565604716306552
ry,2.03,F24,F24S,.1565656587481499
pw,2.06,A21,A21D,.1565656587481499
ip,2.07,H05,H05K,.1566091973800212
wh,3.02,C08,C08J,.1567460354417562
qq,1.05,G21,G21B,.156746038235724
gc,1.05,F27,F27B,.1569230780005455
uk,1.03,F23,F23N,.1570512875914574
bf,5.04,G05,G05G,.1571428626775742
fa,2.01,G10,G10L,.1571428645402193
kv,1.05,C12,C12Q,.1572150380816311
oo,3.03,H04,H04J,.1572358217090368
ei,1.04,B41,B41D,.1572580658830702
xy,1.01,A23,A23K,.1572585605317727
nn,3.03,E06,E06B,.1573499031364918
un,1.03,C12,C12Q,.1574012683704495
fi,1.04,H03,H03B,.1574074104428291
co,1.06,C09,C09F,.1574074104428291
up,1.03,C07,C07F,.1574579656589776
um,3.01,G01,G01H,.1575091630220413
db,2.08,H01,H01C,.1575757637619972
tm,3.01,G01,G01Q,.1576086962595582
ja,1.05,B81,B81C,.1576126799918711
iy,1.06,A61,A61M,.1577529022470117
ba,3.02,B65,B65B,.1580681202467531
pu,2.03,F03,F03H,.1583333350718021
xe,4.01,C09,C09B,.1583333350718021
yp,3.02,A23,A23G,.1583333350718021
da,1.06,D06,D06L,.1583333350718021
ik,2.11,F27,F27B,.1583333350718021
ew,1.02,B09,B09B,.1583333350718021
id,2.07,G21,G21K,.1583333350718021
er,1.02,B22,B22D,.1583333369344473
yy,5.07,A01,A01N,.1583333390299231
ye,2.02,C09,C09C,.1583333406597376
pi,1.06,C07,C07J,.1584967337548733
rb,2.02,C08,C08G,.1585137103684247
ox,6.02,C09,C09J,.158549789339304
pz,2.05,A23,A23K,.1587301604449749
ns,2.01,F23,F23M,.1587301604449749
ns,2.01,F23,F23K,.1587301604449749
ba,3.02,G05,G05D,.1587301604449749
cn,5.01,G01,G01P,.1587301604449749
re,1.05,D06,D06P,.1587301604449749
gu,1.06,A23,A23F,.1587301604449749
jm,5.04,B21,B21D,.1588235311210155
tu,3.01,F28,F28D,.1588235311210155
nq,5.01,H03,H03K,.1589580047875643
da,1.06,C13,C13K,.1592712863348424
oo,3.03,C12,C12N,.1593414100352675
gc,1.05,C25,C25D,.1594827584922314
eq,3.01,A24,A24B,.1595238130539656
wu,5.04,B22,B22F,.1597222248092294
zr,1.05,A21,A21D,.1597685157321393
cu,1.06,B04,B04B,.1598795391619205
ay,3.01,B25,B25J,.1598915979266167
rb,2.02,H03,H03L,.1602100902236998
vm,5.06,G08,G08B,.160256415605545
qh,2.05,H03,H03L,.160256415605545
oa,2.11,B04,B04B,.1602986054494977
cn,5.01,G05,G05B,.1603736099787056
ay,3.01,B01,B01D,.1604516380466521
bv,5.01,C07,C07F,.1604662607423961
uh,1.03,B07,B07C,.160648150369525
cn,5.01,C09,C09J,.1607142873108387
en,9,C08,C08F,.160714291036129
up,1.03,G21,G21H,.160714291036129
uh,1.03,G09,G09B,.1608024709858
tm,3.01,B04,B04B,.1610360369086266
dr,1.06,E02,E02F,.1611111126840115
ps,5.04,H04,H04Q,.1611111126840115
ev,1.02,B03,B03D,.1611111126840115
cl,9,B21,B21D,.1611111126840115
qu,1.06,H01,H01B,.1611885894089937
gc,1.05,C12,C12M,.1611904827877879
ev,1.02,B06,B06B,.1614583358168602
fa,2.01,H03,H03K,.1615105913951993
qe,2.09,F03,F03G,.1620370373129845
un,1.03,B22,B22C,.1620370373129845
wc,3.03,H03,H03G,.162087919190526
ma,3.02,F16,F16P,.1621621660888195
ro,1.07,F16,F16P,.1621621660888195
ki,3.02,F25,F25C,.1623376682400703
pq,1.01,H04,H04S,.1623376682400703
ei,1.04,F25,F25C,.1623376682400703
ui,1.03,F25,F25C,.1623376682400703
ew,1.02,A47,A47F,.1625000014901161
ac,2.02,G03,G03H,.1625000014901161
qq,1.05,F15,F15B,.1625000014901161
xa,5.04,G16,G16H,.1625000014901161
eu,2.02,C12,C12M,.1625000014901161
ns,2.01,F02,F02G,.1625975510105491
ay,3.01,C12,C12Y,.1627621939405799
fy,3.02,C07,C07J,.1628409782424569
pm,2.05,B25,B25D,.162878792732954
co,1.06,A47,A47G,.1629342432133853
am,4.01,F23,F23C,.1631944454275072
ns,2.01,C01,C01C,.1634615398943424
tm,3.01,G01,G01T,.1634615398943424
ip,2.07,H01,H01S,.1634615398943424
pa,6.02,G01,G01Q,.1634920705109835
oe,5.06,B82,B82Y,.163550041615963
pn,1.01,C40,C40B,.1636081498581916
ra,2.11,G10,G10K,.1636363714933395
hf,6.03,A01,A01C,.1636904831975698
qk,6.01,B09,B09C,.1637426912784576
fa,2.01,C11,C11C,.1637426912784576
fy,3.02,H03,H03L,.1637426912784576
vy,3.02,G05,G05F,.1637426912784576
qk,6.01,B01,B01J,.1637426912784576
lq,3.03,B25,B25J,.1637465562671423
dx,3.01,C08,C08C,.163825761526823
da,1.06,F03,F03B,.1640211679041386
ui,1.03,F28,F28C,.1640667784959078
cu,1.06,H01,H01S,.1641826666891575
ur,1.01,H04,H04J,.1643335558474064
yp,3.02,C08,C08H,.1643437519669533
xq,2.11,C11,C11C,.1644444484263659
ze,1.06,C02,C02F,.1644729366526008
ry,2.03,G03,G03H,.1645021699368954
ai,2.03,D06,D06M,.1645264637190849
we,3.02,C09,C09K,.1646680226549506
li,3.02,A45,A45D,.1649659918621182
iu,2.03,B44,B44D,.1650793720036745
ix,2.07,B08,B08B,.1655072495341301
qg,2.05,F25,F25C,.1655844170600176
qq,1.05,C12,C12Y,.1658008676022291
ai,2.03,G06,G06G,.1658119708299637
ds,3.02,A23,A23D,.1662074429914355
wv,3.03,G01,G01S,.1662653055973351
rq,1.06,D21,D21C,.1664777086116374
qe,2.09,H01,H01C,.1665057204663754
qe,2.09,A01,A01H,.1665804032236338
qe,2.09,A01,A01C,.1666666679084301
ou,1.06,C09,C09D,.1666666679084301
le,1.05,D06,D06P,.1666666679084301
sr,2.07,G21,G21C,.1666666679084301
td,3.02,D01,D01F,.1666666679084301
ha,5.03,H04,H04K,.1666666679084301
sy,1.03,F03,F03H,.1666666679084301
pz,2.05,C07,C07B,.1666666679084301
fy,3.02,G02,G02C,.1666666679084301
ne,3.03,H01,H01T,.1666666679084301
ei,1.04,F16,F16G,.1666666679084301
ye,2.02,D21,D21C,.1666666679084301
we,3.02,C08,C08K,.1666666679084301
mc,1.06,H03,H03B,.1666666679084301
ji,5.01,A61,A61C,.1666666679084301
uk,1.03,F23,F23L,.1666666679084301
ja,1.05,D21,D21F,.1666666679084301
wh,3.02,A01,A01J,.1666666679084301
db,2.08,E02,E02B,.1666666679084301
dx,3.01,D06,D06L,.1666666679084301
rb,2.02,H02,H02S,.1666666697710752
oa,2.11,A23,A23D,.1666666697710752
cq,1.06,G21,G21H,.1666666697710752
bf,5.04,F41,F41C,.1666666716337204
dy,1.04,B61,B61C,.1666666716337204
er,1.02,C10,C10M,.1666666716337204
ba,3.02,A01,A01M,.1666666716337204
ds,3.02,A43,A43B,.1666666716337204
ev,1.02,C09,C09G,.1666666716337204
bm,5.07,B05,B05D,.1666666716337204
up,1.03,C22,C22F,.1666666716337204
jw,6.02,A63,A63F,.1666666716337204
lj,3.02,B05,B05B,.1666666716337204
jo,5.04,E01,E01C,.1666666716337204
dr,1.06,B64,B64F,.1666666716337204
wc,3.03,B81,B81C,.1666666716337204
sr,2.07,F03,F03H,.1666666716337204
hf,6.03,D05,D05C,.1666666716337204
or,5.09,B65,B65D,.1666666716337204
ka,4.01,C11,C11B,.1666666716337204
ze,1.06,B31,B31F,.1666666716337204
yo,3.01,G01,G01T,.1666666716337204
vx,5.01,E01,E01D,.1666666716337204
ji,5.01,A45,A45D,.1666666716337204
ya,3.02,B28,B28B,.1666666716337204
uf,1.03,A23,A23G,.1666666716337204
bf,5.04,F01,F01P,.1666666716337204
qj,2.05,G02,G02C,.1666666716337204
ac,2.02,B62,B62B,.1666666716337204
ml,9,B61,B61L,.1666666716337204
bv,5.01,B23,B23F,.1666666716337204
om,5.05,B30,B30B,.1666666716337204
uf,1.03,B23,B23Q,.1666666716337204
ru,3.01,F41,F41B,.1666666716337204
uq,5.07,H01,H01G,.1666666716337204
ne,3.03,B41,B41C,.1666666716337204
dt,2.03,G01,G01G,.1666666716337204
ou,1.06,G01,G01M,.1666666716337204
yr,2.01,D06,D06M,.1666666716337204
ig,2.06,G10,G10C,.1666666716337204
ip,2.07,F01,F01L,.1666666716337204
ze,1.06,G05,G05B,.1666666716337204
ga,3.02,G08,G08B,.1666666716337204
co,1.06,C05,C05B,.1666666716337204
xe,4.01,G01,G01L,.1666666716337204
gc,1.05,B26,B26B,.1666666716337204
ua,6.03,B05,B05C,.1666666716337204
ne,3.03,B27,B27N,.1666666716337204
rx,3.02,B60,B60R,.1666666716337204
ps,5.04,B63,B63B,.1666666716337204
gu,1.06,B60,B60W,.1666666716337204
dt,2.03,B21,B21B,.1666666716337204
pq,1.01,A61,A61J,.1666666716337204
pi,1.06,F41,F41H,.1666666716337204
li,3.02,B05,B05C,.1666666716337204
en,9,A45,A45C,.1666666716337204
bi,6.01,C01,C01D,.1666666716337204
ds,3.02,C01,C01F,.1666666716337204
qj,2.05,D21,D21J,.1666666716337204
le,1.05,A44,A44C,.1666666716337204
fa,2.01,H03,H03M,.1666666716337204
dq,9,D06,D06P,.1666666716337204
bk,6.04,B60,B60B,.1666666716337204
ij,2.11,F24,F24B,.1666666716337204
ps,5.04,C08,C08L,.1666666716337204
ay,3.01,C09,C09J,.1666666716337204
yy,5.07,D04,D04H,.1666666716337204
aa,1.03,H02,H02G,.1666666716337204
dr,1.06,F28,F28F,.1666666716337204
qh,2.05,E01,E01B,.1666666716337204
az,3.02,G01,G01Q,.1666666716337204
qa,3.01,B60,B60C,.1666666716337204
ex,1.02,D01,D01F,.1666666716337204
dx,3.01,B25,B25J,.1666666716337204
hq,1.04,G10,G10K,.1666666716337204
sd,3.02,F41,F41B,.1666666716337204
qq,1.05,C23,C23G,.1666666716337204
uu,5.06,B61,B61G,.1666666716337204
am,4.01,D01,D01B,.1666666716337204
da,1.06,G06,G06E,.1666666716337204
ig,2.06,B41,B41C,.1666666716337204
te,1.05,B03,B03C,.1666666716337204
rb,2.02,C09,C09C,.1666666716337204
uk,1.03,D06,D06F,.1666666716337204
qj,2.05,H02,H02G,.1666666716337204
pe,5.02,C08,C08C,.1666666716337204
ur,1.01,B65,B65H,.1666666716337204
lq,3.03,H01,H01G,.1666666716337204
zk,9,G01,G01B,.1666666716337204
or,5.09,E02,E02D,.1666666716337204
yu,3.03,A01,A01H,.1666666716337204
sr,2.07,B07,B07C,.1666666716337204
ql,9,B05,B05D,.1666666716337204
oz,6.02,H03,H03B,.1666666716337204
pa,6.02,G04,G04G,.1666666716337204
rq,1.06,B62,B62M,.1666666716337204
ml,9,B60,B60N,.1666666716337204
ot,6.02,A24,A24D,.1666666716337204
er,1.02,F23,F23J,.1666666716337204
po,1.01,B63,B63G,.1666666716337204
yy,5.07,G05,G05F,.1666666716337204
pm,2.05,F01,F01P,.1666666716337204
ur,1.01,C25,C25F,.1666666716337204
ur,1.01,F28,F28D,.1666666716337204
aa,1.03,E02,E02F,.1666666716337204
er,1.02,A42,A42B,.1666666716337204
hq,1.04,B60,B60S,.1666666716337204
op,3.03,B65,B65G,.1666666716337204
ta,1.06,F41,F41J,.1666666716337204
wy,5.04,A01,A01H,.1666666716337204
qu,1.06,D01,D01C,.1666666716337204
tm,3.01,B60,B60L,.1666666716337204
ee,1.04,F27,F27D,.1666666716337204
uf,1.03,B68,B68G,.1666666716337204
am,4.01,C09,C09F,.1666666716337204
gy,5.02,D02,D02J,.1666666716337204
vx,5.01,C11,C11B,.1666666716337204
hl,3.03,B43,B43L,.1666666716337204
ht,1.06,A47,A47B,.1666666716337204
iq,2.02,B27,B27D,.1666666716337204
ru,3.01,E01,E01D,.1666666716337204
pk,2.05,B60,B60C,.1666666716337204
vm,5.06,G09,G09G,.1666666716337204
um,3.01,A46,A46B,.1666666716337204
um,3.01,B60,B60P,.1666666716337204
pn,1.01,B23,B23H,.1666666716337204
bd,1.06,C08,C08J,.1666666716337204
ui,1.03,B61,B61F,.1666666716337204
cn,5.01,C21,C21B,.1666666716337204
ix,2.07,F24,F24T,.1666666716337204
uy,1.04,F24,F24T,.1666666716337204
ba,3.02,G01,G01C,.1666666716337204
nm,5.02,F01,F01D,.1666666716337204
di,5.02,C23,C23F,.1666666716337204
yy,5.07,C07,C07F,.1666666716337204
bd,1.06,G10,G10L,.1666666716337204
yo,3.01,B25,B25J,.1666666716337204
wh,3.02,B02,B02C,.1666666716337204
qq,1.05,B60,B60K,.1666666716337204
ml,9,B64,B64C,.1666666716337204
dm,3.02,B27,B27D,.1666666716337204
uy,1.04,B44,B44B,.1666666716337204
ex,1.02,A47,A47H,.1666666716337204
ky,1.05,B65,B65B,.1666666716337204
sa,3.03,D03,D03D,.1666666716337204
hq,1.04,B61,B61L,.1666666716337204
et,1.02,G10,G10G,.1666666716337204
mw,5.09,C12,C12Q,.1666666716337204
cn,5.01,E01,E01D,.1666666716337204
pa,6.02,H01,H01C,.1666666716337204
ei,1.04,D06,D06G,.1666666716337204
hl,3.03,D06,D06M,.1666666716337204
qg,2.05,B43,B43K,.1666666716337204
pf,6.02,B42,B42D,.1666666716337204
le,1.05,B60,B60Q,.1666666716337204
ga,3.02,B62,B62M,.1666666716337204
uu,5.06,E01,E01H,.1666666716337204
aa,1.03,D04,D04H,.1666666716337204
vm,5.06,G01,G01V,.1666666716337204
yr,2.01,G09,G09C,.1666666716337204
ml,9,B60,B60P,.1666666716337204
mm,6.01,E01,E01F,.1666666716337204
hf,6.03,B82,B82Y,.1666666716337204
ev,1.02,B64,B64F,.1666666716337204
rb,2.02,B27,B27D,.1666666716337204
zk,9,C30,C30B,.1666666716337204
xw,3.03,B24,B24B,.1666666716337204
ua,6.03,G12,G12B,.1666666716337204
nu,5.08,A62,A62C,.1666666716337204
ei,1.04,B60,B60S,.1666666716337204
vx,5.01,F16,F16D,.1666666716337204
dt,2.03,D06,D06N,.1666666716337204
eu,2.02,B02,B02C,.1666666716337204
yy,5.07,G01,G01J,.1666666716337204
ae,4.05,H04,H04J,.1666666716337204
le,1.05,B03,B03C,.1666666716337204
yr,2.01,F04,F04C,.1666666716337204
co,1.06,B60,B60K,.1666666716337204
ik,2.11,C11,C11C,.1666666716337204
ns,2.01,B62,B62B,.1666666716337204
fy,3.02,B60,B60R,.1666666716337204
ev,1.02,F23,F23G,.1666666716337204
hi,5.01,E04,E04C,.1666666716337204
ha,5.03,E02,E02D,.1666666716337204
pk,2.05,B60,B60D,.1666666716337204
vi,5.01,F24,F24D,.1666666716337204
oe,5.06,A21,A21D,.1666666716337204
vy,3.02,A43,A43C,.1666666716337204
ry,2.03,F41,F41C,.1666666716337204
bu,1.03,F41,F41H,.1666666716337204
ep,1.02,E04,E04G,.1666666716337204
ye,2.02,F23,F23R,.1666666716337204
uk,1.03,F01,F01L,.1666666716337204
bv,5.01,B60,B60G,.1666666716337204
zr,1.05,C23,C23G,.1666666716337204
le,1.05,A61,A61H,.1666666716337204
ve,3.02,C13,C13K,.1666666716337204
oz,6.02,F15,F15C,.1666666716337204
pj,2.05,B61,B61C,.1666666716337204
tq,3.02,F02,F02C,.1666666716337204
he,5.03,C09,C09K,.1666666716337204
ur,1.01,B42,B42D,.1666666716337204
aa,1.03,B21,B21K,.1666666716337204
kv,1.05,C08,C08K,.1666666716337204
up,1.03,A01,A01H,.1666666716337204
ih,2.07,F23,F23R,.1666666716337204
ru,3.01,G09,G09C,.1666666716337204
ue,2.11,C25,C25B,.1666666716337204
xy,1.01,B61,B61L,.1666666716337204
ig,2.06,C23,C23G,.1666666716337204
bi,6.01,G07,G07C,.1666666716337204
pn,1.01,A62,A62C,.1666666716337204
pm,2.05,B25,B25F,.1666666716337204
dk,5.02,C23,C23F,.1666666716337204
yq,5.07,C03,C03C,.1666666716337204
up,1.03,A47,A47L,.1666666716337204
bv,5.01,C10,C10L,.1666666716337204
ep,1.02,F24,F24B,.1666666716337204
ji,5.01,F24,F24F,.1666666716337204
yo,3.01,H02,H02P,.1666666716337204
py,3.02,G06,G06E,.1666666716337204
ue,2.11,E21,E21C,.1666666716337204
oi,3.02,G06,G06E,.1666666716337204
ou,1.06,B64,B64D,.1666666716337204
dw,1.04,G01,G01G,.1666666716337204
oe,5.06,A62,A62C,.1666666716337204
po,1.01,F15,F15B,.1666666716337204
my,5.01,B61,B61L,.1666666716337204
hf,6.03,A45,A45D,.1666666716337204
re,1.05,C05,C05D,.1666666716337204
ru,3.01,F24,F24S,.1666666716337204
xe,4.01,F26,F26B,.1666666716337204
gc,1.05,B43,B43L,.1666666716337204
uy,1.04,B61,B61C,.1666666716337204
bm,5.07,H01,H01J,.1666666716337204
vm,5.06,C10,C10B,.1666666716337204
ad,4.02,H01,H01H,.1666666716337204
hy,1.06,B64,B64D,.1666666716337204
hb,5.03,F41,F41A,.1666666716337204
ij,2.11,B27,B27M,.1666666716337204
bu,1.03,E03,E03B,.1666666716337204
ht,1.06,G01,G01M,.1666666716337204
up,1.03,F16,F16K,.1666666716337204
wc,3.03,D02,D02G,.1666666716337204
pk,2.05,C05,C05F,.1666666716337204
wf,1.06,H03,H03L,.1666666716337204
de,1.06,B28,B28C,.1666666716337204
fa,2.01,C08,C08H,.1666666716337204
wf,1.06,F41,F41B,.1666666716337204
op,3.03,F22,F22B,.1666666716337204
bq,6.05,E03,E03B,.1666666716337204
pe,5.02,A47,A47F,.1666666716337204
yq,5.07,H04,H04K,.1666666716337204
ub,1.03,B25,B25F,.1666666716337204
ac,2.02,B29,B29B,.1666666716337204
cq,1.06,H03,H03D,.1666666716337204
ij,2.11,B44,B44C,.1666666716337204
ih,2.07,A23,A23P,.1666666716337204
pi,1.06,F27,F27D,.1666666716337204
yp,3.02,A24,A24B,.1666666716337204
ot,6.02,B66,B66C,.1666666716337204
cl,9,C11,C11B,.1666666716337204
ox,6.02,G01,G01G,.1666666716337204
am,4.01,B65,B65H,.1666666716337204
db,2.08,B61,B61G,.1666666716337204
ma,3.02,C07,C07G,.1666666716337204
ac,2.02,B27,B27D,.1666666716337204
iq,2.02,E03,E03D,.1666666716337204
jm,5.04,H03,H03K,.1666666716337204
id,2.07,D04,D04B,.1666666716337204
km,1.06,H03,H03D,.1666666716337204
pw,2.06,B22,B22F,.1666666716337204
qj,2.05,G01,G01M,.1666666716337204
af,4.05,H01,H01B,.1666666716337204
zm,1.06,A45,A45D,.1666666716337204
yq,5.07,B22,B22F,.1666666716337204
ei,1.04,A41,A41C,.1666666716337204
zc,4.03,H01,H01C,.1666666716337204
hb,5.03,F04,F04F,.1666666716337204
cn,5.01,B81,B81C,.1666666716337204
ig,2.06,A41,A41H,.1666666716337204
bq,6.05,C12,C12H,.1666666716337204
ig,2.06,B28,B28D,.1666666716337204
pa,6.02,F15,F15C,.1666666716337204
jm,5.04,C09,C09K,.1666666716337204
ev,1.02,C08,C08C,.1666666716337204
yp,3.02,C03,C03B,.1666666716337204
aq,3.02,H01,H01J,.1666666716337204
ql,9,B25,B25J,.1666666716337204
db,2.08,F03,F03D,.1666666716337204
ik,2.11,B06,B06B,.1666666716337204
nn,3.03,G10,G10G,.1666666716337204
ik,2.11,G09,G09C,.1666666716337204
cl,9,F16,F16L,.1666666716337204
gu,1.06,E21,E21C,.1666666716337204
vi,5.01,A01,A01M,.1666666716337204
iq,2.02,F23,F23J,.1666666716337204
hi,5.01,H04,H04R,.1666666716337204
mw,5.09,C09,C09C,.1666666716337204
yq,5.07,D06,D06M,.1666666716337204
oe,5.06,F02,F02K,.1666666716337204
pk,2.05,C07,C07B,.1666666716337204
wc,3.03,D01,D01F,.1666666716337204
hi,5.01,C09,C09D,.1666666716337204
ei,1.04,B64,B64F,.1666666716337204
hf,6.03,B28,B28C,.1666666716337204
vi,5.01,B08,B08B,.1666666716337204
qd,6.02,A23,A23B,.1666666716337204
pz,2.05,E03,E03F,.1666666716337204
gm,3.03,B24,B24B,.1666666716337204
bp,6.04,C11,C11B,.1666666716337204
hf,6.03,B23,B23Q,.1666666716337204
iu,2.03,G12,G12B,.1666666716337204
wu,5.04,F41,F41C,.1666666716337204
he,5.03,B81,B81C,.1666666716337204
xw,3.03,E04,E04F,.1666666716337204
rx,3.02,H03,H03M,.1666666716337204
pg,6.02,H01,H01G,.1666666716337204
zc,4.03,B81,B81B,.1666666716337204
pe,5.02,C03,C03C,.1666666716337204
yo,3.01,B60,B60G,.1666666716337204
ou,1.06,G01,G01H,.1666666716337204
ik,2.11,E04,E04D,.1666666716337204
ik,2.11,C08,C08C,.1666666716337204
ip,2.07,B62,B62D,.1666666716337204
fa,2.01,B81,B81C,.1666666716337204
cl,9,A61,A61C,.1666666716337204
mw,5.09,H03,H03K,.1666666716337204
mw,5.09,B66,B66D,.1666666716337204
mm,6.01,B27,B27D,.1666666716337204
km,1.06,C09,C09C,.1666666716337204
yq,5.07,H01,H01P,.1666666716337204
ia,3.02,F26,F26B,.1666666716337204
gc,1.05,F04,F04B,.1666666716337204
he,5.03,G05,G05B,.1666666716337204
or,5.09,F15,F15C,.1666666716337204
ub,1.03,F24,F24B,.1666666716337204
dx,3.01,H02,H02M,.1666666716337204
ij,2.11,D21,D21D,.1666666716337204
ox,6.02,B05,B05C,.1666666716337204
ot,6.02,G02,G02C,.1666666716337204
qe,2.09,C11,C11B,.1666666716337204
dw,1.04,G01,G01Q,.1666666716337204
ij,2.11,E04,E04D,.1666666716337204
id,2.07,B60,B60N,.1666666716337204
ik,2.11,C11,C11B,.1666666716337204
dw,1.04,B67,B67D,.1666666716337204
ip,2.07,F28,F28G,.1666666716337204
iu,2.03,F24,F24T,.1666666716337204
cn,5.01,B60,B60G,.1666666716337204
jo,5.04,B01,B01F,.1666666716337204
my,5.01,G08,G08G,.1666666716337204
ff,3.02,H03,H03F,.1666666716337204
ou,1.06,C22,C22C,.1666666716337204
pk,2.05,B66,B66F,.1666666716337204
ix,2.07,H01,H01H,.1666666716337204
uh,1.03,G01,G01H,.1666666716337204
pc,5.02,A01,A01C,.1666666716337204
jm,5.04,H05,H05K,.1666666716337204
py,3.02,F41,F41J,.1666666716337204
oe,5.06,B60,B60L,.1666666716337204
si,1.05,H05,H05B,.1666666716337204
dr,1.06,B23,B23D,.1666666716337204
uf,1.03,G21,G21F,.1666666716337204
or,5.09,G12,G12B,.1666666716337204
yq,5.07,C30,C30B,.1666666716337204
ih,2.07,A23,A23D,.1666666716337204
ji,5.01,F27,F27D,.1666666716337204
jb,5.07,D04,D04B,.1666666716337204
dr,1.06,B02,B02B,.1666666716337204
nu,5.08,H02,H02N,.1666666716337204
ra,2.11,C10,C10L,.1666666716337204
bp,6.04,B60,B60B,.1666666716337204
xy,1.01,B07,B07C,.1666666716337204
mq,6.01,B60,B60C,.1666666716337204
am,4.01,G10,G10L,.1666666716337204
km,1.06,B23,B23B,.1666666716337204
fi,1.04,C10,C10K,.1666666716337204
ps,5.04,A23,A23J,.1666666716337204
ru,3.01,H01,H01C,.1666666716337204
nq,5.01,E01,E01C,.1666666716337204
dx,3.01,F23,F23G,.1666666716337204
km,1.06,A01,A01B,.1666666716337204
ua,6.03,C40,C40B,.1666666716337204
nm,5.02,C12,C12P,.1666666716337204
ji,5.01,A43,A43B,.1666666716337204
ml,9,B41,B41J,.1666666716337204
yi,6.03,C25,C25B,.1666666716337204
ae,4.05,F01,F01L,.1666666716337204
ev,1.02,B60,B60M,.1666666716337204
io,2.07,G11,G11C,.1666666716337204
eq,3.01,F21,F21L,.1666666716337204
ja,1.05,F42,F42D,.1666666716337204
ct,9,C01,C01B,.1666666716337204
di,5.02,B29,B29B,.1666666716337204
mr,6.01,B41,B41J,.1666666716337204
ky,1.05,D01,D01F,.1666666716337204
km,1.06,A47,A47B,.1666666716337204
vm,5.06,A01,A01N,.1666666716337204
td,3.02,B32,B32B,.1666666716337204
zm,1.06,B81,B81C,.1666666716337204
mr,6.01,C22,C22C,.1666666716337204
ff,3.02,G10,G10H,.1666666716337204
rb,2.02,C11,C11B,.1666666716337204
ep,1.02,A46,A46B,.1666666716337204
jy,4.05,B44,B44D,.1666666716337204
ht,1.06,A47,A47D,.1666666716337204
gu,1.06,A47,A47D,.1666666716337204
qh,2.05,F41,F41A,.1666666716337204
jb,5.07,F21,F21S,.1666666716337204
qc,6.02,C10,C10G,.1666666716337204
lj,3.02,F25,F25J,.1666666716337204
mw,5.09,H03,H03H,.1666666716337204
qe,2.09,B41,B41C,.1666666716337204
eq,3.01,B63,B63B,.1666666716337204
js,6.04,F01,F01D,.1666666716337204
kv,1.05,F21,F21V,.1666666716337204
dk,5.02,G01,G01L,.1666666716337204
cu,1.06,B60,B60L,.1666666716337204
im,2.01,D02,D02G,.1666666716337204
gc,1.05,B05,B05D,.1666666716337204
hb,5.03,C23,C23D,.1666666716337204
mc,1.06,D04,D04B,.1666666716337204
nq,5.01,H01,H01P,.1666666716337204
if,2.11,E03,E03F,.1666666716337204
di,5.02,F23,F23D,.1666666716337204
ma,3.02,G04,G04G,.1666666716337204
wq,5.01,B02,B02C,.1666666716337204
bm,5.07,A21,A21C,.1666666716337204
hq,1.04,F42,F42D,.1666666716337204
mc,1.06,B24,B24B,.1666666716337204
pc,5.02,H03,H03J,.1666666716337204
yi,6.03,B26,B26B,.1666666716337204
eq,3.01,B24,B24B,.1666666716337204
ve,3.02,F25,F25J,.1666666716337204
ur,1.01,B66,B66B,.1666666716337204
qf,9,H03,H03B,.1666666716337204
id,2.07,B07,B07C,.1666666716337204
mu,4.01,B28,B28C,.1666666716337204
fe,5.05,E01,E01C,.1666666716337204
wf,1.06,B62,B62K,.1666666716337204
zd,9,E02,E02D,.1666666716337204
io,2.07,B03,B03D,.1666666716337204
fu,5.04,B01,B01J,.1666666716337204
zk,9,A61,A61G,.1666666716337204
ve,3.02,F17,F17C,.1666666716337204
lq,3.03,C01,C01B,.1666666716337204
ig,2.06,H05,H05C,.1666666716337204
ep,1.02,A47,A47G,.1666666716337204
if,2.11,E05,E05G,.1666666716337204
pf,6.02,D21,D21C,.1666666716337204
sy,1.03,F01,F01P,.1666666716337204
ya,3.02,E01,E01C,.1666666716337204
pz,2.05,A45,A45D,.1666666716337204
ut,6.02,B26,B26B,.1666666716337204
xa,5.04,C09,C09C,.1666666716337204
ff,3.02,B05,B05B,.1666666716337204
le,1.05,E21,E21F,.1666666716337204
ds,3.02,G05,G05F,.1666666716337204
oz,6.02,D01,D01D,.1666666716337204
hf,6.03,C11,C11C,.1666666716337204
ot,6.02,B23,B23Q,.1666666716337204
xq,2.11,D01,D01C,.1666666716337204
ay,3.01,A43,A43C,.1666666716337204
ht,1.06,A44,A44B,.1666666716337204
wf,1.06,C02,C02F,.1666666716337204
ot,6.02,A63,A63C,.1666666716337204
uk,1.03,B25,B25F,.1666666716337204
rp,6.04,A45,A45D,.1666666716337204
ze,1.06,B41,B41F,.1666666716337204
bv,5.01,H04,H04S,.1666666716337204
zr,1.05,A23,A23N,.1666666716337204
ii,2.04,B65,B65C,.1666666716337204
vs,5.01,F24,F24C,.1666666716337204
am,4.01,B28,B28C,.1666666716337204
ai,2.03,D21,D21C,.1666666716337204
af,4.05,G03,G03H,.1666666716337204
pm,2.05,B60,B60D,.1666666716337204
dx,3.01,D04,D04H,.1666666716337204
xa,5.04,F41,F41G,.1666666716337204
ac,2.02,A47,A47G,.1666666716337204
hb,5.03,F16,F16C,.1666666716337204
cu,1.06,A44,A44B,.1666666716337204
vp,3.03,G02,G02F,.1666666716337204
oe,5.06,G21,G21C,.1666666716337204
ij,2.11,F28,F28C,.1666666716337204
nn,3.03,F23,F23D,.1666666716337204
yp,3.02,B60,B60C,.1666666716337204
cl,9,G02,G02C,.1666666716337204
ep,1.02,A47,A47H,.1666666716337204
xy,1.01,B41,B41C,.1666666716337204
qu,1.06,C03,C03B,.1666666716337204
ih,2.07,D02,D02G,.1666666716337204
li,3.02,F25,F25J,.1666666716337204
my,5.01,G01,G01V,.1666666716337204
zq,2.07,C11,C11C,.1666666716337204
ns,2.01,E01,E01H,.1666666716337204
ky,1.05,A01,A01C,.1666666716337204
eu,2.02,C22,C22F,.1666666716337204
ne,3.03,A01,A01B,.1666666716337204
li,3.02,A01,A01D,.1666666716337204
lj,3.02,B05,B05C,.1666666716337204
ox,6.02,C01,C01G,.1666666716337204
dy,1.04,A41,A41C,.1666666716337204
he,5.03,B60,B60L,.1666666716337204
hi,5.01,B23,B23Q,.1666666716337204
wc,3.03,D04,D04C,.1666666716337204
pj,2.05,F24,F24T,.1666666716337204
or,5.09,E04,E04H,.1666666716337204
wu,5.04,F26,F26B,.1666666716337204
pu,2.03,H02,H02G,.1666666716337204
yq,5.07,B60,B60D,.1666666716337204
yo,3.01,D01,D01G,.1666666716337204
zd,9,H02,H02G,.1666666716337204
ai,2.03,A44,A44C,.1666666716337204
gc,1.05,C40,C40B,.1666666716337204
yr,2.01,G03,G03C,.1666666716337204
ht,1.06,B23,B23B,.1666666716337204
dy,1.04,D01,D01G,.1666666716337204
td,3.02,B41,B41M,.1666666716337204
ku,5.07,D21,D21H,.1666666716337204
jb,5.07,B60,B60S,.1666666716337204
jb,5.07,B07,B07B,.1666666716337204
bi,6.01,G01,G01C,.1666666716337204
jb,5.07,D21,D21J,.1666666716337204
gu,1.06,F28,F28D,.1666666716337204
jb,5.07,H03,H03H,.1666666716337204
jb,5.07,H04,H04J,.1666666716337204
lq,3.03,G08,G08C,.1666666716337204
uq,5.07,G05,G05F,.1666666716337204
pq,1.01,B33,B33Y,.1666666716337204
yo,3.01,B27,B27N,.1666666716337204
bu,1.03,A47,A47L,.1666666716337204
fy,3.02,A23,A23B,.1666666716337204
db,2.08,E02,E02F,.1666666716337204
xq,2.11,B41,B41F,.1666666716337204
lq,3.03,G21,G21K,.1666666716337204
di,5.02,F02,F02K,.1666666716337204
xq,2.11,B03,B03B,.1666666716337204
zm,1.06,D07,D07B,.1666666716337204
am,4.01,C10,C10K,.1666666716337204
ii,2.04,B60,B60N,.1666666716337204
nn,3.03,B31,B31F,.1666666716337204
qj,2.05,G21,G21K,.1666666716337204
kv,1.05,F21,F21K,.1666666716337204
ay,3.01,A23,A23J,.1666666716337204
mq,6.01,F42,F42B,.1666666716337204
pe,5.02,E03,E03B,.1666666716337204
rt,3.02,B09,B09B,.1666666716337204
im,2.01,F25,F25J,.1666666716337204
ua,6.03,A61,A61C,.1666666716337204
ra,2.11,B22,B22D,.1666666716337204
aa,1.03,B29,B29B,.1666666716337204
dm,3.02,F16,F16C,.1666666716337204
lj,3.02,F16,F16L,.1666666716337204
qj,2.05,B61,B61C,.1666666716337204
xw,3.03,B60,B60G,.1666666716337204
nm,5.02,G01,G01S,.1666666716337204
ah,4.01,H02,H02K,.1666666716337204
zr,1.05,F23,F23C,.1666666716337204
pw,2.06,F25,F25B,.1666666716337204
fe,5.05,C08,C08F,.1666666716337204
dq,9,E04,E04C,.1666666716337204
gc,1.05,B60,B60K,.1666666716337204
ou,1.06,C23,C23C,.1666666716337204
bi,6.01,E01,E01F,.1666666716337204
ml,9,F16,F16K,.1666666716337204
ma,3.02,B64,B64C,.1666666716337204
pu,2.03,H02,H02B,.1666666716337204
xy,1.01,B63,B63G,.1666666716337204
qh,2.05,F27,F27B,.1666666716337204
pz,2.05,H02,H02H,.1666666716337204
ka,4.01,H03,H03G,.1666666716337204
ot,6.02,G21,G21G,.1666666716337204
et,1.02,A62,A62B,.1666666716337204
ye,2.02,F04,F04C,.1666666716337204
zm,1.06,A44,A44B,.1666666716337204
rt,3.02,C13,C13K,.1666666716337204
zm,1.06,A42,A42B,.1666666716337204
uk,1.03,C05,C05D,.1666666716337204
ii,2.04,E01,E01H,.1666666716337204
hy,1.06,A01,A01M,.1666666716337204
fa,2.01,B63,B63J,.1666666716337204
gu,1.06,A45,A45C,.1666666716337204
ub,1.03,B68,B68G,.1666666716337204
dw,1.04,H03,H03B,.1666666716337204
ji,5.01,F03,F03G,.1666666716337204
cq,1.06,A01,A01J,.1666666716337204
pf,6.02,G05,G05F,.1666666716337204
ea,1.04,B63,B63G,.1666666716337204
ha,5.03,F24,F24C,.1666666716337204
ex,1.02,G03,G03D,.1666666716337204
xa,5.04,G04,G04C,.1666666716337204
mc,1.06,D01,D01F,.1666666716337204
qj,2.05,B23,B23B,.1666666716337204
da,1.06,F27,F27D,.1666666716337204
ya,3.02,F02,F02N,.1666666716337204
ur,1.01,B41,B41N,.1666666716337204
ml,9,C25,C25B,.1666666716337204
oy,9,G21,G21G,.1666666716337204
cn,5.01,C10,C10L,.1666666716337204
ue,2.11,B60,B60M,.1666666716337204
qa,3.01,B22,B22D,.1666666716337204
ip,2.07,F01,F01P,.1666666716337204
vx,5.01,B60,B60F,.1666666716337204
bp,6.04,F41,F41J,.1666666716337204
ra,2.11,B60,B60T,.1666666716337204
pi,1.06,H02,H02J,.1666666716337204
mr,6.01,H04,H04M,.1666666716337204
sr,2.07,F17,F17D,.1666666716337204
ry,2.03,F16,F16H,.1666666716337204
lj,3.02,B29,B29D,.1666666716337204
ky,1.05,F23,F23C,.1666666716337204
or,5.09,G01,G01C,.1666666716337204
xy,1.01,B65,B65B,.1666666716337204
fi,1.04,G01,G01G,.1666666716337204
ix,2.07,B05,B05D,.1666666716337204
um,3.01,B60,B60T,.1666666716337204
zk,9,B01,B01F,.1666666716337204
af,4.05,F01,F01N,.1666666716337204
iy,1.06,A61,A61J,.1666666716337204
pc,5.02,F27,F27B,.1666666716337204
ex,1.02,C06,C06B,.1666666716337204
es,2.02,A47,A47G,.1666666716337204
fs,6.04,C07,C07B,.1666666716337204
qf,9,H03,H03D,.1666666716337204
et,1.02,G03,G03D,.1666666716337204
zq,2.07,B41,B41M,.1666666716337204
tm,3.01,A62,A62D,.1666666716337204
dk,5.02,A01,A01M,.1666666716337204
yr,2.01,A21,A21B,.1666666716337204
vj,5.01,A45,A45D,.1666666716337204
ns,2.01,B25,B25F,.1666666716337204
bv,5.01,C08,C08L,.1666666716337204
pu,2.03,A23,A23F,.1666666716337204
or,5.09,C12,C12M,.1666666716337204
or,5.09,C11,C11B,.1666666716337204
qq,1.05,D21,D21F,.1666666716337204
io,2.07,C23,C23F,.1666666716337204
gu,1.06,D07,D07B,.1666666716337204
bd,1.06,H02,H02J,.1666666716337204
dw,1.04,F28,F28F,.1666666716337204
rb,2.02,E04,E04G,.1666666716337204
zk,9,B42,B42C,.1666666716337204
om,5.05,H03,H03J,.1666666716337204
ze,1.06,G09,G09C,.1666666716337204
mc,1.06,G03,G03H,.1666666716337204
pu,2.03,A45,A45C,.1666666716337204
pc,5.02,B02,B02C,.1666666716337204
si,1.05,B23,B23K,.1666666716337204
pk,2.05,H04,H04J,.1666666716337204
tm,3.01,F17,F17C,.1666666716337204
ns,2.01,F23,F23R,.1666666716337204
pw,2.06,B60,B60N,.1666666716337204
ma,3.02,B43,B43L,.1666666716337204
ih,2.07,C12,C12F,.1666666716337204
pe,5.02,D06,D06M,.1666666716337204
ot,6.02,E05,E05G,.1666666716337204
oi,3.02,D04,D04H,.1666666716337204
ze,1.06,B03,B03C,.1666666716337204
wh,3.02,B26,B26B,.1666666716337204
wv,3.03,C02,C02F,.1666666716337204
qg,2.05,B67,B67D,.1666666716337204
da,1.06,F01,F01N,.1666666716337204
ik,2.11,B27,B27M,.1666666716337204
mq,6.01,B41,B41J,.1666666716337204
hq,1.04,F02,F02P,.1666666716337204
vx,5.01,C10,C10M,.1666666716337204
fa,2.01,A23,A23C,.1666666716337204
wm,5.04,F26,F26B,.1666666716337204
bi,6.01,F01,F01P,.1666666716337204
sd,3.02,F02,F02C,.1666666716337204
pu,2.03,A47,A47L,.1666666716337204
wu,5.04,C05,C05F,.1666666716337204
rx,3.02,B41,B41M,.1666666716337204
pw,2.06,C12,C12G,.1666666716337204
ev,1.02,B08,B08B,.1666666716337204
nq,5.01,A43,A43B,.1666666716337204
ky,1.05,C11,C11D,.1666666716337204
cn,5.01,F01,F01K,.1666666716337204
oe,5.06,D02,D02J,.1666666716337204
ct,9,B60,B60C,.1666666716337204
uy,1.04,B63,B63G,.1666666716337204
mc,1.06,F02,F02C,.1666666716337204
uf,1.03,B41,B41N,.1666666716337204
ja,1.05,F25,F25C,.1666666716337204
ds,3.02,E04,E04C,.1666666716337204
dy,1.04,E01,E01H,.1666666716337204
da,1.06,G08,G08G,.1666666716337204
pt,3.03,C08,C08F,.1666666716337204
pn,1.01,B24,B24C,.1666666716337204
oy,9,B66,B66C,.1666666716337204
ns,2.01,A41,A41C,.1666666716337204
xq,2.11,D21,D21D,.1666666716337204
ig,2.06,F25,F25D,.1666666716337204
vi,5.01,C11,C11B,.1666666716337204
xa,5.04,E02,E02D,.1666666716337204
eq,3.01,H03,H03F,.1666666716337204
qu,1.06,G21,G21C,.1666666716337204
pn,1.01,H03,H03J,.1666666716337204
uu,5.06,A63,A63J,.1666666716337204
ya,3.02,A43,A43C,.1666666716337204
fa,2.01,G11,G11B,.1666666716337204
ii,2.04,F03,F03H,.1666666716337204
pk,2.05,D06,D06P,.1666666716337204
vj,5.01,D21,D21G,.1666666716337204
su,3.02,G21,G21G,.1666666716337204
om,5.05,D06,D06P,.1666666716337204
wm,5.04,G01,G01G,.1666666716337204
pa,6.02,D01,D01D,.1666666716337204
pk,2.05,E03,E03F,.1666666716337204
hi,5.01,F24,F24C,.1666666716337204
ja,1.05,B27,B27B,.1666666716337204
mr,6.01,B63,B63B,.1666666716337204
iy,1.06,A01,A01B,.1666666716337204
cu,1.06,C22,C22B,.1666666716337204
le,1.05,G06,G06G,.1666666716337204
zk,9,F16,F16H,.1666666716337204
oy,9,H03,H03L,.1666666716337204
tq,3.02,C10,C10L,.1666666716337204
di,5.02,C07,C07B,.1666666716337204
td,3.02,B60,B60Q,.1666666716337204
yu,3.03,A63,A63F,.1666666716337204
mq,6.01,G05,G05B,.1666666716337204
ev,1.02,D04,D04B,.1666666716337204
pj,2.05,C22,C22F,.1666666716337204
pc,5.02,F02,F02K,.1666666716337204
im,2.01,C23,C23G,.1666666716337204
ns,2.01,F01,F01L,.1666666716337204
oa,2.11,F24,F24B,.1666666716337204
sa,3.03,B05,B05D,.1666666716337204
ew,1.02,A23,A23P,.1666666716337204
ns,2.01,B64,B64F,.1666666716337204
ju,4.01,A61,A61J,.1666666716337204
yq,5.07,C08,C08J,.1666666716337204
te,1.05,D01,D01F,.1666666716337204
fs,6.04,D04,D04H,.1666666716337204
qj,2.05,E04,E04C,.1666666716337204
dy,1.04,B44,B44B,.1666666716337204
ns,2.01,B44,B44F,.1666666716337204
hf,6.03,B07,B07B,.1666666716337204
et,1.02,F23,F23D,.1666666716337204
le,1.05,B23,B23P,.1666666716337204
gm,3.03,F24,F24F,.1666666716337204
qg,2.05,D04,D04C,.1666666716337204
bm,5.07,B41,B41J,.1666666716337204
zm,1.06,F28,F28D,.1666666716337204
pe,5.02,B23,B23F,.1666666716337204
jo,5.04,G08,G08C,.1666666716337204
ye,2.02,A01,A01J,.1666666716337204
qu,1.06,G01,G01P,.1666666716337204
uh,1.03,G10,G10D,.1666666716337204
bk,6.04,F03,F03G,.1666666716337204
we,3.02,C01,C01F,.1666666716337204
ox,6.02,B01,B01L,.1666666716337204
ip,2.07,C12,C12M,.1666666716337204
er,1.02,A45,A45D,.1666666716337204
pa,6.02,F28,F28G,.1666666716337204
ku,5.07,B61,B61L,.1666666716337204
er,1.02,C04,C04B,.1666666716337204
pt,3.03,F25,F25D,.1666666716337204
or,5.09,G04,G04G,.1666666716337204
sa,3.03,H03,H03M,.1666666716337204
eu,2.02,B21,B21K,.1666666716337204
oi,3.02,B60,B60W,.1666666716337204
bi,6.01,B01,B01L,.1666666716337204
oe,5.06,B61,B61G,.1666666716337204
rp,6.04,B24,B24B,.1666666716337204
ju,4.01,B63,B63J,.1666666716337204
ja,1.05,B27,B27N,.1666666716337204
oy,9,F28,F28G,.1666666716337204
un,1.03,C22,C22F,.1666666716337204
pf,6.02,H04,H04H,.1666666716337204
gu,1.06,B65,B65G,.1666666716337204
eq,3.01,F24,F24D,.1666666716337204
uk,1.03,A41,A41C,.1666666716337204
bv,5.01,B81,B81C,.1666666716337204
wh,3.02,G01,G01F,.1666666716337204
gm,3.03,C12,C12C,.1666666716337204
pn,1.01,D21,D21F,.1666666716337204
bd,1.06,A45,A45C,.1666666716337204
pq,1.01,A62,A62C,.1666666716337204
oa,2.11,F42,F42C,.1666666716337204
pj,2.05,G07,G07D,.1666666716337204
pu,2.03,H04,H04K,.1666666716337204
rp,6.04,C01,C01G,.1666666716337204
vi,5.01,A47,A47K,.1666666716337204
vm,5.06,B07,B07B,.1666666716337204
le,1.05,F21,F21K,.1666666716337204
il,2.07,F24,F24F,.1666666716337204
lq,3.03,D06,D06M,.1666666716337204
dx,3.01,C03,C03B,.1666666716337204
pt,3.03,B60,B60N,.1666666716337204
il,2.07,H03,H03K,.1666666716337204
dm,3.02,A46,A46B,.1666666716337204
tu,3.01,F23,F23G,.1666666716337204
bk,6.04,F22,F22B,.1666666716337204
pe,5.02,F23,F23C,.1666666716337204
qe,2.09,C23,C23G,.1666666716337204
or,5.09,B09,B09C,.1666666716337204
qe,2.09,G10,G10C,.1666666716337204
ba,3.02,B06,B06B,.1666666716337204
ve,3.02,F04,F04C,.1666666716337204
fy,3.02,B06,B06B,.1666666716337204
om,5.05,B61,B61L,.1666666716337204
oy,9,E05,E05G,.1666666716337204
uk,1.03,B61,B61C,.1666666716337204
ro,1.07,B28,B28C,.1666666716337204
pa,6.02,C25,C25B,.1666666716337204
fs,6.04,F42,F42D,.1666666716337204
ct,9,H01,H01Q,.1666666716337204
yr,2.01,F24,F24H,.1666666716337204
hq,1.04,B09,B09B,.1666666716337204
ki,3.02,B28,B28B,.1666666716337204
yi,6.03,F28,F28G,.1666666716337204
af,4.05,C11,C11D,.1666666716337204
bu,1.03,F16,F16K,.1666666716337204
pk,2.05,B65,B65B,.1666666716337204
bk,6.04,F41,F41J,.1666666716337204
oy,9,A63,A63C,.1666666716337204
nq,5.01,F27,F27B,.1666666716337204
uf,1.03,F24,F24T,.1666666716337204
ui,1.03,B24,B24C,.1666666716337204
ni,3.01,B31,B31F,.1666666716337204
qc,6.02,H04,H04R,.1666666716337204
jb,5.07,F23,F23D,.1666666716337204
po,1.01,H05,H05H,.1666666716337204
pc,5.02,A24,A24F,.1666666716337204
ma,3.02,B23,B23P,.1666666716337204
da,1.06,C10,C10J,.1666666716337204
oy,9,A62,A62C,.1666666716337204
ue,2.11,B23,B23B,.1666666716337204
sd,3.02,E03,E03F,.1666666716337204
qa,3.01,B64,B64F,.1666666716337204
ox,6.02,C07,C07H,.1666666716337204
dr,1.06,B64,B64D,.1666666716337204
qf,9,B60,B60N,.1666666716337204
po,1.01,B27,B27B,.1666666716337204
rx,3.02,B64,B64D,.1666666716337204
sd,3.02,C10,C10M,.1666666716337204
vs,5.01,C09,C09K,.1666666716337204
ec,1.04,B43,B43K,.1666666716337204
oz,6.02,F16,F16G,.1666666716337204
et,1.02,C09,C09F,.1666666716337204
dt,2.03,F41,F41C,.1666666716337204
pk,2.05,D21,D21C,.1666666716337204
gu,1.06,F02,F02B,.1666666716337204
qq,1.05,E02,E02F,.1666666716337204
uq,5.07,B07,B07B,.1666666716337204
pe,5.02,H01,H01P,.1666666716337204
lj,3.02,A01,A01D,.1666666716337204
gy,5.02,B26,B26F,.1666666716337204
wm,5.04,C09,C09C,.1666666716337204
xa,5.04,B64,B64G,.1666666716337204
ru,3.01,B60,B60G,.1666666716337204
pi,1.06,D01,D01F,.1666666716337204
up,1.03,G10,G10D,.1666666716337204
pz,2.05,B60,B60D,.1666666716337204
fi,1.04,A61,A61J,.1666666716337204
vx,5.01,C09,C09B,.1666666716337204
rt,3.02,C13,C13B,.1666666716337204
oa,2.11,E05,E05G,.1666666716337204
oe,5.06,B23,B23Q,.1666666716337204
ns,2.01,B41,B41K,.1666666716337204
wq,5.01,A63,A63G,.1666666716337204
su,3.02,F41,F41J,.1666666716337204
zm,1.06,F01,F01K,.1666666716337204
ra,2.11,D01,D01F,.1666666716337204
pn,1.01,F03,F03H,.1666666716337204
vs,5.01,C11,C11D,.1666666716337204
ql,9,G03,G03G,.1666666716337204
tc,3.02,B02,B02C,.1666666716337204
qj,2.05,H04,H04J,.1666666716337204
jo,5.04,G08,G08B,.1666666716337204
io,2.07,H02,H02P,.1666666716337204
qe,2.09,D21,D21C,.1666666716337204
sy,1.03,C01,C01C,.1666666716337204
ua,6.03,F04,F04B,.1666666716337204
rt,3.02,F04,F04C,.1666666716337204
te,1.05,G05,G05B,.1666666716337204
wy,5.04,C11,C11C,.1666666716337204
db,2.08,A01,A01B,.1666666716337204
fa,2.01,H03,H03L,.1666666716337204
oy,9,A24,A24D,.1666666716337204
jb,5.07,B60,B60R,.1666666716337204
am,4.01,B09,B09B,.1666666716337204
xw,3.03,A47,A47F,.1666666716337204
im,2.01,A23,A23N,.1666666716337204
up,1.03,F02,F02G,.1666666716337204
bk,6.04,H01,H01C,.1666666716337204
gm,3.03,G01,G01C,.1666666716337204
ye,2.02,C10,C10B,.1666666716337204
dy,1.04,C12,C12F,.1666666716337204
iu,2.03,B27,B27D,.1666666716337204
et,1.02,G21,G21D,.1666666716337204
uf,1.03,H02,H02B,.1666666716337204
ai,2.03,F24,F24D,.1666666716337204
ev,1.02,F28,F28F,.1666666716337204
li,3.02,E03,E03F,.1666666716337204
rt,3.02,F24,F24C,.1666666716337204
xe,4.01,F04,F04B,.1666666716337204
ac,2.02,F16,F16P,.1666666716337204
km,1.06,F02,F02K,.1666666716337204
eo,6.02,G11,G11C,.1666666716337204
uk,1.03,B41,B41K,.1666666716337204
ra,2.11,B23,B23B,.1666666716337204
bv,5.01,B64,B64D,.1666666716337204
uf,1.03,F23,F23J,.1666666716337204
uf,1.03,B60,B60K,.1666666716337204
eu,2.02,C21,C21D,.1666666716337204
yu,3.03,G01,G01V,.1666666716337204
ik,2.11,D01,D01B,.1666666716337204
pk,2.05,C05,C05D,.1666666716337204
wm,5.04,B41,B41F,.1666666716337204
tu,3.01,E05,E05F,.1666666716337204
jo,5.04,H03,H03H,.1666666716337204
cu,1.06,B41,B41M,.1666666716337204
ni,3.01,B41,B41F,.1666666716337204
hb,5.03,B42,B42D,.1666666716337204
ex,1.02,F24,F24S,.1666666716337204
yr,2.01,G21,G21F,.1666666716337204
qq,1.05,F23,F23R,.1666666716337204
cn,5.01,A47,A47C,.1666666716337204
ru,3.01,B09,B09B,.1666666716337204
uf,1.03,B21,B21C,.1666666716337204
ns,2.01,B44,B44D,.1666666716337204
ba,3.02,C25,C25B,.1666666716337204
mw,5.09,E04,E04F,.1666666716337204
pt,3.03,D04,D04B,.1666666716337204
di,5.02,C22,C22F,.1666666716337204
qe,2.09,G01,G01P,.1666666716337204
mq,6.01,B41,B41M,.1666666716337204
xy,1.01,F03,F03D,.1666666716337204
yr,2.01,B63,B63G,.1666666716337204
mr,6.01,G01,G01P,.1666666716337204
di,5.02,H02,H02H,.1666666716337204
wm,5.04,A47,A47G,.1666666716337204
qj,2.05,G01,G01T,.1666666716337204
ep,1.02,B23,B23C,.1666666716337204
uu,5.06,F21,F21S,.1666666716337204
rb,2.02,B62,B62B,.1666666716337204
xe,4.01,A44,A44C,.1666666716337204
jo,5.04,G01,G01C,.1666666716337204
nu,5.08,B28,B28C,.1666666716337204
jw,6.02,B01,B01D,.1666666716337204
ua,6.03,B01,B01L,.1666666716337204
zr,1.05,F23,F23M,.1666666716337204
ip,2.07,E01,E01C,.1666666716337204
ky,1.05,B23,B23K,.1666666716337204
qe,2.09,B23,B23H,.1666666716337204
ns,2.01,A47,A47C,.1666666716337204
tm,3.01,F02,F02N,.1666666716337204
dk,5.02,F02,F02K,.1666666716337204
wv,3.03,C09,C09C,.1666666716337204
bv,5.01,A23,A23J,.1666666716337204
bu,1.03,F01,F01D,.1666666716337204
yq,5.07,B23,B23Q,.1666666716337204
ij,2.11,F23,F23C,.1666666716337204
im,2.01,B60,B60D,.1666666716337204
da,1.06,F41,F41C,.1666666716337204
uh,1.03,B27,B27D,.1666666716337204
gy,5.02,A47,A47K,.1666666716337204
yp,3.02,F15,F15B,.1666666716337204
bf,5.04,C03,C03B,.1666666716337204
yp,3.02,E02,E02D,.1666666716337204
tq,3.02,C05,C05F,.1666666716337204
ig,2.06,E04,E04C,.1666666716337204
yo,3.01,E21,E21D,.1666666716337204
ep,1.02,D01,D01F,.1666666716337204
om,5.05,E03,E03B,.1666666716337204
tm,3.01,G21,G21C,.1666666716337204
gu,1.06,B60,B60Q,.1666666716337204
il,2.07,C09,C09K,.1666666716337204
yr,2.01,B24,B24D,.1666666716337204
ad,4.02,G08,G08G,.1666666716337204
tc,3.02,H03,H03M,.1666666716337204
my,5.01,H03,H03M,.1666666716337204
op,3.03,G07,G07F,.1666666716337204
ju,4.01,F41,F41H,.1666666716337204
cu,1.06,F41,F41C,.1666666716337204
ot,6.02,B09,B09C,.1666666716337204
xw,3.03,D02,D02G,.1666666716337204
et,1.02,A47,A47H,.1666666716337204
xy,1.01,B27,B27B,.1666666716337204
jy,4.05,F41,F41J,.1666666716337204
qf,9,F23,F23N,.1666666716337204
hq,1.04,B43,B43K,.1666666716337204
kv,1.05,D06,D06M,.1666666716337204
uu,5.06,A63,A63G,.1666666716337204
xe,4.01,A23,A23J,.1666666716337204
ur,1.01,B24,B24C,.1666666716337204
vs,5.01,E04,E04C,.1666666716337204
tq,3.02,A24,A24F,.1666666716337204
qj,2.05,F24,F24T,.1666666716337204
jy,4.05,F28,F28C,.1666666716337204
oa,2.11,B61,B61K,.1666666716337204
ih,2.07,B60,B60L,.1666666716337204
tm,3.01,F26,F26B,.1666666716337204
pu,2.03,B61,B61L,.1666666716337204
ad,4.02,G03,G03C,.1666666716337204
ry,2.03,B64,B64C,.1666666716337204
tu,3.01,D21,D21F,.1666666716337204
ds,3.02,F16,F16F,.1666666716337204
cn,5.01,B23,B23F,.1666666716337204
da,1.06,B60,B60T,.1666666716337204
pu,2.03,B65,B65C,.1666666716337204
oe,5.06,F28,F28F,.1666666716337204
hl,3.03,G02,G02F,.1666666716337204
wm,5.04,H01,H01G,.1666666716337204
et,1.02,D04,D04B,.1666666716337204
mr,6.01,F16,F16L,.1666666716337204
ji,5.01,E04,E04B,.1666666716337204
id,2.07,A45,A45C,.1666666716337204
jm,5.04,G04,G04C,.1666666716337204
ip,2.07,E05,E05B,.1666666716337204
pj,2.05,C05,C05B,.1666666716337204
pm,2.05,D06,D06G,.1666666716337204
hq,1.04,G21,G21H,.1666666716337204
aa,1.03,C22,C22F,.1666666716337204
vx,5.01,C02,C02F,.1666666716337204
zr,1.05,H02,H02P,.1666666716337204
xy,1.01,A61,A61C,.1666666716337204
za,3.02,D21,D21H,.1666666716337204
hi,5.01,A01,A01K,.1666666716337204
pj,2.05,B63,B63H,.1666666716337204
ew,1.02,C09,C09F,.1666666716337204
da,1.06,A41,A41H,.1666666716337204
dy,1.04,D06,D06G,.1666666716337204
oy,9,B09,B09C,.1666666716337204
cn,5.01,A23,A23J,.1666666716337204
nm,5.02,G05,G05B,.1666666716337204
er,1.02,A61,A61J,.1666666716337204
ou,1.06,H04,H04J,.1666666716337204
xw,3.03,B64,B64G,.1666666716337204
ut,6.02,E01,E01C,.1666666716337204
bk,6.04,H03,H03M,.1666666716337204
af,4.05,B65,B65H,.1666666716337204
ay,3.01,H02,H02J,.1666666716337204
dy,1.04,F01,F01B,.1666666716337204
qg,2.05,B44,B44B,.1666666716337204
we,3.02,B60,B60P,.1666666716337204
uu,5.06,F26,F26B,.1666666716337204
yr,2.01,E21,E21C,.1666666716337204
xw,3.03,C09,C09B,.1666666716337204
zc,4.03,E21,E21D,.1666666716337204
id,2.07,C08,C08C,.1666666716337204
zk,9,A23,A23D,.1666666716337204
dw,1.04,A42,A42B,.1666666716337204
et,1.02,C10,C10B,.1666666716337204
fi,1.04,B27,B27K,.1666666716337204
dx,3.01,B62,B62D,.1666666716337204
hq,1.04,B65,B65C,.1666666716337204
oe,5.06,A21,A21C,.1666666716337204
if,2.11,A47,A47G,.1666666716337204
qf,9,D06,D06P,.1666666716337204
uu,5.06,G01,G01K,.1666666716337204
xq,2.11,B41,B41N,.1666666716337204
ac,2.02,C09,C09C,.1666666716337204
yi,6.03,D04,D04H,.1666666716337204
vx,5.01,A21,A21D,.1666666716337204
ua,6.03,D05,D05C,.1666666716337204
nm,5.02,H05,H05K,.1666666716337204
tc,3.02,B27,B27B,.1666666716337204
tc,3.02,B24,B24B,.1666666716337204
qa,3.01,F01,F01L,.1666666716337204
oi,3.02,G08,G08C,.1666666716337204
ai,2.03,A24,A24B,.1666666716337204
ha,5.03,C09,C09F,.1666666716337204
wc,3.03,A47,A47G,.1666666716337204
tc,3.02,A23,A23C,.1666666716337204
ip,2.07,E04,E04F,.1666666716337204
ex,1.02,B60,B60P,.1666666716337204
ot,6.02,C21,C21D,.1666666716337204
hf,6.03,F16,F16K,.1666666716337204
ja,1.05,F02,F02G,.1666666716337204
dx,3.01,F25,F25D,.1666666716337204
ik,2.11,B62,B62B,.1666666716337204
gu,1.06,B23,B23B,.1666666716337204
vy,3.02,F41,F41C,.1666666716337204
uh,1.03,F16,F16H,.1666666716337204
pz,2.05,G10,G10H,.1666666716337204
id,2.07,D21,D21J,.1666666716337204
rb,2.02,F02,F02B,.1666666716337204
ns,2.01,D01,D01G,.1666666716337204
zm,1.06,C30,C30B,.1666666716337204
dr,1.06,B60,B60H,.1666666716337204
eo,6.02,G01,G01P,.1666666716337204
dx,3.01,B60,B60G,.1666666716337204
wm,5.04,G10,G10C,.1666666716337204
af,4.05,B42,B42D,.1666666716337204
tq,3.02,D06,D06M,.1666666716337204
jb,5.07,F25,F25C,.1666666716337204
yo,3.01,B62,B62K,.1666666716337204
ct,9,C10,C10G,.1666666716337204
om,5.05,B42,B42F,.1666666716337204
vj,5.01,B28,B28C,.1666666716337204
yr,2.01,A41,A41G,.1666666716337204
cl,9,G03,G03B,.1666666716337204
ry,2.03,A45,A45C,.1666666716337204
xw,3.03,B27,B27B,.1666666716337204
cn,5.01,F41,F41B,.1666666716337204
jb,5.07,C09,C09J,.1666666716337204
zk,9,A63,A63J,.1666666716337204
ba,3.02,F17,F17D,.1666666716337204
fs,6.04,A61,A61G,.1666666716337204
qh,2.05,F02,F02D,.1666666716337204
ip,2.07,B60,B60N,.1666666716337204
uf,1.03,C13,C13B,.1666666716337204
ad,4.02,H04,H04S,.1666666716337204
po,1.01,E01,E01C,.1666666716337204
oe,5.06,C06,C06B,.1666666716337204
bm,5.07,C12,C12M,.1666666716337204
zk,9,G11,G11B,.1666666716337204
zk,9,G21,G21C,.1666666716337204
xe,4.01,B61,B61L,.1666666716337204
en,9,H05,H05B,.1666666716337204
xw,3.03,D04,D04C,.1666666716337204
vx,5.01,F41,F41B,.1666666716337204
un,1.03,G10,G10D,.1666666716337204
ox,6.02,D06,D06P,.1666666716337204
yr,2.01,F23,F23K,.1666666716337204
um,3.01,G01,G01M,.1666666716337204
mm,6.01,G07,G07G,.1666666716337204
qq,1.05,F27,F27D,.1666666716337204
fa,2.01,B30,B30B,.1666666716337204
xe,4.01,B28,B28B,.1666666716337204
uk,1.03,B44,B44D,.1666666716337204
qj,2.05,G07,G07F,.1666666716337204
pc,5.02,F25,F25D,.1666666716337204
tc,3.02,A47,A47F,.1666666716337204
ky,1.05,B23,B23P,.1666666716337204
mr,6.01,B23,B23K,.1666666716337204
af,4.05,G09,G09F,.1666666716337204
eq,3.01,C22,C22C,.1666666716337204
pk,2.05,G06,G06N,.1666666716337204
pw,2.06,G10,G10H,.1666666716337204
oe,5.06,A63,A63C,.1666666716337204
vi,5.01,F04,F04C,.1666666716337204
fa,2.01,H04,H04J,.1666666716337204
zq,2.07,C07,C07J,.1666666716337204
up,1.03,H01,H01T,.1666666716337204
lj,3.02,G07,G07C,.1666666716337204
jy,4.05,A42,A42B,.1666666716337204
hy,1.06,B02,B02B,.1666666716337204
uq,5.07,C08,C08J,.1666666716337204
ns,2.01,F23,F23Q,.1666666716337204
we,3.02,D06,D06P,.1666666716337204
ga,3.02,C08,C08C,.1666666716337204
hq,1.04,F22,F22B,.1666666716337204
ns,2.01,B61,B61C,.1666666716337204
ve,3.02,G21,G21C,.1666666716337204
cn,5.01,H04,H04S,.1666666716337204
bu,1.03,B60,B60K,.1666666716337204
zm,1.06,H03,H03B,.1666666716337204
ve,3.02,F21,F21K,.1666666716337204
ga,3.02,B26,B26B,.1666666716337204
bd,1.06,H01,H01M,.1666666716337204
bi,6.01,A23,A23K,.1666666716337204
ve,3.02,C12,C12G,.1666666716337204
cu,1.06,F41,F41A,.1666666716337204
dt,2.03,B63,B63J,.1666666716337204
gc,1.05,B32,B32B,.1666666716337204
cu,1.06,A47,A47D,.1666666716337204
ze,1.06,B32,B32B,.1666666716337204
ew,1.02,A23,A23F,.1666666716337204
un,1.03,H04,H04W,.1666666716337204
dk,5.02,D02,D02J,.1666666716337204
um,3.01,A41,A41H,.1666666716337204
um,3.01,D04,D04H,.1666666716337204
ne,3.03,B06,B06B,.1666666716337204
es,2.02,B64,B64F,.1666666716337204
pw,2.06,H01,H01G,.1666666716337204
aa,1.03,D02,D02G,.1666666716337204
ox,6.02,H01,H01J,.1666666716337204
pc,5.02,A24,A24D,.1666666716337204
kv,1.05,B60,B60Q,.1666666716337204
zr,1.05,G10,G10L,.1666666716337204
uu,5.06,C10,C10B,.1666666716337204
hb,5.03,C09,C09G,.1666666716337204
ah,4.01,G11,G11C,.1666666716337204
rb,2.02,F16,F16P,.1666666716337204
zm,1.06,D03,D03D,.1666666716337204
oa,2.11,D21,D21D,.1666666716337204
wv,3.03,B64,B64G,.1666666716337204
qf,9,G01,G01G,.1666666716337204
km,1.06,A01,A01J,.1666666716337204
ry,2.03,H04,H04S,.1666666716337204
qc,6.02,G01,G01H,.1666666716337204
ry,2.03,B21,B21B,.1666666716337204
qc,6.02,G07,G07F,.1666666716337204
ei,1.04,A01,A01D,.1666666716337204
or,5.09,C09,C09K,.1666666716337204
ea,1.04,B61,B61L,.1666666716337204
xa,5.04,C10,C10G,.1666666716337204
zm,1.06,B22,B22C,.1666666716337204
ep,1.02,F16,F16G,.1666666716337204
bv,5.01,C21,C21B,.1666666716337204
wu,5.04,A47,A47G,.1666666716337204
di,5.02,F27,F27B,.1666666716337204
qk,6.01,F01,F01L,.1666666716337204
ep,1.02,C06,C06B,.1666666716337204
py,3.02,B61,B61L,.1666666716337204
wu,5.04,G10,G10C,.1666666716337204
xa,5.04,C09,C09F,.1666666716337204
ur,1.01,F23,F23J,.1666666716337204
ot,6.02,A62,A62C,.1666666716337204
ue,2.11,G21,G21C,.1666666716337204
lq,3.03,C25,C25C,.1666666716337204
fa,2.01,C13,C13B,.1666666716337204
ii,2.04,F41,F41B,.1666666716337204
ps,5.04,E01,E01C,.1666666716337204
mm,6.01,G01,G01G,.1666666716337204
qe,2.09,G10,G10L,.1666666716337204
my,5.01,B60,B60F,.1666666716337204
yr,2.01,F02,F02N,.1666666716337204
uf,1.03,D04,D04H,.1666666716337204
io,2.07,F24,F24F,.1666666716337204
pw,2.06,H02,H02M,.1666666716337204
ye,2.02,B27,B27B,.1666666716337204
ye,2.02,B23,B23C,.1666666716337204
cu,1.06,A45,A45C,.1666666716337204
ex,1.02,B63,B63C,.1666666716337204
fi,1.04,B28,B28B,.1666666716337204
ai,2.03,E03,E03B,.1666666716337204
aa,1.03,F24,F24H,.1666666716337204
ye,2.02,A41,A41G,.1666666716337204
ye,2.02,A23,A23K,.1666666716337204
de,1.06,G01,G01L,.1666666716337204
pt,3.03,B60,B60W,.166666672565043
qj,2.05,F02,F02B,.1666666734963655
cq,1.06,F03,F03B,.1666666734963655
sd,3.02,A43,A43B,.1666666753590107
mq,6.01,G01,G01B,.1669029872864485
iy,1.06,C08,C08J,.1674783583730459
xq,2.11,A23,A23G,.1675020912662148
ne,3.03,B63,B63C,.1675925962626934
py,3.02,B63,B63C,.1675925962626934
jm,5.04,A61,A61M,.1679945085197687
bk,6.04,A24,A24B,.1683006566017866
ds,3.02,B32,B32B,.16845877841115
ds,3.02,H03,H03F,.1684782616794109
uh,1.03,G01,G01D,.1685025272890925
ja,1.05,B82,B82B,.1686991918832064
mc,1.06,C07,C07J,.1687193498946726
ub,1.03,C13,C13K,.1688094241544604
dx,3.01,E06,E06B,.1688405824825168
ni,3.01,B65,B65B,.1689808524679393
ji,5.01,C12,C12P,.1692982506938279
hy,1.06,C10,C10M,.1693840629886836
wf,1.06,C10,C10M,.1693840629886836
cu,1.06,G01,G01G,.1698412746191025
sa,3.03,C23,C23C,.1700000017881393
qe,2.09,A43,A43B,.170138893648982
ue,2.11,B23,B23P,.1701754436362535
hl,3.03,A23,A23J,.1703463234007359
qq,1.05,G07,G07D,.170370377600193
bu,1.03,G07,G07D,.170370377600193
xw,3.03,C12,C12R,.1704545468091965
fu,5.04,A01,A01G,.1704545468091965
yp,3.02,H04,H04H,.1704545468091965
ji,5.01,C02,C02F,.1704545468091965
il,2.07,C01,C01B,.1706286213593557
ve,3.02,A21,A21D,.1706349230371416
vj,5.01,B81,B81C,.1706989295780659
fa,2.01,H01,H01F,.1707051750272512
lq,3.03,H02,H02K,.170813400298357
ur,1.01,B03,B03B,.1708245817571878
he,5.03,H04,H04W,.1708333361893892
im,2.01,C25,C25D,.1708333385176957
qe,2.09,G01,G01Q,.1708922609686852
da,1.06,G01,G01H,.1709523848257959
aa,1.03,C40,C40B,.170995675958693
ve,3.02,D01,D01F,.1710144975222647
ma,3.02,C25,C25D,.1710526365786791
ec,1.04,B82,B82B,.1710978904739022
dw,1.04,H01,H01C,.1711309580132365
pc,5.02,B81,B81C,.1711538475938141
qg,2.05,G02,G02C,.1711647734045982
qq,1.05,H01,H01T,.1712963012978435
sa,3.03,D04,D04H,.1714285761117935
ot,6.02,B67,B67D,.1714285761117935
ia,3.02,B67,B67D,.1714285761117935
ql,9,A23,A23F,.1714285761117935
oy,9,B67,B67D,.1714285761117935
vm,5.06,A63,A63B,.1714285761117935
pi,1.06,B62,B62D,.1714285761117935
qe,2.09,B62,B62D,.1714285761117935
co,1.06,C01,C01F,.1714743627235293
we,3.02,H03,H03H,.171497589442879
li,3.02,C12,C12Y,.1716666715219617
dq,9,H01,H01P,.1716833934187889
ik,2.11,B66,B66D,.1717171715572476
ix,2.07,G01,G01D,.1717171743512154
xw,3.03,H04,H04Q,.1717171766795218
ra,2.11,A23,A23K,.1720390161499381
rb,2.02,C08,C08F,.1722222287207842
fi,1.04,H02,H02J,.1722943731583655
zd,9,D01,D01D,.1724788658320904
lq,3.03,A23,A23K,.1724806251004338
ry,2.03,F02,F02K,.1726190485060215
im,2.01,D04,D04B,.1726190485060215
ji,5.01,H01,H01Q,.1726190485060215
xw,3.03,A43,A43D,.1726190485060215
xy,1.01,H01,H01F,.1726190526969731
qj,2.05,C07,C07G,.1726190526969731
qc,6.02,E21,E21B,.1726449318230152
hq,1.04,C12,C12R,.1726778699085116
xe,4.01,A61,A61F,.1727207992225885
qq,1.05,G03,G03H,.1727513261139393
uy,1.04,H03,H03D,.1729166717268527
dr,1.06,B30,B30B,.172967778518796
pt,3.03,G01,G01H,.173015876673162
rb,2.02,B60,B60D,.1730769276618958
sd,3.02,G01,G01T,.173076928127557
si,1.05,A01,A01H,.1731032906100154
am,4.01,G01,G01B,.1732026194222271
um,3.01,D01,D01D,.1732456190511584
rb,2.02,A01,A01K,.1732804290950298
cn,5.01,C10,C10M,.1733333384618163
qu,1.06,B66,B66C,.1734234276227653
ei,1.04,G08,G08C,.1734234285540879
tm,3.01,C30,C30B,.1735447091050446
co,1.06,F24,F24F,.1736111119389534
un,1.03,B24,B24B,.1736111119389534
es,2.02,B65,B65F,.1736111119389534
mm,6.01,C30,C30B,.1736111119389534
qu,1.06,B05,B05B,.173611116129905
gy,5.02,C40,C40B,.1736596785485744
ih,2.07,C23,C23G,.1737588699907064
xw,3.03,A61,A61D,.1738095246255398
jy,4.05,D21,D21B,.1738375457935035
ur,1.01,F25,F25B,.1739130485802889
pa,6.02,C12,C12Y,.173941804561764
iu,2.03,G21,G21H,.1740430667996407
eq,3.01,C12,C12P,.1740929712541401
ik,2.11,F24,F24D,.1741071492433548
co,1.06,B64,B64C,.1741293580271304
ia,3.02,C09,C09C,.1742424294352531
qk,6.01,H05,H05B,.1742424294352531
ue,2.11,A47,A47C,.1744047645479441
ni,3.01,D06,D06P,.1744505558162928
ns,2.01,E21,E21C,.1746031772345304
ox,6.02,B21,B21D,.1746031790971756
qc,6.02,B21,B21D,.1746031790971756
yr,2.01,C02,C02F,.1746031800284982
gu,1.06,A45,A45D,.1747311875224113
rt,3.02,G08,G08G,.1747474782168865
ou,1.06,B04,B04B,.1750000007450581
bi,6.01,G01,G01M,.1750000007450581
ih,2.07,G08,G08C,.1750000007450581
uh,1.03,H04,H04Q,.1750000007450581
ij,2.11,F03,F03B,.1750000007450581
he,5.03,C08,C08J,.1750000007450581
ev,1.02,C22,C22B,.1750000007450581
ku,5.07,G10,G10L,.1750000007450581
da,1.06,B41,B41M,.1750000044703484
mc,1.06,G01,G01H,.1750000044703484
kv,1.05,A61,A61L,.1750000054016709
uk,1.03,G01,G01G,.1750796551350504
xw,3.03,C07,C07J,.1752869831398129
es,2.02,B41,B41N,.1753876018337905
rx,3.02,C08,C08L,.1754386015236378
pk,2.05,B09,B09C,.1754807699471712
io,2.07,H01,H01Q,.1755952425301075
po,1.01,F01,F01K,.1758597921580076
bu,1.03,H01,H01T,.1759259309619665
da,1.06,H01,H01C,.1759754177182913
rb,2.02,C07,C07K,.1761242509819567
hl,3.03,A23,A23C,.1761695938184857
pe,5.02,C11,C11C,.1761904815211892
id,2.07,A61,A61H,.176282056607306
sa,3.03,A01,A01C,.176282056607306
da,1.06,A47,A47K,.1764705888926983
wq,5.01,G05,G05B,.1764705888926983
sa,3.03,B09,B09C,.1764705888926983
rt,3.02,A45,A45D,.176870753057301
ue,2.11,C07,C07H,.1770501604769379
pi,1.06,F01,F01K,.1770833358168602
mu,4.01,B65,B65G,.1770833386108279
qa,3.01,B03,B03B,.1770833386108279
wu,5.04,A24,A24B,.1771523430943489
di,5.02,G16,G16H,.1771978083997965
vm,5.06,G06,G06K,.1772946882992983
im,2.01,H02,H02H,.1773049691691995
ia,3.02,F25,F25B,.1774193597957492
hy,1.06,A61,A61G,.1774193597957492
er,1.02,G10,G10K,.1775599140673876
ac,2.02,H04,H04K,.1775641050189734
wh,3.02,G05,G05B,.1776315793395042
zq,2.07,A61,A61Q,.1776515170931816
he,5.03,A01,A01B,.1777777820825577
cn,5.01,H04,H04Q,.1777777820825577
bu,1.03,B24,B24B,.1777777820825577
yo,3.01,G01,G01W,.1777777820825577
vm,5.06,H04,H04R,.1777777820825577
ht,1.06,B81,B81B,.1777777820825577
bv,5.01,H04,H04Q,.1777777820825577
cn,5.01,B60,B60Q,.1777777820825577
mc,1.06,F16,F16K,.1777777820825577
ik,2.11,G04,G04D,.1777777820825577
rx,3.02,G01,G01V,.1777777820825577
hi,5.01,G16,G16H,.1777777820825577
ht,1.06,G01,G01K,.1777777830138803
ac,2.02,D05,D05B,.1777777830138803
ui,1.03,C13,C13K,.1780338007956743
wv,3.03,B82,B82Y,.1780753992497921
oa,2.11,B41,B41D,.1782258071471006
eo,6.02,H03,H03F,.1783826495520771
fs,6.04,C30,C30B,.1784478388726711
et,1.02,F22,F22B,.1784946285188198
un,1.03,C10,C10C,.178571430966258
zr,1.05,F25,F25B,.1785714337602258
jb,5.07,A23,A23G,.1785714337602258
kv,1.05,C02,C02F,.1785714337602258
en,9,G01,G01N,.1785714337602258
ry,2.03,F17,F17D,.1785714365541935
qq,1.05,H05,H05F,.1785714365541935
il,2.07,B64,B64D,.1785714365541935
iu,2.03,H05,H05F,.1785714365541935
ja,1.05,H05,H05F,.1785714365541935
ur,1.01,C25,C25D,.1786385914310813
we,3.02,C09,C09J,.1787784732878208
pi,1.06,A23,A23G,.1787878833711147
pw,2.06,H05,H05H,.1787915492895991
un,1.03,H03,H03D,.1788617931306362
sd,3.02,A21,A21D,.1788617931306362
pz,2.05,H02,H02S,.1788617931306362
eo,6.02,C10,C10G,.1788888941518962
ih,2.07,A01,A01C,.1789865829050541
cu,1.06,G01,G01P,.1791666680946946
iu,2.03,B62,B62M,.1791666708886623
hb,5.03,B65,B65G,.1791666718199849
ji,5.01,A63,A63H,.1791666718199849
ih,2.07,B05,B05B,.1792635666206479
ex,1.02,C07,C07B,.1794871846213937
rx,3.02,C11,C11D,.1794871846213937
fu,5.04,G08,G08B,.1794871846213937
cl,9,B01,B01L,.1794871855527163
mw,5.09,G09,G09G,.1800000052899122
fi,1.04,D21,D21C,.1800000052899122
uy,1.04,H02,H02M,.1800653645768762
ig,2.06,A23,A23C,.1801242288202047
ot,6.02,B82,B82Y,.1801282092928886
ui,1.03,B23,B23Q,.1801470592617989
hb,5.03,B23,B23Q,.1801470592617989
ur,1.01,B28,B28D,.1801801854744554
uu,5.06,G05,G05F,.1801801854744554
uf,1.03,B81,B81B,.1803470812737942
aa,1.03,B66,B66C,.1803955500945449
ps,5.04,A23,A23G,.1805555559694767
pn,1.01,E04,E04C,.1805555559694767
ih,2.07,G16,G16H,.1805555559694767
cl,9,H01,H01T,.1805555559694767
rt,3.02,F26,F26B,.1805555559694767
ij,2.11,G01,G01W,.1805555559694767
lj,3.02,A43,A43B,.1805555559694767
pq,1.01,B22,B22F,.1805555606260896
bd,1.06,B32,B32B,.1805555606260896
aq,3.02,G08,G08B,.1805555606260896
yp,3.02,A61,A61H,.1808169311843812
po,1.01,B25,B25J,.180819827131927
jm,5.04,C12,C12N,.1808594220783561
dy,1.04,D06,D06B,.1809523850679398
gy,5.02,C12,C12Y,.1810001959092915
cu,1.06,F02,F02D,.1810344876721501
qg,2.05,F15,F15C,.1811728402972221
ec,1.04,G03,G03H,.1812500022351742
un,1.03,B29,B29D,.1812500022351742
jy,4.05,G01,G01C,.1813725540414453
jo,5.04,C07,C07H,.1813725540414453
oi,3.02,H01,H01M,.1813756674528122
ga,3.02,C40,C40B,.1814868091605604
uk,1.03,B22,B22C,.1815476231276989
ig,2.06,A47,A47L,.1817553085274994
si,1.05,A47,A47J,.1818181872367859
ro,1.07,F16,F16N,.1818181872367859
pf,6.02,B01,B01L,.1818181872367859
po,1.01,B66,B66B,.1818181872367859
ua,6.03,B30,B30B,.1818181872367859
qh,2.05,G07,G07C,.1818181872367859
sd,3.02,C03,C03B,.1818181872367859
uk,1.03,B21,B21H,.1818181872367859
oz,6.02,A45,A45F,.1818181872367859
we,3.02,B06,B06B,.1818181872367859
vi,5.01,G07,G07D,.1820370368659496
ah,4.01,C40,C40B,.1820386089384556
ct,9,C03,C03C,.1821862384676933
ex,1.02,H01,H01C,.1822916716337204
um,3.01,F04,F04B,.1822916716337204
mr,6.01,C12,C12P,.1822916716337204
xy,1.01,A61,A61H,.1822916716337204
ct,9,C09,C09J,.1823671534657478
su,3.02,H03,H03K,.1824836637824774
qa,3.01,H02,H02K,.1824894568417221
cn,5.01,A01,A01H,.1825396865606308
iq,2.02,B27,B27G,.1825396865606308
sa,3.03,F01,F01N,.1825396865606308
rb,2.02,E05,E05F,.1825396884232759
fu,5.04,B82,B82Y,.1826820843853056
es,2.02,E02,E02F,.1826923098415136
zc,4.03,H01,H01F,.1826923098415136
ee,1.04,B27,B27N,.1827957034111023
ve,3.02,A45,A45D,.1827957034111023
ia,3.02,A23,A23F,.1828054343350232
za,3.02,A23,A23J,.182905986905098
bf,5.04,H05,H05B,.1830601133406162
dm,3.02,C25,C25F,.1831932826898992
cl,9,C08,C08J,.1833333345130086
ep,1.02,E04,E04H,.1833333373069763
ex,1.02,E04,E04H,.1833333373069763
zr,1.05,E04,E04F,.1833333373069763
gc,1.05,B64,B64D,.1833333373069763
ji,5.01,G01,G01F,.1833333373069763
pu,2.03,B60,B60J,.1833333373069763
ev,1.02,A23,A23D,.1833333373069763
ei,1.04,B33,B33Y,.1833333373069763
dw,1.04,B25,B25G,.1833333373069763
ue,2.11,A23,A23D,.1833333373069763
xq,2.11,F17,F17D,.1833333373069763
pk,2.05,B66,B66C,.1833333373069763
dy,1.04,F03,F03H,.1833333373069763
ur,1.01,C06,C06B,.1833333373069763
zk,9,B29,B29C,.1833333373069763
ns,2.01,F16,F16N,.1833333373069763
ur,1.01,F01,F01K,.1833333373069763
ev,1.02,D21,D21G,.1833333373069763
uy,1.04,G06,G06E,.1833333391696215
qq,1.05,F17,F17D,.1833333391696215
cu,1.06,D06,D06P,.1833333391696215
es,2.02,D06,D06H,.1833333410322666
xw,3.03,E05,E05D,.1833333428949118
ct,9,A23,A23L,.1837170016951859
ea,1.04,C14,C14C,.1838235296308994
pw,2.06,A41,A41D,.1839080508798361
pq,1.01,G07,G07B,.1839826889336109
ei,1.04,C12,C12G,.1840277798473835
sy,1.03,B66,B66F,.1840277817100286
ba,3.02,C09,C09B,.1841269927099347
am,4.01,D01,D01D,.1842592600733042
de,1.06,D01,D01D,.1842592600733042
ae,4.05,C22,C22B,.1845238134264946
qa,3.01,B24,B24C,.1845238152891397
fi,1.04,D06,D06P,.1845238171517849
op,3.03,G02,G02B,.1845711823552847
ae,4.05,G21,G21F,.1846405258402228
ju,4.01,E01,E01F,.1847826121374965
ye,2.02,A21,A21D,.1848141741938889
ry,2.03,C40,C40B,.1848655734211206
da,1.06,B26,B26D,.1849169135093689
ev,1.02,A45,A45D,.1852258881554008
uf,1.03,G16,G16H,.1853174660354853
di,5.02,F15,F15B,.1854296140372753
yp,3.02,G06,G06N,.1855072502512485
iy,1.06,B09,B09C,.1855158740654588
td,3.02,B82,B82Y,.185568090993911
ii,2.04,B82,B82B,.1856551286764443
ue,2.11,A61,A61G,.1857142876833677
pe,5.02,F41,F41G,.1858333349227905
dq,9,C01,C01G,.1858974415808916
gm,3.03,A23,A23D,.1858974415808916
qe,2.09,F26,F26B,.1858974415808916
hy,1.06,C03,C03C,.1858974415808916
yo,3.01,B03,B03B,.1858974415808916
up,1.03,G09,G09G,.1860119104385376
pm,2.05,B41,B41D,.1860215060878545
ev,1.02,G09,G09C,.1861111167818308
qf,9,C12,C12P,.1861111167818308
ur,1.01,C03,C03C,.1862745154649019
yr,2.01,G09,G09F,.1862745154649019
bq,6.05,C07,C07B,.1866666711866856
sd,3.02,B25,B25J,.186868691816926
qu,1.06,D21,D21B,.1870564764831215
wc,3.03,C07,C07F,.1871031769551337
mc,1.06,H01,H01M,.1872375328093767
qa,3.01,B22,B22F,.187287786975503
db,2.08,G06,G06G,.1875
wf,1.06,A23,A23C,.1875
vj,5.01,A23,A23C,.1875
ig,2.06,B60,B60C,.1875
ji,5.01,C07,C07C,.1875
uf,1.03,F23,F23L,.1875
pc,5.02,G07,G07G,.1875
ve,3.02,B61,B61G,.1875
oo,3.03,G05,G05B,.1875
xq,2.11,F16,F16L,.1875
am,4.01,C12,C12J,.1875
ru,3.01,B61,B61G,.1875
ec,1.04,C12,C12H,.1875
yq,5.07,G10,G10K,.1875000037252903
qf,9,C08,C08H,.1875000055879354
ih,2.07,H03,H03F,.1875000055879354
pt,3.03,H02,H02P,.1875000055879354
pn,1.01,A63,A63H,.1878205193206668
ra,2.11,G01,G01V,.1878342302516103
db,2.08,B21,B21F,.1878472305834293
zd,9,H03,H03F,.1879117274656892
gc,1.05,B65,B65B,.1879432667046785
su,3.02,C40,C40B,.1881108768284321
oa,2.11,D02,D02G,.1882034693844616
pt,3.03,C25,C25D,.1882591145113111
fa,2.01,G09,G09F,.1884058024734259
fe,5.05,C12,C12Q,.1884911428205669
da,1.06,B82,B82B,.1886139165144414
wm,5.04,C12,C12M,.1887112418189645
yr,2.01,C01,C01B,.1888143424876034
cq,1.06,A45,A45C,.1888888943940401
qj,2.05,B08,B08B,.1888888943940401
ns,2.01,F03,F03D,.1888888943940401
yo,3.01,H01,H01S,.1888888943940401
pn,1.01,E03,E03F,.1888888943940401
dr,1.06,A45,A45C,.1888888943940401
sr,2.07,H02,H02K,.1890211720019579
pz,2.05,C11,C11B,.1890331916511059
rt,3.02,B64,B64C,.1890547308139503
km,1.06,G07,G07B,.1892764139920473
zr,1.05,D04,D04H,.1893939450383186
ue,2.11,D21,D21F,.1893939450383186
db,2.08,F02,F02K,.1893939450383186
ze,1.06,C23,C23C,.1895161271095276
am,4.01,B08,B08B,.1895833411253989
un,1.03,G08,G08B,.1896121390163898
ad,4.02,C07,C07J,.1897616973146796
im,2.01,F17,F17C,.189814817160368
yo,3.01,B07,B07C,.1898148190230131
ht,1.06,A23,A23K,.1899250459391624
le,1.05,C25,C25B,.1899458887055516
ze,1.06,G07,G07F,.1902958191931248
om,5.05,B42,B42D,.1904761958867311
ye,2.02,E02,E02B,.1904761958867311
yo,3.01,B29,B29B,.1904761977493763
ff,3.02,A01,A01K,.1904762014746666
ur,1.01,C03,C03B,.1906349267810583
bf,5.04,H02,H02P,.1909090951085091
bf,5.04,G01,G01P,.1909090951085091
rz,3.03,A01,A01D,.1909090951085091
bq,6.05,G10,G10G,.1909090951085091
cq,1.06,F23,F23C,.1909722266718745
co,1.06,F02,F02C,.1909722278360277
ik,2.11,C01,C01G,.1910364180803299
bk,6.04,G03,G03B,.1913082441315055
ya,3.02,A22,A22B,.1913580261170864
qu,1.06,A23,A23P,.1915201172232628
eu,2.02,G08,G08B,.1915322635322809
pw,2.06,C03,C03C,.1915353732183576
po,1.01,B42,B42D,.1915367981418967
re,1.05,C12,C12R,.1915584467351437
de,1.06,B03,B03C,.1915786359459162
en,9,B32,B32B,.1916666701436043
dm,3.02,A45,A45C,.1916666701436043
ep,1.02,F02,F02P,.1916666701436043
zq,2.07,A61,A61N,.1916666701436043
yp,3.02,H04,H04K,.1916666701436043
ka,4.01,G08,G08B,.1916666701436043
rb,2.02,F02,F02P,.1916666701436043
ka,4.01,E04,E04H,.1916666720062494
ra,2.11,C22,C22F,.1916666720062494
uh,1.03,H04,H04J,.1916666757315397
ka,4.01,A01,A01K,.1918831206858158
hy,1.06,G01,G01K,.1919065709225833
ki,3.02,G01,G01T,.1919191954657435
iy,1.06,C40,C40B,.1919745847117156
uq,5.07,A61,A61N,.1921449899673462
tm,3.01,F28,F28F,.192307697609067
gc,1.05,F02,F02C,.1923076994717121
ds,3.02,B65,B65B,.1924767203163356
ev,1.02,A24,A24B,.1925451140850782
bd,1.06,A61,A61B,.1925874697044492
en,9,G06,G06N,.1927359020337462
rt,3.02,B29,B29D,.1927609480917454
ea,1.04,B03,B03D,.1928571499884129
dr,1.06,H02,H02N,.1929012350738049
ec,1.04,B81,B81C,.1929044015705585
pn,1.01,C07,C07B,.1929824613034725
js,6.04,H01,H01J,.1929870182648301
lj,3.02,G01,G01R,.1931372592225671
qe,2.09,A01,A01G,.1931547671556473
ij,2.11,D01,D01D,.1932980641722679
ea,1.04,B63,B63B,.193333338946104
pt,3.03,H03,H03H,.1934700272977352
cu,1.06,E03,E03B,.193676607683301
tm,3.01,G05,G05D,.1936936993151903
rx,3.02,H04,H04B,.1938653853721917
we,3.02,B65,B65B,.1941244285553694
qe,2.09,G05,G05D,.1941941995173693
hq,1.04,B82,B82B,.1942394955549389
qe,2.09,B25,B25J,.1942965073976666
ma,3.02,H05,H05H,.1942982487380505
td,3.02,C08,C08H,.1943493150174618
pm,2.05,G04,G04C,.1944444477558136
tm,3.01,D01,D01F,.1944444477558136
po,1.01,F28,F28D,.1944444477558136
et,1.02,G06,G06J,.1944444477558136
ht,1.06,B24,B24B,.1944444477558136
qj,2.05,E04,E04B,.1944444477558136
ni,3.01,C06,C06D,.1944444477558136
fs,6.04,G08,G08C,.1944444477558136
ih,2.07,F28,F28C,.1944444477558136
hl,3.03,A47,A47G,.1944444477558136
ql,9,H04,H04J,.1944444477558136
qe,2.09,F16,F16D,.1944444477558136
ah,4.01,A23,A23N,.1944444477558136
ns,2.01,B60,B60L,.1944444477558136
nn,3.03,C09,C09J,.1944444477558136
ns,2.01,G04,G04C,.1944444477558136
ex,1.02,F03,F03B,.1944444477558136
ya,3.02,C06,C06D,.1944444477558136
zq,2.07,B07,B07B,.1944444477558136
yr,2.01,C03,C03B,.1944444477558136
qa,3.01,C01,C01F,.1944444477558136
bi,6.01,B08,B08B,.1944444477558136
yp,3.02,C06,C06D,.1944444477558136
ns,2.01,H02,H02G,.1944444477558136
sa,3.03,D21,D21C,.1944444496184587
jy,4.05,G03,G03H,.1944444496184587
td,3.02,B23,B23K,.1944444496184587
kv,1.05,G01,G01J,.1944444496184587
bu,1.03,B65,B65B,.1944444496184587
up,1.03,F25,F25B,.1944444496184587
pz,2.05,G21,G21G,.1944444496184587
le,1.05,B65,B65B,.1944444496184587
ew,1.02,A01,A01B,.1944444496184587
uh,1.03,A23,A23C,.1944444496184587
ue,2.11,G10,G10G,.1944444496184587
ip,2.07,F23,F23G,.1944444496184587
ih,2.07,F04,F04B,.1945922039449215
ti,9,G06,G06T,.1946778725832701
ah,4.01,A61,A61J,.1948215244337916
gu,1.06,H02,H02M,.1952342111617327
dt,2.03,B23,B23B,.1952381003648043
dt,2.03,B23,B23C,.1952381003648043
ue,2.11,F16,F16H,.1952381003648043
zq,2.07,H01,H01F,.1952381040900946
ep,1.02,A01,A01H,.1954088509082794
ig,2.06,A45,A45F,.1955359578132629
uk,1.03,C05,C05G,.1957070762291551
er,1.02,G01,G01G,.1957602351903915
ye,2.02,C08,C08B,.1957671977579594
iu,2.03,C07,C07B,.1958333346992731
if,2.11,C12,C12R,.1958333346992731
tu,3.01,C05,C05C,.1958333356305957
co,1.06,A46,A46B,.1958333365619183
pq,1.01,C11,C11B,.1959596006199718
mc,1.06,C08,C08J,.196017321315594
ja,1.05,G08,G08C,.1960317469201982
qu,1.06,A47,A47K,.196078434586525
om,5.05,C11,C11C,.1960784364491701
wf,1.06,C04,C04B,.1960784364491701
ht,1.06,C09,C09K,.1960784373804927
id,2.07,H01,H01K,.1962962988764048
mc,1.06,C12,C12Y,.1963286203099415
bi,6.01,C30,C30B,.1964285746216774
uf,1.03,F02,F02M,.1964285746216774
ja,1.05,B63,B63H,.1964285746216774
hl,3.03,G01,G01F,.1964285746216774
cu,1.06,C12,C12G,.1964285746216774
xw,3.03,E04,E04H,.1964285746216774
aa,1.03,B63,B63H,.1964285746216774
bq,6.05,B64,B64F,.1964285746216774
iy,1.06,H01,H01R,.1964285746216774
tc,3.02,G03,G03F,.1964285746216774
si,1.05,G04,G04G,.1964285746216774
da,1.06,B23,B23P,.1965390257537365
ei,1.04,G05,G05F,.1965704299509525
io,2.07,B25,B25J,.1965838549658656
es,2.02,F15,F15C,.1966414153575897
ex,1.02,B23,B23H,.1967400358989835
ep,1.02,B06,B06B,.1967532504349947
ah,4.01,C13,C13B,.1969697028398514
pc,5.02,B29,B29B,.1969697028398514
ik,2.11,H04,H04K,.1969697028398514
sd,3.02,H01,H01B,.1969697028398514
yu,3.03,G06,G06T,.197149402461946
gy,5.02,G01,G01H,.1972222253680229
cu,1.06,B81,B81B,.1972583015449345
le,1.05,C01,C01D,.1974206361919641
ai,2.03,A23,A23G,.1974206361919641
uk,1.03,A01,A01C,.1975710177794099
oi,3.02,C12,C12R,.1977272741496563
xe,4.01,B08,B08B,.1978260949254036
uf,1.03,H03,H03D,.1978658512234688
hf,6.03,D06,D06P,.1979166716337204
bu,1.03,G03,G03H,.1979166716337204
pm,2.05,B66,B66F,.1979166716337204
oe,5.06,B64,B64D,.1979166716337204
hf,6.03,C09,C09K,.1980392197147012
tq,3.02,B04,B04B,.1981284487992525
mw,5.09,G11,G11C,.1982142888009548
xq,2.11,G06,G06G,.1982323285192251
vp,3.03,C07,C07D,.1984127052128315
op,3.03,B01,B01F,.1986083220690489
td,3.02,B01,B01L,.1991104790940881
pz,2.05,C12,C12M,.1992200398817658
pi,1.06,C22,C22B,.1992424298077822
fi,1.04,B81,B81B,.1993059646338224
si,1.05,C11,C11B,.1993234427645802
ik,2.11,D21,D21G,.1994623690843582
qf,9,F42,F42B,.1994709009304643
sr,2.07,G01,G01Q,.1995726568857208
ei,1.04,F28,F28C,.1997126429341733
ig,2.06,B60,B60Q,.199910843744874
dx,3.01,D01,D01D,.2000000011175871
de,1.06,G08,G08B,.2000000011175871
nq,5.01,B25,B25F,.2000000029802322
xy,1.01,C08,C08K,.2000000029802322
yi,6.03,F03,F03H,.2000000029802322
ut,6.02,C21,C21B,.2000000029802322
mc,1.06,B62,B62B,.2000000029802322
qu,1.06,F02,F02C,.2000000029802322
bu,1.03,A22,A22B,.2000000029802322
rp,6.04,C12,C12H,.2000000029802322
ix,2.07,C22,C22B,.2000000029802322
xa,5.04,F01,F01M,.2000000029802322
qa,3.01,B64,B64D,.2000000029802322
ja,1.05,B44,B44C,.2000000029802322
eu,2.02,F41,F41C,.2000000029802322
vp,3.03,G02,G02B,.2000000029802322
zc,4.03,G21,G21C,.2000000029802322
or,5.09,B22,B22F,.2000000029802322
bv,5.01,A01,A01H,.2000000029802322
az,3.02,C08,C08B,.2000000029802322
cq,1.06,G03,G03D,.2000000029802322
vp,3.03,A61,A61F,.2000000029802322
jy,4.05,B60,B60G,.2000000029802322
ry,2.03,G07,G07G,.2000000029802322
ep,1.02,A44,A44C,.2000000029802322
oe,5.06,F01,F01D,.2000000029802322
op,3.03,H01,H01S,.2000000029802322
iy,1.06,B25,B25J,.2000000029802322
xy,1.01,B66,B66B,.2000000029802322
pz,2.05,A61,A61H,.2000000029802322
uy,1.04,G06,G06M,.2000000029802322
cu,1.06,G06,G06J,.2000000029802322
wh,3.02,C09,C09G,.2000000029802322
hy,1.06,D06,D06M,.2000000029802322
le,1.05,D06,D06F,.2000000029802322
az,3.02,A61,A61J,.2000000029802322
km,1.06,G04,G04D,.2000000029802322
rq,1.06,F16,F16C,.2000000029802322
im,2.01,B26,B26D,.2000000029802322
qa,3.01,F24,F24F,.2000000029802322
py,3.02,F23,F23G,.2000000029802322
pf,6.02,A23,A23G,.2000000029802322
le,1.05,A47,A47G,.2000000029802322
dy,1.04,E03,E03B,.2000000029802322
fs,6.04,C21,C21C,.2000000029802322
ec,1.04,F25,F25D,.2000000029802322
iq,2.02,F21,F21L,.2000000029802322
ix,2.07,B65,B65D,.2000000029802322
xw,3.03,B23,B23H,.2000000029802322
op,3.03,A63,A63H,.2000000029802322
de,1.06,G01,G01W,.2000000029802322
ro,1.07,F01,F01P,.2000000029802322
hq,1.04,A45,A45D,.2000000029802322
qf,9,F23,F23D,.2000000029802322
py,3.02,C05,C05G,.2000000029802322
ku,5.07,H01,H01F,.2000000029802322
co,1.06,B23,B23P,.2000000029802322
ij,2.11,C07,C07J,.2000000029802322
bq,6.05,A22,A22B,.2000000029802322
bv,5.01,G03,G03B,.2000000029802322
ut,6.02,G01,G01M,.2000000029802322
jb,5.07,D21,D21F,.2000000029802322
xy,1.01,B23,B23P,.2000000029802322
af,4.05,G21,G21F,.2000000029802322
ne,3.03,F01,F01P,.2000000029802322
ku,5.07,D21,D21F,.2000000029802322
dm,3.02,F03,F03B,.2000000029802322
ui,1.03,C23,C23G,.2000000029802322
my,5.01,H03,H03H,.2000000029802322
db,2.08,F17,F17D,.2000000029802322
hf,6.03,B65,B65B,.2000000029802322
cn,5.01,D21,D21F,.2000000029802322
ji,5.01,H03,H03F,.2000000029802322
dw,1.04,F41,F41G,.2000000029802322
qk,6.01,C23,C23C,.2000000029802322
ga,3.02,B21,B21D,.2000000029802322
xw,3.03,F01,F01B,.2000000029802322
bi,6.01,F41,F41G,.2000000029802322
cn,5.01,B23,B23K,.2000000029802322
ct,9,B60,B60K,.2000000029802322
da,1.06,B24,B24B,.2000000029802322
lj,3.02,B62,B62M,.2000000029802322
nq,5.01,B65,B65D,.2000000029802322
oa,2.11,G06,G06M,.2000000029802322
de,1.06,F21,F21L,.2000000029802322
qk,6.01,C11,C11B,.2000000029802322
or,5.09,B60,B60B,.2000000029802322
sr,2.07,A22,A22B,.2000000029802322
rz,3.03,F15,F15B,.2000000029802322
zr,1.05,B41,B41N,.2000000029802322
pa,6.02,C08,C08C,.2000000029802322
ku,5.07,C21,C21D,.2000000029802322
vx,5.01,F02,F02B,.2000000029802322
yg,6.04,A63,A63C,.2000000029802322
qq,1.05,G09,G09F,.2000000029802322
ii,2.04,F21,F21K,.2000000029802322
oz,6.02,G21,G21K,.2000000029802322
cu,1.06,E04,E04C,.2000000029802322
lj,3.02,E01,E01C,.2000000029802322
ro,1.07,A47,A47D,.2000000029802322
db,2.08,B62,B62B,.2000000029802322
bm,5.07,E05,E05B,.2000000029802322
qa,3.01,C10,C10M,.2000000029802322
ct,9,B81,B81B,.2000000029802322
dw,1.04,G10,G10D,.2000000029802322
ji,5.01,G05,G05F,.2000000029802322
ei,1.04,H05,H05F,.2000000029802322
jy,4.05,F04,F04D,.2000000029802322
ut,6.02,H01,H01B,.2000000029802322
ka,4.01,E06,E06B,.2000000029802322
yg,6.04,C09,C09C,.2000000029802322
ji,5.01,B65,B65B,.2000000029802322
py,3.02,A21,A21B,.2000000029802322
ec,1.04,A63,A63H,.2000000029802322
fy,3.02,G10,G10H,.2000000029802322
po,1.01,G01,G01Q,.2000000029802322
bv,5.01,G21,G21C,.2000000029802322
ku,5.07,C08,C08C,.2000000029802322
ze,1.06,C10,C10M,.2000000029802322
ex,1.02,F01,F01B,.2000000029802322
ru,3.01,G06,G06J,.2000000029802322
dw,1.04,B63,B63G,.2000000029802322
my,5.01,C30,C30B,.2000000029802322
li,3.02,B62,B62M,.2000000029802322
js,6.04,F42,F42B,.2000000029802322
bi,6.01,F25,F25B,.2000000029802322
vi,5.01,B62,B62M,.2000000029802322
ph,6.02,F16,F16C,.2000000029802322
ue,2.11,F25,F25D,.2000000029802322
iu,2.03,G10,G10D,.2000000029802322
ky,1.05,B60,B60C,.2000000029802322
ig,2.06,F23,F23G,.2000000029802322
co,1.06,G03,G03D,.2000000029802322
fi,1.04,F16,F16L,.2000000029802322
qq,1.05,F04,F04C,.2000000029802322
pu,2.03,F22,F22G,.2000000029802322
vp,3.03,G06,G06T,.2000000029802322
jm,5.04,C01,C01B,.2000000029802322
gu,1.06,C08,C08C,.2000000029802322
eq,3.01,G03,G03B,.2000000029802322
gy,5.02,B67,B67D,.2000000029802322
aa,1.03,C12,C12G,.2000000029802322
sa,3.03,B65,B65H,.2000000029802322
ne,3.03,G04,G04C,.2000000029802322
jy,4.05,F16,F16J,.2000000029802322
il,2.07,B65,B65D,.2000000029802322
pq,1.01,C01,C01D,.2000000029802322
uh,1.03,F24,F24S,.2000000029802322
es,2.02,F01,F01B,.2000000029802322
ut,6.02,E04,E04B,.2000000029802322
sr,2.07,F01,F01N,.2000000029802322
bv,5.01,D06,D06M,.2000000029802322
li,3.02,E01,E01C,.2000000029802322
gm,3.03,A61,A61J,.2000000029802322
ix,2.07,C08,C08J,.2000000029802322
yq,5.07,G03,G03B,.2000000029802322
jm,5.04,C22,C22B,.2000000029802322
rz,3.03,G01,G01T,.2000000029802322
ne,3.03,A41,A41G,.2000000029802322
li,3.02,H02,H02G,.2000000029802322
ai,2.03,F24,F24C,.2000000029802322
rb,2.02,E02,E02B,.2000000029802322
jm,5.04,A23,A23G,.2000000029802322
sa,3.03,A01,A01F,.2000000029802322
uu,5.06,G03,G03H,.2000000029802322
pw,2.06,G07,G07B,.2000000029802322
ai,2.03,F21,F21L,.2000000029802322
fs,6.04,C07,C07H,.2000000029802322
ru,3.01,G21,G21C,.2000000029802322
lj,3.02,H01,H01Q,.2000000029802322
yg,6.04,H01,H01C,.2000000029802322
vy,3.02,F25,F25D,.2000000029802322
vm,5.06,C08,C08G,.2000000029802322
ig,2.06,G07,G07B,.2000000029802322
ji,5.01,B03,B03C,.2000000029802322
bq,6.05,F16,F16G,.2000000029802322
qa,3.01,G04,G04C,.2000000029802322
ij,2.11,B25,B25F,.2000000029802322
mm,6.01,G04,G04D,.2000000029802322
iy,1.06,F28,F28D,.2000000029802322
fu,5.04,H01,H01J,.2000000029802322
pn,1.01,F01,F01B,.2000000029802322
ix,2.07,F16,F16H,.2000000029802322
qh,2.05,F15,F15D,.2000000029802322
td,3.02,E04,E04B,.2000000029802322
sr,2.07,C01,C01F,.2000000029802322
hq,1.04,D04,D04B,.2000000029802322
ai,2.03,B21,B21B,.2000000029802322
fe,5.05,H01,H01Q,.2000000029802322
ev,1.02,E06,E06B,.2000000029802322
bf,5.04,F16,F16D,.2000000029802322
dm,3.02,F41,F41H,.2000000029802322
ji,5.01,B25,B25F,.2000000029802322
qu,1.06,B81,B81C,.2000000029802322
iy,1.06,C25,C25B,.2000000029802322
pn,1.01,B23,B23F,.2000000029802322
op,3.03,G09,G09F,.2000000029802322
ni,3.01,G21,G21C,.2000000029802322
eq,3.01,B42,B42D,.2000000029802322
eq,3.01,B62,B62M,.2000000029802322
az,3.02,C22,C22C,.2000000029802322
fs,6.04,B27,B27C,.2000000029802322
vp,3.03,G10,G10L,.2000000029802322
pe,5.02,D21,D21F,.2000000029802322
dm,3.02,G21,G21C,.2000000029802322
xy,1.01,B62,B62B,.2000000029802322
ix,2.07,G21,G21F,.2000000029802322
cq,1.06,G04,G04C,.2000000029802322
ku,5.07,C01,C01F,.2000000029802322
eo,6.02,G08,G08B,.2000000029802322
ep,1.02,F28,F28G,.2000000029802322
ua,6.03,G09,G09B,.2000000029802322
ih,2.07,G09,G09G,.2000000029802322
lj,3.02,F15,F15C,.2000000029802322
ve,3.02,B62,B62M,.2000000029802322
qa,3.01,B23,B23F,.2000000029802322
le,1.05,B26,B26D,.2000000029802322
yo,3.01,F16,F16C,.2000000029802322
wf,1.06,B04,B04B,.2000000029802322
bf,5.04,F01,F01M,.2000000029802322
gy,5.02,B25,B25H,.2000000029802322
xy,1.01,B32,B32B,.2000000029802322
qh,2.05,E01,E01F,.2000000029802322
uf,1.03,A43,A43B,.2000000029802322
az,3.02,G07,G07D,.2000000029802322
uu,5.06,A01,A01F,.2000000029802322
td,3.02,H01,H01H,.2000000029802322
uu,5.06,B66,B66B,.2000000029802322
ha,5.03,F03,F03D,.2000000029802322
sr,2.07,B41,B41N,.2000000029802322
pd,6.02,G06,G06N,.2000000029802322
oe,5.06,F28,F28D,.2000000029802322
td,3.02,H03,H03M,.2000000029802322
si,1.05,C11,C11D,.2000000029802322
oa,2.11,B03,B03D,.2000000029802322
zq,2.07,D06,D06N,.2000000029802322
po,1.01,B23,B23B,.2000000029802322
mq,6.01,B65,B65B,.2000000029802322
su,3.02,G10,G10K,.2000000029802322
qk,6.01,H01,H01S,.2000000029802322
qq,1.05,E04,E04C,.2000000029802322
zd,9,G07,G07G,.2000000029802322
gc,1.05,F24,F24C,.2000000029802322
if,2.11,F01,F01B,.2000000029802322
jm,5.04,F16,F16D,.2000000029802322
si,1.05,A63,A63H,.2000000029802322
vy,3.02,B23,B23Q,.2000000029802322
rz,3.03,A44,A44C,.2000000029802322
da,1.06,F02,F02B,.2000000029802322
sr,2.07,C08,C08C,.2000000029802322
sr,2.07,F22,F22B,.2000000029802322
if,2.11,B60,B60P,.2000000029802322
ze,1.06,G01,G01S,.2000000029802322
qc,6.02,G02,G02C,.2000000029802322
ry,2.03,B60,B60B,.2000000029802322
ro,1.07,B27,B27C,.2000000029802322
ne,3.03,B24,B24C,.2000000029802322
qq,1.05,G05,G05F,.2000000029802322
my,5.01,A23,A23K,.2000000029802322
ex,1.02,B28,B28B,.2000000029802322
iy,1.06,B65,B65B,.2000000029802322
qk,6.01,H04,H04H,.2000000029802322
de,1.06,E03,E03B,.2000000029802322
gc,1.05,E01,E01C,.2000000029802322
pw,2.06,B08,B08B,.2000000029802322
eq,3.01,A61,A61J,.2000000029802322
bv,5.01,D21,D21F,.2000000029802322
op,3.03,C08,C08K,.2000000029802322
qq,1.05,B44,B44C,.2000000029802322
ns,2.01,F22,F22G,.2000000029802322
cn,5.01,A43,A43D,.2000000029802322
ix,2.07,C10,C10L,.2000000029802322
xy,1.01,C09,C09D,.2000000029802322
hq,1.04,C23,C23D,.2000000029802322
qk,6.01,F41,F41C,.2000000029802322
ti,9,A23,A23G,.2000000029802322
te,1.05,C10,C10J,.2000000029802322
qa,3.01,H03,H03L,.2000000029802322
qf,9,G06,G06M,.2000000029802322
sr,2.07,B28,B28B,.2000000029802322
li,3.02,H01,H01Q,.2000000029802322
om,5.05,B66,B66B,.2000000029802322
ro,1.07,F23,F23R,.2000000029802322
bq,6.05,C05,C05D,.2000000029802322
rb,2.02,F28,F28G,.2000000029802322
dw,1.04,G04,G04D,.2000000029802322
ku,5.07,B22,B22C,.2000000029802322
cu,1.06,F21,F21S,.2000000029802322
eu,2.02,C09,C09G,.2000000029802322
op,3.03,F04,F04D,.2000000029802322
xa,5.04,D21,D21F,.2000000029802322
qq,1.05,B65,B65H,.2000000029802322
hl,3.03,C08,C08K,.2000000029802322
ix,2.07,D06,D06N,.2000000029802322
eo,6.02,H01,H01H,.2000000029802322
ti,9,C05,C05G,.2000000029802322
qg,2.05,E01,E01F,.2000000029802322
ct,9,F24,F24F,.2000000029802322
qe,2.09,B64,B64D,.2000000029802322
om,5.05,B64,B64G,.2000000029802322
ue,2.11,F01,F01N,.2000000029802322
ia,3.02,B26,B26B,.2000000029802322
qq,1.05,A23,A23B,.2000000029802322
ct,9,G01,G01P,.2000000029802322
ji,5.01,B65,B65D,.2000000029802322
fe,5.05,B65,B65D,.2000000029802322
qq,1.05,F24,F24H,.2000000029802322
il,2.07,D06,D06F,.2000000029802322
yq,5.07,H01,H01J,.2000000029802322
gc,1.05,F22,F22B,.2000000029802322
fu,5.04,G03,G03F,.2000000029802322
rp,6.04,C12,C12R,.2000000029802322
bf,5.04,A01,A01C,.2000000029802322
ui,1.03,A41,A41G,.2000000029802322
rz,3.03,F03,F03H,.2000000029802322
oa,2.11,C05,C05G,.2000000029802322
vi,5.01,H03,H03F,.2000000029802322
za,3.02,G07,G07D,.2000000029802322
li,3.02,G03,G03B,.2000000029802322
dr,1.06,B28,B28C,.2000000029802322
sa,3.03,C03,C03C,.2000000029802322
pd,6.02,C12,C12M,.2000000029802322
ku,5.07,B41,B41N,.2000000029802322
vm,5.06,G07,G07B,.2000000029802322
jm,5.04,F01,F01M,.2000000029802322
uf,1.03,F22,F22G,.2000000029802322
ni,3.01,G04,G04C,.2000000029802322
mc,1.06,B23,B23P,.2000000029802322
sr,2.07,C21,C21D,.2000000029802322
nn,3.03,H02,H02J,.2000000029802322
ta,1.06,H05,H05H,.2000000029802322
ha,5.03,B26,B26B,.2000000029802322
gc,1.05,G07,G07B,.2000000029802322
mm,6.01,C13,C13K,.2000000029802322
xa,5.04,C21,C21B,.2000000029802322
ea,1.04,F41,F41G,.2000000029802322
ns,2.01,A24,A24F,.2000000029802322
py,3.02,C22,C22F,.2000000029802322
ki,3.02,F03,F03G,.2000000029802322
or,5.09,G10,G10H,.2000000029802322
zr,1.05,B26,B26D,.2000000029802322
gc,1.05,A22,A22B,.2000000029802322
ec,1.04,C06,C06C,.2000000029802322
cn,5.01,H03,H03F,.2000000029802322
uf,1.03,B23,B23B,.2000000029802322
um,3.01,F41,F41H,.2000000029802322
vx,5.01,B60,B60L,.2000000029802322
co,1.06,B62,B62B,.2000000029802322
eq,3.01,C09,C09C,.2000000029802322
ut,6.02,C10,C10M,.2000000029802322
ut,6.02,A43,A43B,.2000000029802322
zq,2.07,B60,B60C,.2000000029802322
tu,3.01,F16,F16G,.2000000029802322
aa,1.03,C21,C21B,.2000000029802322
gc,1.05,B09,B09B,.2000000029802322
dw,1.04,B27,B27C,.2000000029802322
ja,1.05,B41,B41N,.2000000029802322
ne,3.03,B63,B63J,.2000000029802322
tq,3.02,G05,G05G,.2000000029802322
wf,1.06,B65,B65D,.2000000029802322
yp,3.02,G21,G21C,.2000000029802322
uy,1.04,C06,C06D,.2000000029802322
ze,1.06,G04,G04C,.2000000029802322
az,3.02,C12,C12Y,.2000000029802322
wq,5.01,A63,A63H,.2000000029802322
yy,5.07,D21,D21C,.2000000029802322
ia,3.02,F28,F28F,.2000000029802322
vy,3.02,C03,C03B,.2000000029802322
mq,6.01,H05,H05H,.2000000029802322
eq,3.01,E01,E01C,.2000000029802322
om,5.05,G21,G21K,.2000000029802322
il,2.07,C09,C09J,.2000000029802322
rz,3.03,G08,G08G,.2000000029802322
qq,1.05,A23,A23N,.2000000029802322
za,3.02,D21,D21C,.2000000029802322
ra,2.11,Y02,Y02P,.2000000029802322
dk,5.02,B60,B60K,.2000000029802322
xa,5.04,D01,D01F,.2000000029802322
um,3.01,F02,F02B,.2000000029802322
pt,3.03,F01,F01N,.2000000029802322
sy,1.03,B61,B61K,.2000000029802322
bv,5.01,H02,H02M,.2000000029802322
ue,2.11,E06,E06B,.2000000029802322
jb,5.07,B27,B27K,.2000000029802322
im,2.01,F15,F15B,.2000000029802322
ua,6.03,E01,E01C,.2000000029802322
bf,5.04,D01,D01F,.2000000029802322
te,1.05,C12,C12R,.2000000029802322
bv,5.01,G01,G01B,.2000000029802322
bu,1.03,B41,B41M,.2000000029802322
dk,5.02,D21,D21H,.2000000029802322
wq,5.01,C10,C10G,.2000000029802322
ix,2.07,G03,G03G,.2000000029802322
ad,4.02,G21,G21F,.2000000029802322
pj,2.05,A47,A47L,.2000000029802322
iq,2.02,B27,B27C,.2000000029802322
uh,1.03,B63,B63G,.2000000029802322
vi,5.01,E01,E01C,.2000000029802322
su,3.02,F16,F16L,.2000000029802322
hi,5.01,E02,E02B,.2000000029802322
qq,1.05,A23,A23C,.2000000029802322
wu,5.04,F01,F01M,.2000000029802322
vx,5.01,G21,G21C,.2000000029802322
rp,6.04,C12,C12M,.2000000029802322
ta,1.06,G01,G01H,.2000000029802322
oz,6.02,B07,B07C,.2000000029802322
mq,6.01,E06,E06B,.2000000029802322
if,2.11,A63,A63C,.2000000029802322
zm,1.06,D21,D21F,.2000000029802322
gu,1.06,B41,B41N,.2000000029802322
di,5.02,B29,B29D,.2000000029802322
zc,4.03,B42,B42F,.2000000029802322
er,1.02,E01,E01C,.2000000029802322
ta,1.06,C12,C12P,.2000000029802322
sy,1.03,G06,G06M,.2000000029802322
ka,4.01,F21,F21V,.2000000029802322
nq,5.01,H01,H01H,.2000000029802322
uk,1.03,A21,A21B,.2000000029802322
wv,3.03,D21,D21F,.2000000029802322
ee,1.04,C10,C10J,.2000000029802322
le,1.05,G05,G05F,.2000000029802322
xq,2.11,B21,B21F,.2000000029802322
ue,2.11,B23,B23Q,.2000000029802322
ju,4.01,H04,H04H,.2000000029802322
ai,2.03,E01,E01F,.2000000029802322
bk,6.04,F41,F41C,.2000000029802322
dm,3.02,E02,E02F,.2000000029802322
jb,5.07,B26,B26D,.2000000029802322
jm,5.04,A01,A01N,.2000000029802322
xy,1.01,B60,B60T,.2000000067055225
co,1.06,B63,B63B,.2000000067055225
gy,5.02,A23,A23J,.2000000067055225
yq,5.07,C08,C08F,.2000000067055225
pn,1.01,B33,B33Y,.2000000067055225
hq,1.04,A01,A01J,.2000000067055225
pz,2.05,C05,C05F,.2000000067055225
xa,5.04,H03,H03F,.2000000067055225
po,1.01,B60,B60T,.2000000067055225
sr,2.07,H01,H01G,.2000000085681677
tm,3.01,G07,G07G,.2000000104308128
ta,1.06,A01,A01M,.2000000104308128
fi,1.04,G06,G06E,.2000000104308128
ah,4.01,H04,H04R,.2000000104308128
ni,3.01,G07,G07G,.2000000104308128
uk,1.03,C23,C23D,.2000000104308128
te,1.05,A01,A01K,.2000291422009468
vi,5.01,B01,B01J,.2001082301139832
zc,4.03,C40,C40B,.2001957342145033
yr,2.01,B22,B22F,.2003205185756087
ae,4.05,B82,B82Y,.2005649767816067
ji,5.01,C12,C12Q,.2005864966195077
up,1.03,B64,B64C,.2005952447652817
ay,3.01,G01,G01Q,.2008954030461609
ht,1.06,A23,A23G,.2009259294718504
db,2.08,A47,A47K,.2009803950786591
ry,2.03,C09,C09B,.2009936505928636
wu,5.04,C12,C12M,.2010101042687893
gy,5.02,G03,G03H,.2011494301259518
su,3.02,C23,C23C,.2011494301259518
ig,2.06,F28,F28D,.2011642204597592
ae,4.05,E21,E21B,.2012163605540991
ze,1.06,B60,B60R,.201219504699111
ru,3.01,A23,A23B,.2013257620856166
pk,2.05,G05,G05D,.2013888899236917
ry,2.03,B22,B22C,.2013888899236917
hq,1.04,F23,F23L,.2013888908550143
te,1.05,G01,G01V,.2013888917863369
tu,3.01,B41,B41C,.2013888917863369
pc,5.02,G21,G21D,.2013888917863369
am,4.01,B65,B65G,.2014700630679727
co,1.06,C07,C07G,.2014729678630829
ds,3.02,B25,B25F,.2014989154413342
we,3.02,B25,B25F,.2014989154413342
ig,2.06,B26,B26D,.2015835791826248
ub,1.03,B41,B41D,.2016128986142576
ma,3.02,G08,G08B,.2016941448673606
qg,2.05,B29,B29B,.2018115986138582
po,1.01,C07,C07H,.2018776419572532
ui,1.03,A23,A23C,.2019230797886848
ut,6.02,G08,G08B,.2019230835139751
pd,6.02,C07,C07K,.2019957508891821
ep,1.02,C13,C13B,.2020202055573463
ig,2.06,A24,A24B,.2023809589445591
le,1.05,G03,G03H,.2023809589445591
sr,2.07,E21,E21C,.2023809589445591
ds,3.02,G01,G01M,.2023809589445591
ad,4.02,H04,H04Q,.2023809589445591
nm,5.02,H01,H01J,.2023809589445591
ra,2.11,C25,C25B,.2023809589445591
nm,5.02,B82,B82Y,.2023809589445591
ja,1.05,G21,G21D,.2023809589445591
ew,1.02,B63,B63G,.2023809589445591
pf,6.02,C12,C12P,.2023809589445591
cl,9,B60,B60Q,.2023809589445591
vx,5.01,B01,B01J,.2023809589445591
pj,2.05,C07,C07F,.2023809589445591
qe,2.09,A24,A24B,.2023809589445591
tc,3.02,C12,C12Y,.202528290450573
mu,4.01,C11,C11C,.2027777787297964
xq,2.11,D01,D01D,.2028985526412725
ay,3.01,C40,C40B,.2032614276395179
ni,3.01,A47,A47K,.2034313753247261
zq,2.07,F41,F41H,.2037037052214146
if,2.11,F28,F28C,.2037037052214146
ur,1.01,C22,C22C,.2037037089467049
dt,2.03,E04,E04C,.2037037089467049
lq,3.03,C22,C22C,.2037037089467049
ij,2.11,G21,G21F,.2037037089467049
ah,4.01,C25,C25B,.2037037089467049
oi,3.02,A01,A01H,.2037815158255398
ya,3.02,C11,C11C,.2038507296238095
tq,3.02,C09,C09J,.2041666675359011
py,3.02,C12,C12C,.2041666721925139
tm,3.01,G01,G01V,.2042483696714044
xq,2.11,D21,D21C,.2042878968641162
co,1.06,B23,B23K,.204288232838735
pw,2.06,C11,C11B,.2044888311065733
om,5.05,C07,C07F,.2045607026666403
cu,1.06,F26,F26B,.204613097012043
da,1.06,B60,B60C,.2046948387287557
jb,5.07,A61,A61L,.2047578184865415
ja,1.05,G21,G21B,.2047619083896279
rx,3.02,A01,A01K,.2048972334014252
dq,9,H01,H01B,.2049062112346292
aq,3.02,E21,E21B,.2050724681466818
yp,3.02,C12,C12Y,.2050837273709476
rt,3.02,G21,G21C,.2051282115280628
pj,2.05,H02,H02G,.2051282115280628
li,3.02,C12,C12M,.205194809474051
mc,1.06,H05,H05B,.205208336468786
td,3.02,G08,G08B,.2053763470612466
qq,1.05,H04,H04S,.2054924294352531
im,2.01,C30,C30B,.2055053729563951
ew,1.02,C12,C12Y,.2055105846375227
ea,1.04,G21,G21H,.205555560067296
fy,3.02,C22,C22F,.2056277114897966
wv,3.03,C08,C08K,.2058139564469457
or,5.09,C07,C07F,.2060606125742197
wm,5.04,H03,H03L,.2060897499322891
um,3.01,C12,C12C,.2062500030733645
yq,5.07,A47,A47L,.206265022745356
vs,5.01,C07,C07K,.2062869321089238
xe,4.01,C10,C10G,.2062881626188755
um,3.01,C03,C03C,.2063725544139743
we,3.02,D01,D01F,.2063994035124779
ya,3.02,C25,C25D,.2064393982291222
xe,4.01,G10,G10L,.2065656594932079
ex,1.02,C25,C25B,.2066396465525031
hl,3.03,G08,G08G,.2066798992455006
xw,3.03,F25,F25B,.2067821137607098
ze,1.06,A61,A61D,.206849317997694
ep,1.02,C25,C25B,.2068533198907971
ij,2.11,A01,A01C,.2068872814998031
lj,3.02,A61,A61J,.2069444477092475
nm,5.02,C12,C12N,.2069652443751693
kv,1.05,B01,B01D,.2073507225140929
id,2.07,C09,C09G,.2073529441840947
ns,2.01,G16,G16H,.2074179777409881
ju,4.01,C07,C07J,.2075163414701819
oa,2.11,C11,C11B,.2075757617130876
ip,2.07,A61,A61N,.2075757645070553
ur,1.01,G01,G01M,.208333333954215
aa,1.03,C25,C25D,.2083333358168602
dx,3.01,G01,G01K,.2083333358168602
aa,1.03,A42,A42B,.2083333358168602
qf,9,E04,E04F,.2083333358168602
hf,6.03,F28,F28D,.2083333358168602
ev,1.02,B60,B60S,.2083333358168602
wm,5.04,B27,B27N,.2083333358168602
qh,2.05,F16,F16M,.2083333358168602
ep,1.02,F27,F27B,.2083333358168602
ac,2.02,C09,C09G,.2083333358168602
oo,3.03,F28,F28D,.2083333358168602
ij,2.11,A21,A21D,.2083333358168602
hf,6.03,A23,A23C,.2083333358168602
iy,1.06,B27,B27N,.2083333358168602
nn,3.03,F17,F17C,.2083333358168602
ij,2.11,F25,F25J,.2083333358168602
dt,2.03,F41,F41A,.2083333358168602
dw,1.04,A47,A47F,.2083333358168602
uy,1.04,A23,A23F,.2083333358168602
wv,3.03,F28,F28D,.2083333358168602
if,2.11,F21,F21S,.2083333358168602
io,2.07,F16,F16F,.2083333358168602
wm,5.04,F28,F28D,.2083333358168602
qq,1.05,A62,A62B,.2083333358168602
si,1.05,F16,F16F,.2083333358168602
dx,3.01,B02,B02C,.2083333358168602
im,2.01,H03,H03G,.2083333358168602
oi,3.02,A21,A21D,.2083333358168602
sr,2.07,A47,A47C,.2083333358168602
py,3.02,B29,B29D,.2083333358168602
cl,9,H04,H04K,.2083333358168602
up,1.03,B03,B03C,.2083333358168602
uu,5.06,B27,B27N,.2083333358168602
vx,5.01,B62,B62B,.2083333358168602
aa,1.03,A23,A23K,.2083333358168602
re,1.05,A23,A23L,.2083333358168602
ij,2.11,B03,B03B,.2083333358168602
un,1.03,A24,A24D,.2083333358168602
ii,2.04,F42,F42D,.2083333386108279
ur,1.01,F23,F23M,.2083333386108279
ig,2.06,B63,B63H,.2083333395421505
ye,2.02,F42,F42D,.2083333395421505
wu,5.04,B41,B41F,.2083333395421505
cl,9,A01,A01H,.2083333395421505
qf,9,B63,B63H,.2083333395421505
ot,6.02,H01,H01F,.2083333395421505
ns,2.01,F04,F04C,.2083333395421505
sy,1.03,H02,H02B,.2083333395421505
zq,2.07,F02,F02F,.2083333395421505
yr,2.01,G06,G06G,.2083333395421505
pj,2.05,F04,F04B,.2083333395421505
po,1.01,C12,C12M,.2083333395421505
qe,2.09,G01,G01D,.2083333395421505
iq,2.02,C07,C07J,.2083333395421505
cn,5.01,C12,C12G,.2083333395421505
sd,3.02,H03,H03L,.2083333395421505
re,1.05,F02,F02F,.2083333395421505
ml,9,G05,G05D,.2083333395421505
ze,1.06,B05,B05D,.2083333395421505
dm,3.02,C07,C07G,.2083333395421505
cu,1.06,A42,A42B,.2083333395421505
yr,2.01,F01,F01B,.2083333395421505
wy,5.04,H02,H02M,.2083333395421505
ay,3.01,G06,G06N,.2083603944629431
cn,5.01,G11,G11B,.208523758687079
zk,9,C12,C12Q,.2086203922517598
ya,3.02,D01,D01D,.2088484736159444
ni,3.01,C07,C07B,.208861390594393
en,9,C12,C12N,.2094109244644642
ma,3.02,F24,F24S,.2095238193869591
pw,2.06,C08,C08J,.2095905505120754
sd,3.02,G01,G01J,.2096239407546818
ai,2.03,G21,G21B,.2096885563805699
mc,1.06,H03,H03L,.210101013071835
pz,2.05,B63,B63G,.2101449333131313
ku,5.07,B82,B82Y,.2101449333131313
op,3.03,C06,C06B,.2101449333131313
te,1.05,A61,A61B,.2102040844038129
rx,3.02,G01,G01B,.2102680038660765
le,1.05,C12,C12M,.2103198322001845
si,1.05,A61,A61L,.2105530239641666
wv,3.03,B32,B32B,.2107142880558968
km,1.06,F25,F25D,.210752691142261
ex,1.02,F01,F01N,.2111111134290695
le,1.05,G21,G21C,.2111111134290695
af,4.05,G05,G05D,.2111111134290695
hq,1.04,A01,A01B,.2111111134290695
ki,3.02,A61,A61D,.2111111134290695
qf,9,B42,B42D,.2111111134290695
ga,3.02,D06,D06L,.2111111134290695
ah,4.01,D06,D06L,.2111111134290695
uu,5.06,C08,C08B,.2112794667482376
vy,3.02,G08,G08C,.2114905298221856
up,1.03,H05,H05F,.2115384694188833
qe,2.09,H03,H03L,.2115384694188833
ev,1.02,C22,C22F,.2116858288645744
qh,2.05,F24,F24S,.2117647128179669
ur,1.01,C12,C12P,.2118650104384869
qq,1.05,A01,A01C,.2118998086079955
rx,3.02,G03,G03B,.2119883075356483
pz,2.05,F21,F21K,.2121212147176266
dw,1.04,H03,H03H,.2121212184429169
yi,6.03,C22,C22F,.2121212184429169
ps,5.04,B62,B62D,.2121212184429169
uf,1.03,F04,F04F,.2121212184429169
dw,1.04,A61,A61H,.2121212184429169
ip,2.07,F16,F16B,.2121212184429169
xy,1.01,F16,F16K,.212260540574789
vx,5.01,A23,A23G,.2125000022351742
rb,2.02,C07,C07H,.2128235846757889
mr,6.01,C07,C07C,.2129407115280628
pm,2.05,A01,A01M,.2129629645496607
li,3.02,G01,G01R,.2130952416919172
yo,3.01,G01,G01C,.2132140770554543
ur,1.01,A61,A61C,.21328981872648
vi,5.01,G16,G16H,.2132916697300971
xq,2.11,H04,H04Q,.2134058009833097
xy,1.01,A01,A01K,.2134694438427687
es,2.02,C10,C10M,.2138157906010747
dk,5.02,G01,G01C,.2139328084886074
pe,5.02,H01,H01S,.213951317127794
am,4.01,C03,C03C,.2140746966470033
dt,2.03,A23,A23K,.2141472892835736
dx,3.01,B05,B05B,.2141799163073301
tq,3.02,C12,C12M,.2142277143429965
lq,3.03,G03,G03F,.2142857164144516
yp,3.02,D01,D01F,.2142857182770967
ma,3.02,H01,H01R,.2142857201397419
ja,1.05,F16,F16F,.2142857201397419
ry,2.03,F21,F21K,.2142857201397419
uk,1.03,B64,B64F,.2142857201397419
kv,1.05,A01,A01N,.2142857201397419
ve,3.02,C03,C03B,.2142857201397419
jb,5.07,A23,A23C,.2142857201397419
gy,5.02,E01,E01C,.2142857201397419
nn,3.03,F25,F25B,.2142857201397419
xy,1.01,B24,B24B,.2142857201397419
cn,5.01,C09,C09C,.2142857201397419
tc,3.02,B64,B64C,.2142857201397419
xa,5.04,H02,H02J,.2142857201397419
zq,2.07,G01,G01K,.2142857201397419
ig,2.06,B23,B23H,.2142857201397419
ep,1.02,B27,B27G,.2142857238650322
zd,9,B23,B23H,.2142857238650322
db,2.08,B44,B44D,.2142857238650322
si,1.05,C05,C05G,.2142857238650322
zk,9,E01,E01C,.2142857238650322
km,1.06,C14,C14C,.2142857238650322
wc,3.03,D04,D04H,.2142857238650322
ub,1.03,D06,D06L,.2142857238650322
ad,4.02,F01,F01B,.2142857238650322
wf,1.06,B81,B81C,.2142857238650322
xw,3.03,D04,D04H,.2142857238650322
az,3.02,A41,A41B,.2142857238650322
dk,5.02,C07,C07J,.2143939435482025
hl,3.03,C25,C25C,.2143939454108477
cl,9,C07,C07H,.2143996185623109
fi,1.04,F17,F17C,.2144247177056968
wh,3.02,C08,C08F,.2146236523985863
id,2.07,B24,B24D,.2147058853879571
db,2.08,F15,F15C,.2150868782773614
ku,5.07,H04,H04Q,.2151515185832977
nu,5.08,G21,G21G,.2152777779847383
ei,1.04,H03,H03J,.2152777817100286
vx,5.01,G01,G01P,.2154761981219053
ct,9,G16,G16H,.2156250029802322
qe,2.09,B08,B08B,.2156746066175401
um,3.01,C25,C25D,.2156862812116742
qa,3.01,B04,B04B,.2157029802910984
ui,1.03,A21,A21D,.2159090936183929
sa,3.03,C30,C30B,.2159090936183929
dq,9,G06,G06G,.2159090936183929
ex,1.02,B09,B09C,.2159412819892168
rx,3.02,G01,G01T,.2159461507108063
im,2.01,B60,B60Q,.2162393219769001
cn,5.01,A61,A61J,.2166125562507659
ex,1.02,B28,B28C,.2166666705161333
yg,6.04,C12,C12P,.2166666705161333
da,1.06,G07,G07C,.2166666723787785
ot,6.02,C25,C25B,.2166666723787785
db,2.08,F25,F25C,.2166666723787785
pt,3.03,A63,A63C,.2166666723787785
mc,1.06,A63,A63C,.2166666723787785
oo,3.03,A63,A63F,.2166666723787785
rb,2.02,B62,B62M,.2166666723787785
qh,2.05,D06,D06P,.2166666723787785
ji,5.01,H02,H02N,.2166666723787785
es,2.02,E02,E02B,.2166666723787785
ec,1.04,G01,G01F,.2166666723787785
pn,1.01,A61,A61J,.2166666723787785
rb,2.02,F23,F23N,.2166666723787785
ig,2.06,A45,A45B,.2166666723787785
xe,4.01,H04,H04Q,.2166666723787785
li,3.02,G03,G03F,.2166666761040688
wc,3.03,A01,A01K,.216708374209702
da,1.06,B29,B29D,.2168406308628619
pn,1.01,B66,B66D,.2171717183664441
aq,3.02,C04,C04B,.217171723023057
rz,3.03,A47,A47L,.2172915125265718
dm,3.02,B22,B22F,.2173473052680492
ah,4.01,H05,H05B,.2174603277817369
vx,5.01,G01,G01L,.2175522707402706
io,2.07,C12,C12N,.2177958607207984
nm,5.02,H03,H03K,.2180555574595928
wv,3.03,F21,F21K,.218137257732451
cl,9,F04,F04B,.2183333365246654
yy,5.07,C07,C07D,.2184609267860651
qu,1.06,A47,A47J,.2184615451842546
rq,1.06,H01,H01J,.2184793250635266
uf,1.03,C11,C11D,.2186688361689448
dt,2.03,A01,A01H,.2187140183523297
fu,5.04,C07,C07K,.2187388448510319
cq,1.06,F24,F24H,.21875
ml,9,G07,G07C,.21875
ry,2.03,G09,G09G,.2188717611134052
py,3.02,G06,G06G,.2189542530104518
zq,2.07,H02,H02N,.2190476274117827
oo,3.03,A61,A61M,.2192029049620032
bp,6.04,G16,G16H,.2192982509732246
vx,5.01,D06,D06M,.2196078468114138
vi,5.01,D06,D06M,.2196078468114138
fi,1.04,G05,G05B,.219725510571152
ec,1.04,G01,G01S,.219979302957654
qu,1.06,G02,G02F,.2200772268697619
ec,1.04,G05,G05F,.2202020175755024
co,1.06,B09,B09B,.220363412052393
ec,1.04,C07,C07G,.2204416021704674
dm,3.02,A23,A23N,.2204861119389534
hy,1.06,G01,G01J,.2206262999679893
ia,3.02,G08,G08C,.2207001522183418
rb,2.02,H01,H01P,.2207412908319384
ya,3.02,H03,H03L,.2208333350718021
rq,1.06,A23,A23D,.2208620605524629
qa,3.01,A63,A63G,.221049789339304
zd,9,H01,H01Q,.2210777554428205
ki,3.02,D21,D21H,.2211538515985012
pt,3.03,G07,G07C,.2215277794748545
da,1.06,Y02,Y02A,.2215931210666895
ds,3.02,C12,C12Y,.2216681195423007
fi,1.04,H01,H01P,.2217549216002226
qh,2.05,G06,G06K,.2218065550550818
rt,3.02,A23,A23B,.2221590951085091
km,1.06,B05,B05B,.2221780400723219
ds,3.02,H01,H01P,.2222222238779068
eq,3.01,B64,B64G,.2222222238779068
ki,3.02,C10,C10G,.2222222238779068
hf,6.03,C09,C09J,.2222222238779068
ba,3.02,B26,B26B,.2222222238779068
gy,5.02,C25,C25B,.2222222238779068
ns,2.01,A41,A41D,.2222222238779068
ih,2.07,F24,F24T,.2222222238779068
uf,1.03,C10,C10B,.2222222238779068
hq,1.04,C06,C06D,.2222222238779068
qh,2.05,D21,D21B,.2222222238779068
ex,1.02,E04,E04D,.2222222238779068
uf,1.03,E21,E21C,.2222222238779068
ea,1.04,F01,F01C,.2222222238779068
fy,3.02,A47,A47J,.2222222238779068
ns,2.01,H05,H05F,.2222222238779068
pe,5.02,B33,B33Y,.2222222238779068
qe,2.09,D04,D04C,.2222222238779068
ns,2.01,F23,F23N,.2222222238779068
ka,4.01,C01,C01G,.2222222238779068
ad,4.02,G08,G08B,.2222222238779068
xe,4.01,C13,C13B,.2222222238779068
ip,2.07,F23,F23M,.2222222238779068
qk,6.01,E21,E21B,.2222222238779068
hq,1.04,A01,A01D,.2222222238779068
po,1.01,B21,B21K,.2222222238779068
tu,3.01,H02,H02G,.2222222238779068
qe,2.09,A23,A23F,.2222222238779068
qa,3.01,B65,B65F,.2222222238779068
xw,3.03,A62,A62C,.2222222238779068
re,1.05,G06,G06N,.2222222238779068
yr,2.01,B65,B65F,.2222222238779068
dr,1.06,B65,B65F,.2222222238779068
ae,4.05,D21,D21F,.2222222238779068
cq,1.06,B65,B65F,.2222222238779068
ur,1.01,G21,G21G,.2222222238779068
ea,1.04,E04,E04C,.2222222276031971
dr,1.06,F01,F01L,.2222222276031971
sy,1.03,B65,B65B,.2222222276031971
zr,1.05,C05,C05C,.2222222276031971
ur,1.01,G10,G10H,.2222222276031971
po,1.01,G01,G01W,.2222222276031971
rb,2.02,C10,C10M,.2222222276031971
ky,1.05,C08,C08G,.2222222276031971
ei,1.04,F02,F02P,.2222222276031971
tu,3.01,C12,C12J,.2222222276031971
pu,2.03,D04,D04B,.2222222276031971
ep,1.02,D21,D21F,.2222222276031971
ei,1.04,B64,B64B,.2222222276031971
po,1.01,C03,C03B,.2222222276031971
ei,1.04,B60,B60Q,.2222222276031971
yr,2.01,B02,B02C,.2222222276031971
fi,1.04,C05,C05F,.2222222276031971
we,3.02,E04,E04C,.2222222276031971
gu,1.06,G01,G01W,.2222222276031971
sd,3.02,G03,G03F,.2222222276031971
pw,2.06,G02,G02C,.2222222276031971
es,2.02,A21,A21B,.2222222276031971
ps,5.04,B65,B65D,.2222222276031971
uf,1.03,C12,C12P,.2223121803253889
aa,1.03,A24,A24B,.2227498451247811
pt,3.03,G06,G06G,.2227736990898848
yq,5.07,A01,A01N,.2228260934352875
up,1.03,B29,B29D,.2229166701436043
fs,6.04,C12,C12Q,.2237562704831362
ha,5.03,C12,C12R,.2238562144339085
ac,2.02,G21,G21K,.2238617911934853
hy,1.06,C08,C08J,.2239452823996544
ei,1.04,F04,F04F,.2240259805694222
am,4.01,G21,G21F,.2245098073035479
yr,2.01,F02,F02C,.2246031798422337
po,1.01,A24,A24B,.2249103996437043
ec,1.04,G07,G07D,.2250000014901161
vx,5.01,G07,G07D,.2250000014901161
af,4.05,H04,H04Q,.2250000014901161
uk,1.03,C12,C12G,.2250000014901161
pd,6.02,G01,G01J,.2250000014901161
rq,1.06,A24,A24B,.2250000014901161
pc,5.02,B26,B26B,.2250000014901161
bu,1.03,A23,A23G,.2250000014901161
ji,5.01,B25,B25D,.2250000014901161
vi,5.01,B25,B25D,.2250000014901161
ev,1.02,B62,B62M,.2250000014901161
jy,4.05,A43,A43B,.2250000014901161
ps,5.04,C11,C11B,.2250000014901161
hb,5.03,C22,C22F,.2250000014901161
wm,5.04,C05,C05G,.2250000014901161
ae,4.05,A61,A61F,.2250000014901161
ju,4.01,B63,B63B,.2250000014901161
ig,2.06,D06,D06P,.2250000014901161
ua,6.03,H04,H04S,.2250000014901161
vi,5.01,H04,H04K,.2250000014901161
af,4.05,C08,C08L,.2250000014901161
ya,3.02,H05,H05G,.2250000014901161
ec,1.04,A23,A23G,.2250000014901161
zc,4.03,C25,C25D,.2250000014901161
nq,5.01,B25,B25D,.2250000014901161
il,2.07,C08,C08K,.2250000033527613
re,1.05,C09,C09B,.2250000052154064
vx,5.01,A61,A61J,.225108228623867
qq,1.05,H01,H01C,.2252747341990471
db,2.08,D04,D04B,.2252747341990471
si,1.05,B64,B64B,.2253968305885792
il,2.07,B64,B64B,.2253968305885792
im,2.01,B64,B64B,.2253968305885792
ad,4.02,G06,G06N,.2254902012646198
ei,1.04,B25,B25F,.2254902012646198
de,1.06,F28,F28D,.2254902012646198
pf,6.02,G07,G07B,.2254902012646198
fa,2.01,G01,G01F,.2255747150629759
vj,5.01,E02,E02F,.2256410364061594
cq,1.06,D01,D01B,.2258064448833466
yp,3.02,G01,G01J,.2258249735459685
ht,1.06,D01,D01D,.2258852275554091
im,2.01,A24,A24B,.2259259298443794
mc,1.06,B32,B32B,.2260975632816553
pk,2.05,G08,G08C,.2261904831975698
dy,1.04,B44,B44D,.2261904831975698
ex,1.02,B63,B63G,.226190485060215
um,3.01,G03,G03B,.2263157926499844
bv,5.01,H04,H04R,.2263636386487633
kv,1.05,G08,G08B,.2263888921588659
ma,3.02,F26,F26B,.2264880985021591
hq,1.04,B26,B26B,.2266260078176856
ae,4.05,C25,C25B,.226661488879472
ma,3.02,H03,H03F,.2267316058278084
vy,3.02,B62,B62D,.2267857193946838
vy,3.02,G04,G04F,.2271725255995989
za,3.02,B65,B65B,.2272473494522274
oa,2.11,B25,B25D,.2272727340459824
nm,5.02,A01,A01H,.2273284364491701
sr,2.07,B63,B63C,.2273809630423784
ti,9,C08,C08B,.2274807598441839
cn,5.01,B01,B01L,.2276826519519091
za,3.02,A21,A21D,.2277777809649706
nq,5.01,B01,B01L,.2277777809649706
qq,1.05,C25,C25D,.2277777809649706
qq,1.05,B65,B65B,.2277777809649706
vi,5.01,B01,B01L,.2277777809649706
vy,3.02,G08,G08G,.2277777809649706
db,2.08,C05,C05C,.2277777846902609
ff,3.02,G01,G01C,.2278244700282812
fi,1.04,A21,A21D,.2278591272188351
fy,3.02,A01,A01H,.2279002079740167
ec,1.04,B65,B65B,.2281998679973185
ht,1.06,A61,A61M,.2282414331566542
ya,3.02,C25,C25B,.2283272380009294
ma,3.02,G01,G01L,.2283524926751852
ye,2.02,B02,B02C,.2283950671553612
ue,2.11,H05,H05H,.2284345957450569
mc,1.06,B60,B60R,.2286507990211248
ik,2.11,C10,C10G,.2287184097804129
si,1.05,C07,C07J,.2287878841161728
xe,4.01,G21,G21F,.2291666679084301
co,1.06,B21,B21B,.2291666716337204
um,3.01,A01,A01C,.2291666716337204
ea,1.04,F42,F42D,.2291666716337204
es,2.02,A23,A23C,.2291666716337204
pg,6.02,C08,C08L,.2291666716337204
uk,1.03,F23,F23G,.2291666716337204
mu,4.01,C08,C08H,.2291666716337204
ml,9,H01,H01L,.2291666716337204
fu,5.04,A61,A61L,.2291666716337204
ml,9,A23,A23C,.2291666716337204
li,3.02,H01,H01S,.2291666716337204
qa,3.01,C12,C12G,.2291666716337204
aa,1.03,A61,A61Q,.2291666716337204
li,3.02,B05,B05B,.2291666734963655
de,1.06,B63,B63B,.2291666753590107
ni,3.01,G01,G01C,.2293447349220514
dx,3.01,H01,H01F,.2294117715209723
qu,1.06,B04,B04B,.2296296358108521
uk,1.03,D06,D06P,.2299603186547756
ia,3.02,B05,B05B,.2300179237499833
pm,2.05,F23,F23K,.2301587350666523
le,1.05,B60,B60R,.2301587369292974
xq,2.11,F25,F25B,.2301587369292974
yu,3.03,A23,A23K,.2303030379116535
oi,3.02,C08,C08B,.2303788508288562
ep,1.02,A43,A43B,.2305555567145348
er,1.02,G21,G21C,.2305555623024702
si,1.05,H03,H03M,.230598006863147
db,2.08,B05,B05C,.2306815078482032
bu,1.03,B05,B05B,.2307692328467965
ro,1.07,A44,A44C,.2307692393660545
ig,2.06,F23,F23N,.2307692393660545
cu,1.06,A44,A44C,.2307692393660545
ix,2.07,C07,C07K,.2309052004129626
ki,3.02,H05,H05H,.2309389486908913
oi,3.02,B82,B82Y,.2309523914009333
pt,3.03,H03,H03L,.2312500029802322
sa,3.03,G01,G01S,.2314814850687981
wc,3.03,H04,H04S,.2318181879818439
jy,4.05,C30,C30B,.232108049094677
qe,2.09,C21,C21D,.2321428600698709
ei,1.04,F04,F04C,.2321428637951612
ry,2.03,A23,A23B,.2323232376947999
uh,1.03,A23,A23B,.2323232376947999
nq,5.01,C12,C12Q,.2323481705971062
cn,5.01,B64,B64C,.2324502449482679
ik,2.11,A47,A47L,.2328128649387509
ee,1.04,B65,B65B,.232840160606429
bd,1.06,H05,H05B,.2328605251386762
yr,2.01,A61,A61J,.2333089727908373
ue,2.11,H01,H01C,.2333333361893892
po,1.01,C25,C25D,.2333333380520344
ea,1.04,A46,A46B,.2333333380520344
ye,2.02,B07,B07B,.2333333380520344
ue,2.11,B07,B07B,.2333333380520344
qg,2.05,A24,A24D,.2333333380520344
ay,3.01,H04,H04M,.2333333380520344
hl,3.03,H03,H03K,.2333333417773247
ep,1.02,B42,B42F,.2333333417773247
ac,2.02,C12,C12R,.2333333417773247
wv,3.03,G08,G08B,.2333333417773247
ex,1.02,B42,B42F,.2333333417773247
ry,2.03,F25,F25D,.2333333417773247
ev,1.02,B29,B29D,.2333333417773247
dy,1.04,F24,F24C,.2333333417773247
ky,1.05,B04,B04C,.2333333417773247
pj,2.05,C05,C05C,.2333333417773247
rb,2.02,F16,F16C,.2333333417773247
ev,1.02,B60,B60J,.2333333417773247
ns,2.01,F24,F24C,.2333333417773247
ku,5.07,C09,C09J,.2333333417773247
rt,3.02,E03,E03C,.2333333417773247
ru,3.01,E03,E03C,.2333333417773247
ix,2.07,G03,G03H,.2333333417773247
ki,3.02,G01,G01M,.2333333417773247
ip,2.07,C01,C01G,.2335858652368188
he,5.03,C07,C07K,.2335941703058779
td,3.02,C12,C12R,.2336996402591467
co,1.06,B27,B27K,.2337164804339409
yr,2.01,A01,A01D,.2339285761117935
vs,5.01,B29,B29C,.2339285761117935
tm,3.01,B22,B22F,.2339544575661421
qe,2.09,A61,A61H,.2339926254935563
xy,1.01,A47,A47L,.2340067401528358
yo,3.01,A61,A61C,.2341269860044122
ql,9,C07,C07D,.2341269887983799
qa,3.01,C08,C08H,.2342566410079598
le,1.05,B22,B22F,.2342776032164693
uy,1.04,G16,G16H,.2343750051222742
fi,1.04,D01,D01D,.2344827614724636
ex,1.02,H03,H03J,.2346542421728373
sy,1.03,D21,D21F,.2348484918475151
qe,2.09,C10,C10G,.2349537103436887
wf,1.06,B01,B01J,.2350409775972366
jm,5.04,A61,A61F,.2352836467325687
pn,1.01,H01,H01P,.2356659602373838
bd,1.06,H04,H04M,.2357142902910709
ik,2.11,C12,C12M,.2359848553314805
qe,2.09,F17,F17C,.2361111119389534
da,1.06,G07,G07D,.2361111119389534
az,3.02,F02,F02D,.2361111119389534
jw,6.02,H03,H03F,.2361111119389534
yr,2.01,B64,B64D,.2361111119389534
um,3.01,A47,A47K,.2361111119389534
pd,6.02,D21,D21C,.2361111119389534
cq,1.06,D01,D01C,.2361111156642437
gy,5.02,A23,A23B,.2361111175268888
po,1.01,G01,G01L,.23627451620996
uh,1.03,H02,H02S,.2367324596270919
uk,1.03,C21,C21B,.2370370402932167
pn,1.01,A21,A21D,.2371951229870319
tu,3.01,B82,B82B,.2372549078427255
pc,5.02,G05,G05F,.2374875228852034
ns,2.01,B03,B03D,.2375641092658043
wm,5.04,B01,B01F,.23774179443717
co,1.06,H01,H01C,.2379953456111252
sy,1.03,B26,B26D,.2380722044035792
wh,3.02,A61,A61G,.2380952462553978
or,5.09,F16,F16L,.2380952462553978
ac,2.02,E04,E04H,.2380952462553978
ec,1.04,B60,B60L,.2380952462553978
oy,9,D01,D01F,.2380952462553978
jm,5.04,G07,G07F,.2380952462553978
le,1.05,C05,C05G,.2380952462553978
wm,5.04,A23,A23B,.2380952462553978
nq,5.01,F03,F03D,.2380952462553978
wu,5.04,G07,G07G,.2380952462553978
ni,3.01,G08,G08G,.2380952462553978
ec,1.04,G09,G09F,.2383512556552887
uk,1.03,F15,F15B,.2384579516947269
vy,3.02,C25,C25B,.2384615428745747
pa,6.02,A23,A23D,.2384615428745747
hi,5.01,C09,C09J,.238461546599865
xw,3.03,C08,C08H,.2385290171951056
qq,1.05,A01,A01K,.2388888914138079
ot,6.02,G07,G07G,.238888893276453
co,1.06,H03,H03L,.238888893276453
eu,2.02,G07,G07G,.238888893276453
gu,1.06,A21,A21D,.2388888942077756
af,4.05,G09,G09B,.2388888970017433
ah,4.01,F26,F26B,.2388888970017433
he,5.03,C12,C12Q,.2389733078889549
li,3.02,G06,G06N,.2392290313728154
dt,2.03,C12,C12C,.2392857186496258
uh,1.03,G03,G03B,.2394179962575436
uk,1.03,F16,F16D,.2395833395421505
pm,2.05,C12,C12R,.2398507345933467
ub,1.03,B62,B62J,.2399999974295497
qk,6.01,G11,G11C,.2400000020861626
ba,3.02,B01,B01F,.2400000020861626
gy,5.02,B63,B63J,.2400000020861626
di,5.02,B63,B63J,.2400000020861626
ev,1.02,B63,B63J,.2400000020861626
ur,1.01,B64,B64C,.2403353843837976
dr,1.06,C05,C05G,.2403846187517047
hq,1.04,B64,B64D,.2405303101986647
yo,3.01,G09,G09B,.2405322666745633
ec,1.04,G01,G01K,.2405326687730849
rq,1.06,C07,C07F,.2406070185825229
ia,3.02,A46,A46B,.2407407462596893
dq,9,C09,C09C,.2408730182796717
qq,1.05,H03,H03D,.2410632763057947
pe,5.02,B23,B23H,.2410852797329426
ra,2.11,G03,G03B,.2413266263902187
dy,1.04,F28,F28C,.2413793094456196
wm,5.04,C07,C07F,.2414951007813215
yr,2.01,G01,G01H,.2416666708886623
su,3.02,G03,G03H,.2416666708886623
lj,3.02,G01,G01V,.2416666708886623
mc,1.06,A61,A61J,.2416666708886623
ep,1.02,B62,B62M,.2416666708886623
ih,2.07,D21,D21F,.2416666708886623
ip,2.07,H01,H01P,.2416666718199849
pj,2.05,E04,E04H,.2416666727513075
ji,5.01,B01,B01L,.2420634953305125
sr,2.07,B81,B81C,.2420634981244802
tc,3.02,D02,D02J,.2424242496490479
le,1.05,B61,B61L,.2425438612699509
mq,6.01,C07,C07H,.2425926886498928
yr,2.01,B82,B82Y,.2426614542491734
pt,3.03,G01,G01T,.2427156241610646
cl,9,B03,B03C,.2427536295726895
bq,6.05,F28,F28D,.2428571507334709
dk,5.02,B60,B60L,.2428571507334709
jb,5.07,H01,H01B,.2428571507334709
ga,3.02,G09,G09G,.2428571507334709
bu,1.03,G05,G05F,.2428571507334709
hf,6.03,G16,G16H,.2429526371415704
oo,3.03,G16,G16H,.2429526371415704
rq,1.06,H04,H04B,.2434782646596432
un,1.03,B03,B03C,.2435897476971149
sd,3.02,G01,G01F,.2435897514224052
ry,2.03,A23,A23C,.2435897514224052
dt,2.03,C25,C25C,.2436868734657764
hl,3.03,A23,A23K,.2439091997221112
co,1.06,B82,B82B,.244000940117985
da,1.06,B08,B08B,.2440171020571142
xe,4.01,B65,B65G,.2440476268529892
sr,2.07,B63,B63B,.244179904460907
pt,3.03,G01,G01Q,.2441857471130788
rx,3.02,B29,B29C,.2442982532083988
sy,1.03,B21,B21D,.2443181835114956
rb,2.02,D04,D04B,.2444444466382265
ix,2.07,C07,C07C,.2444444485008717
ku,5.07,G03,G03C,.2444444494321942
zr,1.05,G03,G03C,.2444444494321942
ue,2.11,F02,F02M,.2444444494321942
ye,2.02,A23,A23G,.244444452226162
ah,4.01,B02,B02C,.244444452226162
yr,2.01,A23,A23G,.244444452226162
ou,1.06,E03,E03B,.244444452226162
un,1.03,B23,B23K,.2447318052873015
rq,1.06,A61,A61N,.2447474785149097
ep,1.02,F22,F22G,.2447916697710752
zc,4.03,G06,G06N,.2447916716337204
de,1.06,D06,D06F,.2450980413705111
qe,2.09,A23,A23J,.2453703749924898
zd,9,G02,G02C,.2454212545417249
ct,9,G01,G01R,.2454365168232471
dm,3.02,B60,B60N,.2454545376822352
zq,2.07,B23,B23Q,.2454545497894287
ix,2.07,B23,B23Q,.2454545497894287
zm,1.06,C05,C05B,.2454545497894287
aq,3.02,A01,A01H,.2455747444182634
pu,2.03,C11,C11C,.2456581506412476
ev,1.02,E04,E04B,.2458333373069763
xw,3.03,C08,C08B,.2459670547395945
id,2.07,A01,A01C,.2459981190040708
ig,2.06,F15,F15C,.2461599139496684
td,3.02,C07,C07J,.2462443001568317
qk,6.01,A61,A61M,.2467391341924667
ga,3.02,G01,G01T,.2468434385955334
my,5.01,A01,A01M,.2470238171517849
ha,5.03,A01,A01M,.2470238171517849
im,2.01,A01,A01M,.2470238171517849
un,1.03,F03,F03H,.2470588255673647
rb,2.02,B28,B28D,.2471264358609915
um,3.01,H01,H01Q,.247252780944109
db,2.08,A63,A63G,.2473655790090561
re,1.05,H05,H05K,.2476084793452173
ea,1.04,F41,F41H,.2476190514862537
pw,2.06,F26,F26B,.2476190514862537
bv,5.01,G03,G03F,.2476190514862537
ba,3.02,A23,A23K,.2476190514862537
da,1.06,H01,H01R,.2476190533488989
or,5.09,C07,C07H,.2478553345426917
ml,9,C08,C08B,.248183467425406
rz,3.03,D06,D06M,.2483516559004784
ji,5.01,G01,G01D,.2487100120633841
tu,3.01,G21,G21B,.2490601520985365
ah,4.01,B01,B01L,.2491582557559013
eq,3.01,G07,G07C,.2492063567042351
mm,6.01,B29,B29D,.2492424286901951
cu,1.06,G21,G21K,.2494505532085896
qe,2.09,A23,A23C,.2494824081659317
si,1.05,F24,F24S,.25
yy,5.07,B62,B62D,.25
hf,6.03,H03,H03H,.25
rb,2.02,F26,F26B,.25
zd,9,B64,B64F,.25
wv,3.03,D02,D02G,.25
ih,2.07,D03,D03D,.25
yo,3.01,C08,C08C,.25
cn,5.01,H02,H02N,.25
ah,4.01,G10,G10L,.25
un,1.03,H04,H04J,.25
ig,2.06,B60,B60B,.25
fs,6.04,C22,C22C,.25
et,1.02,B61,B61F,.25
ta,1.06,C22,C22F,.25
zr,1.05,F17,F17C,.25
oy,9,B27,B27K,.25
xq,2.11,G06,G06J,.25
dk,5.02,B27,B27N,.25
oz,6.02,C01,C01F,.25
yy,5.07,C25,C25B,.25
we,3.02,B29,B29B,.25
hl,3.03,F16,F16C,.25
oy,9,C11,C11B,.25
oy,9,F41,F41H,.25
ew,1.02,F22,F22D,.25
ew,1.02,C10,C10J,.25
qq,1.05,A01,A01J,.25
ma,3.02,A01,A01J,.25
aa,1.03,A23,A23B,.25
mm,6.01,B23,B23Q,.25
bk,6.04,C12,C12Y,.25
lj,3.02,H03,H03H,.25
uy,1.04,C21,C21C,.25
hf,6.03,F04,F04F,.25
qa,3.01,H02,H02H,.25
ps,5.04,F42,F42B,.25
om,5.05,B23,B23P,.25
ua,6.03,B64,B64F,.25
ds,3.02,B60,B60N,.25
gc,1.05,G04,G04B,.25
dx,3.01,G21,G21B,.25
ye,2.02,E01,E01D,.25
zd,9,B27,B27G,.25
wq,5.01,B23,B23B,.25
xq,2.11,B60,B60K,.25
bv,5.01,B60,B60V,.25
dk,5.02,B66,B66C,.25
wu,5.04,D06,D06P,.25
jo,5.04,B29,B29C,.25
nu,5.08,B64,B64B,.25
eu,2.02,B61,B61L,.25
dq,9,E04,E04D,.25
bk,6.04,C12,C12M,.25
bk,6.04,F04,F04C,.25
mw,5.09,F41,F41B,.25
ij,2.11,F04,F04F,.25
tq,3.02,D21,D21H,.25
aa,1.03,B07,B07C,.25
ha,5.03,F21,F21K,.25
ql,9,F21,F21V,.25
td,3.02,C11,C11D,.25
dm,3.02,F24,F24S,.25
dm,3.02,F15,F15C,.25
bm,5.07,A46,A46B,.25
rt,3.02,F23,F23G,.25
fu,5.04,A61,A61F,.25
ct,9,H04,H04M,.25
dm,3.02,D03,D03D,.25
mm,6.01,G21,G21F,.25
zd,9,C22,C22C,.25
po,1.01,B25,B25B,.25
su,3.02,B64,B64F,.25
cl,9,B60,B60T,.25
mw,5.09,B62,B62D,.25
bv,5.01,F01,F01M,.25
ia,3.02,C05,C05B,.25
nq,5.01,G04,G04C,.25
dm,3.02,D06,D06P,.25
yi,6.03,D03,D03D,.25
dm,3.02,B64,B64G,.25
ro,1.07,E05,E05F,.25
oo,3.03,B60,B60Q,.25
un,1.03,B66,B66C,.25
dt,2.03,Y02,Y02B,.25
vj,5.01,B61,B61D,.25
oo,3.03,A01,A01K,.25
qa,3.01,C07,C07G,.25
ya,3.02,F42,F42B,.25
xa,5.04,F16,F16B,.25
di,5.02,F16,F16P,.25
yp,3.02,G03,G03B,.25
ae,4.05,G03,G03G,.25
mw,5.09,A63,A63G,.25
bp,6.04,A43,A43D,.25
et,1.02,Y02,Y02D,.25
hf,6.03,D04,D04D,.25
km,1.06,F16,F16J,.25
bv,5.01,C08,C08F,.25
bk,6.04,B29,B29D,.25
oa,2.11,F41,F41B,.25
vp,3.03,C10,C10G,.25
pn,1.01,C09,C09C,.25
fy,3.02,B21,B21C,.25
qg,2.05,F16,F16N,.25
ve,3.02,B21,B21B,.25
jy,4.05,B64,B64F,.25
ds,3.02,D21,D21C,.25
dm,3.02,G05,G05G,.25
tm,3.01,D03,D03D,.25
mq,6.01,F01,F01P,.25
gm,3.03,D06,D06P,.25
oi,3.02,G01,G01V,.25
nq,5.01,A63,A63G,.25
bp,6.04,B21,B21J,.25
pc,5.02,F24,F24S,.25
ub,1.03,B60,B60D,.25
ki,3.02,B28,B28D,.25
bu,1.03,H01,H01H,.25
gc,1.05,B22,B22C,.25
dt,2.03,C09,C09B,.25
gu,1.06,C21,C21B,.25
hl,3.03,C02,C02F,.25
es,2.02,D01,D01C,.25
dm,3.02,G10,G10B,.25
ps,5.04,A61,A61J,.25
oo,3.03,F24,F24H,.25
ds,3.02,B64,B64F,.25
jb,5.07,G09,G09F,.25
lq,3.03,F16,F16B,.25
ui,1.03,B25,B25G,.25
ji,5.01,E04,E04F,.25
nq,5.01,B23,B23Q,.25
bq,6.05,B66,B66F,.25
pc,5.02,G06,G06G,.25
we,3.02,D21,D21C,.25
vi,5.01,E05,E05B,.25
dm,3.02,B21,B21C,.25
kv,1.05,B63,B63B,.25
re,1.05,A61,A61H,.25
qa,3.01,E05,E05D,.25
oa,2.11,C07,C07B,.25
fa,2.01,F24,F24B,.25
oo,3.03,B01,B01L,.25
yo,3.01,D07,D07B,.25
hf,6.03,B26,B26D,.25
ff,3.02,E06,E06B,.25
pt,3.03,H01,H01M,.25
po,1.01,F41,F41B,.25
es,2.02,A47,A47F,.25
pq,1.01,B27,B27K,.25
ja,1.05,A44,A44C,.25
oo,3.03,B60,B60B,.25
ei,1.04,E01,E01H,.25
zm,1.06,B25,B25F,.25
dq,9,B66,B66C,.25
fi,1.04,D04,D04B,.25
ep,1.02,D03,D03D,.25
dt,2.03,G09,G09F,.25
le,1.05,B21,B21F,.25
km,1.06,B60,B60D,.25
ei,1.04,B21,B21K,.25
hi,5.01,B82,B82Y,.25
up,1.03,A01,A01G,.25
bd,1.06,B67,B67D,.25
vx,5.01,H02,H02J,.25
bf,5.04,C08,C08C,.25
ig,2.06,E03,E03F,.25
ue,2.11,B44,B44B,.25
ew,1.02,F16,F16N,.25
ii,2.04,A01,A01J,.25
pa,6.02,B44,B44D,.25
aa,1.03,C10,C10J,.25
ep,1.02,H05,H05F,.25
pq,1.01,C01,C01G,.25
vm,5.06,F16,F16L,.25
ia,3.02,B04,B04B,.25
lj,3.02,C02,C02F,.25
xy,1.01,A47,A47C,.25
km,1.06,F03,F03D,.25
su,3.02,F25,F25J,.25
ig,2.06,B64,B64G,.25
ee,1.04,F42,F42D,.25
tu,3.01,F17,F17C,.25
tu,3.01,B27,B27K,.25
we,3.02,F02,F02F,.25
pt,3.03,D03,D03D,.25
ru,3.01,B60,B60P,.25
ya,3.02,B27,B27G,.25
nn,3.03,F01,F01M,.25
wm,5.04,C23,C23G,.25
iu,2.03,B27,B27N,.25
bi,6.01,G01,G01S,.25
rz,3.03,B31,B31B,.25
ne,3.03,B03,B03B,.25
yi,6.03,G01,G01H,.25
ia,3.02,A42,A42B,.25
co,1.06,B25,B25D,.25
um,3.01,B65,B65D,.25
bi,6.01,E04,E04D,.25
zd,9,F23,F23G,.25
ro,1.07,B31,B31B,.25
hf,6.03,B60,B60D,.25
yp,3.02,B29,B29B,.25
wm,5.04,G08,G08G,.25
wu,5.04,B24,B24C,.25
gu,1.06,C08,C08H,.25
he,5.03,B21,B21D,.25
fu,5.04,B29,B29C,.25
mr,6.01,A23,A23C,.25
wu,5.04,C05,C05G,.25
jb,5.07,G02,G02C,.25
xq,2.11,C22,C22F,.25
bm,5.07,G01,G01D,.25
xq,2.11,C12,C12G,.25
pi,1.06,H02,H02K,.25
wv,3.03,B60,B60D,.25
bf,5.04,B05,B05D,.25
wv,3.03,D21,D21C,.25
ae,4.05,H05,H05B,.25
hf,6.03,B04,B04B,.25
up,1.03,B25,B25J,.25
wc,3.03,B22,B22D,.25
hi,5.01,A24,A24F,.25
bk,6.04,B21,B21J,.25
yp,3.02,B28,B28B,.25
af,4.05,A61,A61Q,.25
oo,3.03,H03,H03H,.25
mw,5.09,A01,A01N,.25
mm,6.01,G21,G21C,.25
nq,5.01,G07,G07B,.25
qg,2.05,G07,G07C,.25
dw,1.04,H02,H02S,.25
ea,1.04,F23,F23J,.25
ev,1.02,A61,A61D,.25
su,3.02,B62,B62J,.25
sy,1.03,B60,B60P,.25
ze,1.06,F41,F41H,.25
mm,6.01,F02,F02F,.25
bi,6.01,B22,B22F,.25
aq,3.02,B60,B60R,.25
qa,3.01,C22,C22F,.25
ee,1.04,F16,F16C,.25
py,3.02,A24,A24D,.25
ji,5.01,C09,C09D,.25
ye,2.02,Y02,Y02D,.25
dx,3.01,B07,B07B,.25
oy,9,H03,H03J,.25
ep,1.02,B25,B25B,.25
ni,3.01,F01,F01M,.25
dq,9,B64,B64G,.25
ur,1.01,F02,F02B,.25
gy,5.02,D05,D05C,.25
xy,1.01,H01,H01T,.25
rq,1.06,H04,H04R,.25
km,1.06,G04,G04B,.25
ad,4.02,G08,G08C,.25
ve,3.02,B60,B60N,.25
pn,1.01,G04,G04G,.25
uh,1.03,F16,F16D,.25
we,3.02,A47,A47B,.25
ec,1.04,F16,F16G,.25
le,1.05,H03,H03J,.25
ae,4.05,G01,G01D,.25
bf,5.04,A01,A01D,.25
db,2.08,G04,G04B,.25
le,1.05,D03,D03D,.25
ig,2.06,G06,G06J,.25
fu,5.04,H02,H02J,.25
qg,2.05,H02,H02G,.25
ya,3.02,C21,C21B,.25
uu,5.06,B06,B06B,.25
km,1.06,G03,G03H,.25
zd,9,H05,H05G,.25
nq,5.01,C11,C11C,.25
ye,2.02,B68,B68B,.25
en,9,G08,G08G,.25
li,3.02,B41,B41M,.25
fa,2.01,H01,H01S,.25
es,2.02,B44,B44D,.25
kv,1.05,F16,F16F,.25
cl,9,B60,B60N,.25
rt,3.02,B62,B62J,.25
en,9,H03,H03J,.25
ec,1.04,H03,H03H,.25
eq,3.01,B62,B62B,.25
nm,5.02,A63,A63B,.25
wh,3.02,G04,G04B,.25
id,2.07,B27,B27L,.25
aa,1.03,G10,G10B,.25
tu,3.01,F02,F02G,.25
dw,1.04,A46,A46D,.25
dt,2.03,D06,D06Q,.25
hy,1.06,G01,G01Q,.25
xq,2.11,C13,C13B,.25
co,1.06,H02,H02P,.25
ui,1.03,F23,F23G,.25
ea,1.04,B44,B44D,.25
cn,5.01,F01,F01M,.25
eq,3.01,A41,A41D,.25
zd,9,H02,H02S,.25
ur,1.01,C11,C11B,.25
li,3.02,A47,A47K,.25
et,1.02,B28,B28D,.25
gc,1.05,D06,D06M,.25
ma,3.02,B64,B64F,.25
iu,2.03,C12,C12G,.25
km,1.06,F16,F16C,.25
ev,1.02,D21,D21B,.25
ph,6.02,C04,C04B,.25
ju,4.01,C05,C05D,.25
xq,2.11,F24,F24S,.25
qa,3.01,B62,B62B,.25
aq,3.02,C07,C07G,.25
ba,3.02,H04,H04M,.25
bv,5.01,B23,B23H,.25
oz,6.02,H02,H02B,.25
et,1.02,D06,D06L,.25
ot,6.02,C11,C11B,.25
wu,5.04,F03,F03D,.25
pe,5.02,F41,F41B,.25
ai,2.03,B21,B21K,.25
vm,5.06,H01,H01J,.25
ui,1.03,B26,B26D,.25
ad,4.02,E03,E03F,.25
et,1.02,B41,B41B,.25
mc,1.06,H04,H04J,.25
ia,3.02,B28,B28D,.25
le,1.05,B64,B64F,.25
xy,1.01,B63,B63H,.25
su,3.02,B61,B61F,.25
sr,2.07,A24,A24F,.25
eu,2.02,B64,B64C,.25
ka,4.01,D04,D04H,.25
ds,3.02,G02,G02F,.25
ia,3.02,B60,B60C,.25
hf,6.03,B21,B21D,.25
db,2.08,B25,B25G,.25
xy,1.01,F01,F01L,.25
iu,2.03,A47,A47F,.25
ex,1.02,G09,G09D,.25
mq,6.01,B43,B43M,.25
dy,1.04,F03,F03C,.25
bv,5.01,C09,C09J,.25
eq,3.01,G05,G05F,.25
dy,1.04,C14,C14B,.25
eq,3.01,B60,B60N,.25
ia,3.02,H03,H03L,.25
un,1.03,B23,B23B,.25
ou,1.06,A61,A61H,.25
yy,5.07,C06,C06B,.25
ff,3.02,A61,A61C,.25
eq,3.01,C06,C06B,.25
ot,6.02,A01,A01B,.25
ua,6.03,B23,B23C,.25
ur,1.01,A22,A22C,.25
qk,6.01,C01,C01B,.25
le,1.05,C07,C07J,.25
ba,3.02,F41,F41H,.25
ka,4.01,B05,B05B,.25
hf,6.03,H02,H02N,.25
js,6.04,C07,C07J,.25
cl,9,B60,B60S,.25
ik,2.11,F01,F01P,.25
dq,9,A24,A24D,.25
py,3.02,A45,A45B,.25
ev,1.02,D03,D03D,.25
op,3.03,G01,G01K,.25
rp,6.04,G10,G10C,.25
co,1.06,C10,C10J,.25
dk,5.02,A47,A47B,.25
qk,6.01,A23,A23F,.25
mu,4.01,G03,G03G,.25
ac,2.02,B21,B21C,.25
ga,3.02,C12,C12C,.25
po,1.01,B23,B23H,.25
vs,5.01,F04,F04D,.25
mq,6.01,G21,G21K,.25
yo,3.01,G08,G08G,.25
jb,5.07,H02,H02G,.25
dk,5.02,H03,H03H,.25
su,3.02,H01,H01G,.25
ds,3.02,H03,H03J,.25
cl,9,A62,A62B,.25
gy,5.02,B23,B23H,.25
gm,3.03,A23,A23K,.25
ih,2.07,F24,F24B,.25
su,3.02,C12,C12R,.25
mu,4.01,B29,B29B,.25
sd,3.02,C08,C08K,.25
cl,9,B02,B02C,.25
oo,3.03,F04,F04F,.25
if,2.11,F41,F41B,.25
sr,2.07,B64,B64F,.25
oo,3.03,B67,B67D,.25
qd,6.02,B66,B66C,.25
bf,5.04,F02,F02K,.25
op,3.03,H01,H01F,.25
hy,1.06,G05,G05F,.25
po,1.01,H01,H01H,.25
dt,2.03,B42,B42D,.25
ry,2.03,B21,B21C,.25
hl,3.03,B60,B60D,.25
pw,2.06,E01,E01C,.25
dt,2.03,B66,B66C,.25
ad,4.02,H02,H02H,.25
qe,2.09,G06,G06J,.25
rb,2.02,G04,G04F,.25
aa,1.03,F23,F23C,.25
ox,6.02,B23,B23C,.25
qu,1.06,D21,D21F,.25
yu,3.03,D06,D06H,.25
mm,6.01,C25,C25F,.25
pc,5.02,G04,G04C,.25
up,1.03,B60,B60K,.25
qq,1.05,C08,C08C,.25
oo,3.03,C07,C07C,.25
ya,3.02,E04,E04H,.25
am,4.01,H03,H03F,.25
gc,1.05,H04,H04J,.25
bd,1.06,G03,G03G,.25
vi,5.01,A63,A63G,.25
nu,5.08,B43,B43M,.25
ad,4.02,D01,D01F,.25
ia,3.02,B03,B03D,.25
xw,3.03,A63,A63G,.25
aq,3.02,C21,C21B,.25
ad,4.02,F23,F23D,.25
sr,2.07,B63,B63J,.25
oi,3.02,F26,F26B,.25
ni,3.01,B03,B03D,.25
es,2.02,G06,G06M,.25
hf,6.03,B60,B60N,.25
oi,3.02,B07,B07B,.25
fi,1.04,B21,B21K,.25
un,1.03,B63,B63B,.25
uk,1.03,A46,A46B,.25
ou,1.06,F03,F03D,.25
pa,6.02,A24,A24D,.25
ya,3.02,C12,C12J,.25
af,4.05,D05,D05C,.25
xq,2.11,F23,F23C,.25
ds,3.02,A01,A01M,.25
pe,5.02,F41,F41A,.25
eo,6.02,A01,A01K,.25
eo,6.02,C01,C01B,.25
po,1.01,A01,A01B,.25
ds,3.02,G21,G21G,.25
rq,1.06,C08,C08J,.25
oy,9,A01,A01D,.25
cl,9,B29,B29D,.25
cl,9,D21,D21H,.25
sa,3.03,B26,B26D,.25
jb,5.07,F23,F23G,.25
tm,3.01,C05,C05D,.25
iy,1.06,E21,E21B,.25
qa,3.01,F01,F01P,.25
mm,6.01,B62,B62D,.25
jo,5.04,B41,B41J,.25
tu,3.01,B64,B64F,.25
xq,2.11,E04,E04C,.25
hf,6.03,A21,A21D,.25
ij,2.11,D06,D06Q,.25
iy,1.06,A23,A23C,.25
ip,2.07,D04,D04C,.25
hf,6.03,H02,H02G,.25
ku,5.07,B61,B61D,.25
vs,5.01,B01,B01D,.25
dt,2.03,C12,C12G,.25
ai,2.03,F01,F01C,.25
hl,3.03,E01,E01C,.25
mc,1.06,D03,D03D,.25
wv,3.03,H03,H03H,.25
pj,2.05,A61,A61H,.25
or,5.09,H02,H02M,.25
xq,2.11,H03,H03G,.25
wv,3.03,C01,C01B,.25
if,2.11,A42,A42B,.25
if,2.11,A21,A21D,.25
wv,3.03,D04,D04D,.25
qk,6.01,G05,G05D,.25
de,1.06,B07,B07B,.25
up,1.03,G03,G03C,.25
db,2.08,F28,F28G,.25
ds,3.02,A45,A45F,.25
re,1.05,C23,C23G,.25
gu,1.06,F23,F23G,.25
ga,3.02,C25,C25B,.25
bm,5.07,B24,B24D,.25
en,9,F04,F04D,.25
hl,3.03,F41,F41A,.25
ps,5.04,G05,G05G,.25
wc,3.03,B65,B65G,.25
ox,6.02,F15,F15D,.25
bk,6.04,H02,H02P,.25
dw,1.04,H02,H02G,.25
za,3.02,G08,G08B,.25
zm,1.06,F28,F28F,.25
es,2.02,C01,C01F,.25
qe,2.09,B61,B61D,.25
uu,5.06,F16,F16F,.25
fu,5.04,C08,C08L,.25
vi,5.01,B60,B60H,.25
bm,5.07,H03,H03G,.25
wy,5.04,H04,H04Q,.25
im,2.01,F24,F24H,.25
ne,3.03,D06,D06H,.25
iq,2.02,G10,G10F,.25
ih,2.07,B05,B05C,.25
vy,3.02,B44,B44B,.25
ni,3.01,D21,D21F,.25
ih,2.07,A22,A22C,.25
yq,5.07,E06,E06B,.25
vx,5.01,E05,E05B,.25
gy,5.02,C21,C21D,.25
km,1.06,F42,F42B,.25
aq,3.02,H04,H04W,.25
wy,5.04,B29,B29C,.25
tq,3.02,B43,B43K,.25
ih,2.07,F28,F28B,.25
ht,1.06,C06,C06B,.25
jb,5.07,B61,B61D,.25
fy,3.02,D21,D21F,.25
nq,5.01,B21,B21D,.25
zm,1.06,F23,F23G,.25
ka,4.01,F21,F21K,.25
om,5.05,B41,B41F,.25
bd,1.06,G21,G21C,.25
kv,1.05,C05,C05B,.25
pk,2.05,E04,E04F,.25
eu,2.02,G10,G10D,.25
bf,5.04,C10,C10G,.25
pg,6.02,D06,D06M,.25
am,4.01,G03,G03C,.25
ii,2.04,E21,E21D,.25
zq,2.07,B64,B64G,.25
qc,6.02,B02,B02C,.25
ub,1.03,B63,B63J,.25
mw,5.09,B60,B60K,.25
wq,5.01,F28,F28D,.25
ky,1.05,C23,C23C,.25
oy,9,C05,C05D,.25
ii,2.04,G07,G07D,.25
re,1.05,E01,E01C,.25
yp,3.02,H01,H01H,.25
ij,2.11,B66,B66B,.25
ha,5.03,C09,C09C,.25
uy,1.04,B28,B28D,.25
dr,1.06,B60,B60P,.25
yq,5.07,H04,H04R,.25
uq,5.07,F01,F01N,.25
fe,5.05,G01,G01J,.25
oo,3.03,F01,F01D,.25
oo,3.03,C01,C01B,.25
um,3.01,E03,E03D,.25
yp,3.02,D06,D06Q,.25
aq,3.02,E06,E06B,.25
ai,2.03,F42,F42C,.25
ik,2.11,B62,B62H,.25
lq,3.03,A47,A47B,.25
qf,9,A23,A23L,.25
en,9,A61,A61Q,.25
ia,3.02,F16,F16C,.25
pc,5.02,G09,G09D,.25
bp,6.04,B65,B65H,.25
hl,3.03,B60,B60L,.25
ik,2.11,G21,G21D,.25
xy,1.01,B60,B60N,.25
co,1.06,F21,F21S,.25
ml,9,G01,G01R,.25
cl,9,B05,B05B,.25
oo,3.03,F41,F41A,.25
ep,1.02,B61,B61F,.25
ox,6.02,C05,C05F,.25
wm,5.04,E02,E02B,.25
ja,1.05,A47,A47F,.25
gu,1.06,A45,A45B,.25
aa,1.03,G07,G07G,.25
wc,3.03,B06,B06B,.25
ep,1.02,F27,F27D,.25
eo,6.02,B66,B66C,.25
ih,2.07,B63,B63J,.25
ga,3.02,H02,H02G,.25
yy,5.07,G10,G10G,.25
oi,3.02,C12,C12C,.25
hf,6.03,E03,E03D,.25
zk,9,B60,B60J,.25
qg,2.05,H04,H04H,.25
ji,5.01,G01,G01H,.25
nq,5.01,H03,H03H,.25
un,1.03,F41,F41A,.25
nn,3.03,C21,C21D,.25
zc,4.03,C22,C22F,.25
om,5.05,A47,A47K,.25
pn,1.01,B02,B02C,.25
iu,2.03,E01,E01D,.25
im,2.01,A47,A47L,.25
ma,3.02,B27,B27G,.25
mm,6.01,B31,B31F,.25
oe,5.06,F41,F41B,.25
pc,5.02,F41,F41B,.25
cn,5.01,A01,A01D,.25
ya,3.02,G10,G10B,.25
up,1.03,H01,H01C,.25
ml,9,H01,H01R,.25
xy,1.01,D01,D01F,.25
nm,5.02,F24,F24F,.25
xw,3.03,E05,E05B,.25
oa,2.11,C06,C06D,.25
qc,6.02,C09,C09D,.25
mm,6.01,C06,C06D,.25
iy,1.06,B66,B66F,.25
dq,9,B25,B25D,.25
lj,3.02,C10,C10L,.25
ns,2.01,F42,F42C,.25
mm,6.01,C11,C11B,.25
ha,5.03,C21,C21D,.25
sa,3.03,F25,F25J,.25
pt,3.03,A61,A61Q,.25
mw,5.09,B03,B03C,.25
mm,6.01,C12,C12G,.25
wm,5.04,H03,H03D,.25
eu,2.02,A63,A63J,.25
uf,1.03,C07,C07B,.25
li,3.02,C10,C10L,.25
uu,5.06,F03,F03D,.25
vi,5.01,B66,B66C,.25
lq,3.03,E01,E01C,.25
hf,6.03,D02,D02G,.25
vx,5.01,F28,F28D,.25
xw,3.03,F03,F03B,.25
ii,2.04,A46,A46B,.25
py,3.02,A43,A43D,.25
ga,3.02,B62,B62B,.25
ma,3.02,C09,C09G,.25
et,1.02,C05,C05D,.25
mc,1.06,A61,A61D,.25
uk,1.03,A23,A23B,.25
qu,1.06,C21,C21B,.25
ds,3.02,F16,F16M,.25
oe,5.06,H03,H03G,.25
mm,6.01,B41,B41N,.25
iu,2.03,D06,D06Q,.25
ma,3.02,H04,H04H,.25
bm,5.07,E04,E04B,.25
mq,6.01,C09,C09B,.25
bp,6.04,A23,A23B,.25
le,1.05,B24,B24B,.25
jb,5.07,B29,B29B,.25
pq,1.01,G09,G09D,.25
ky,1.05,F17,F17D,.25
oa,2.11,F16,F16T,.25
bi,6.01,C07,C07F,.25
bu,1.03,B01,B01F,.25
cq,1.06,A43,A43D,.25
dq,9,C03,C03B,.25
io,2.07,A01,A01D,.25
mm,6.01,E04,E04D,.25
kv,1.05,C08,C08J,.25
kv,1.05,B64,B64F,.25
ii,2.04,B27,B27L,.25
aa,1.03,G21,G21G,.25
gu,1.06,F23,F23C,.25
gu,1.06,B65,B65B,.25
fi,1.04,G08,G08B,.25
gu,1.06,C06,C06F,.25
aa,1.03,F17,F17D,.25
ne,3.03,H05,H05G,.25
un,1.03,C25,C25F,.25
si,1.05,F24,F24V,.25
gu,1.06,C13,C13K,.25
gy,5.02,F01,F01L,.25
li,3.02,F16,F16J,.25
mw,5.09,B64,B64D,.25
qu,1.06,F02,F02G,.25
km,1.06,F28,F28F,.25
nu,5.08,D06,D06L,.25
km,1.06,F16,F16M,.25
le,1.05,D21,D21C,.25
mc,1.06,A63,A63H,.25
dw,1.04,G10,G10K,.25
pi,1.06,H01,H01H,.25
dt,2.03,B60,B60N,.25
fy,3.02,F24,F24H,.25
ja,1.05,F25,F25D,.25
uq,5.07,C25,C25B,.25
wc,3.03,H03,H03B,.25
lj,3.02,A61,A61D,.25
zm,1.06,G01,G01D,.25
mw,5.09,G05,G05F,.25
ua,6.03,G09,G09F,.25
cn,5.01,C01,C01F,.25
db,2.08,H03,H03J,.25
wq,5.01,H01,H01B,.25
lj,3.02,B29,B29C,.25
kv,1.05,C09,C09J,.25
gy,5.02,D21,D21G,.25
bp,6.04,E01,E01D,.25
mm,6.01,F02,F02K,.25
om,5.05,D21,D21C,.25
pt,3.03,H03,H03D,.25
fy,3.02,G01,G01G,.25
gu,1.06,C25,C25C,.25
ry,2.03,B64,B64F,.25
sd,3.02,B61,B61D,.25
mu,4.01,C04,C04B,.25
jb,5.07,F26,F26B,.25
uy,1.04,F23,F23N,.25
ro,1.07,F21,F21L,.25
si,1.05,B81,B81B,.25
vi,5.01,B61,B61D,.25
qf,9,F24,F24V,.25
xq,2.11,F41,F41A,.25
jw,6.02,G02,G02F,.25
cq,1.06,B61,B61B,.25
yi,6.03,H01,H01S,.25
nm,5.02,A62,A62B,.25
pk,2.05,F17,F17D,.25
ze,1.06,H04,H04Q,.25
ki,3.02,B63,B63H,.25
qq,1.05,A44,A44C,.25
ky,1.05,B24,B24B,.25
mq,6.01,D04,D04H,.25
ve,3.02,B30,B30B,.25
yu,3.03,G01,G01G,.25
ne,3.03,C09,C09G,.25
yu,3.03,C05,C05F,.25
gy,5.02,B27,B27N,.25
ik,2.11,F04,F04C,.25
es,2.02,F41,F41A,.25
ky,1.05,C09,C09D,.25
uy,1.04,B42,B42F,.25
qq,1.05,B63,B63C,.25
tm,3.01,B03,B03D,.25
ya,3.02,H04,H04S,.25
js,6.04,C10,C10G,.25
hf,6.03,E02,E02D,.25
re,1.05,F02,F02C,.25
sd,3.02,C21,C21B,.25
et,1.02,B62,B62M,.25
jo,5.04,H04,H04R,.25
wu,5.04,D03,D03D,.25
ep,1.02,G10,G10F,.25
eq,3.01,G01,G01B,.25
co,1.06,E21,E21C,.25
jo,5.04,C03,C03B,.25
wu,5.04,C09,C09C,.25
nu,5.08,E03,E03D,.25
es,2.02,B28,B28B,.25
jm,5.04,H04,H04M,.25
es,2.02,A63,A63J,.25
qh,2.05,C09,C09F,.25
hf,6.03,B60,B60B,.25
uu,5.06,G10,G10H,.25
ku,5.07,B60,B60J,.25
uf,1.03,F24,F24V,.25
zd,9,A45,A45C,.25
ji,5.01,C10,C10L,.25
aa,1.03,F23,F23M,.25
ji,5.01,B61,B61L,.25
uk,1.03,Y02,Y02B,.25
pi,1.06,B03,B03C,.25
fy,3.02,A23,A23J,.25
en,9,A61,A61N,.25
qe,2.09,B28,B28B,.25
de,1.06,G03,G03B,.25
nq,5.01,B60,B60H,.25
oe,5.06,F16,F16F,.25
jb,5.07,F28,F28B,.25
wu,5.04,A43,A43D,.25
un,1.03,F04,F04F,.25
oo,3.03,B21,B21D,.25
ne,3.03,C23,C23G,.25
cl,9,G11,G11C,.25
jb,5.07,C25,C25B,.25
jb,5.07,C10,C10B,.25
qk,6.01,H03,H03G,.25
pn,1.01,B26,B26D,.25
ot,6.02,F16,F16D,.25
wm,5.04,E02,E02D,.25
db,2.08,B63,B63C,.25
fa,2.01,H02,H02G,.25
fa,2.01,E01,E01F,.25
ih,2.07,B60,B60Q,.25
cl,9,B64,B64F,.25
wu,5.04,E06,E06B,.25
hb,5.03,B32,B32B,.25
vx,5.01,E04,E04C,.25
hb,5.03,B60,B60L,.25
ve,3.02,B05,B05B,.25
ik,2.11,A63,A63G,.25
bp,6.04,B21,B21D,.25
ua,6.03,B60,B60J,.25
ea,1.04,B60,B60B,.25
wv,3.03,B67,B67D,.25
ur,1.01,F24,F24V,.25
sy,1.03,A21,A21B,.25
mm,6.01,A24,A24D,.25
hb,5.03,F23,F23G,.25
gu,1.06,F26,F26B,.25
yi,6.03,A21,A21B,.25
ja,1.05,A01,A01J,.25
ve,3.02,C23,C23G,.25
zd,9,B25,B25B,.25
uy,1.04,B67,B67D,.25
qc,6.02,G01,G01B,.25
mc,1.06,F21,F21V,.25
dt,2.03,G03,G03G,.25
hf,6.03,A22,A22C,.25
yi,6.03,C06,C06D,.25
ix,2.07,D06,D06P,.25
ix,2.07,D04,D04H,.25
eo,6.02,C08,C08C,.25
nm,5.02,A23,A23G,.25
ep,1.02,A24,A24F,.25
hf,6.03,F16,F16H,.25
iq,2.02,F28,F28B,.25
vi,5.01,C10,C10C,.25
ii,2.04,A24,A24C,.25
ba,3.02,B65,B65G,.25
iq,2.02,F16,F16T,.25
ev,1.02,F01,F01L,.25
vx,5.01,F02,F02F,.25
eu,2.02,G01,G01H,.25
ot,6.02,F26,F26B,.25
op,3.03,B42,B42D,.25
uq,5.07,F25,F25B,.25
cl,9,C22,C22B,.25
yy,5.07,G01,G01L,.25
cn,5.01,B23,B23H,.25
rt,3.02,B63,B63B,.25
gm,3.03,H03,H03K,.25
wu,5.04,B23,B23H,.25
ju,4.01,D06,D06P,.25
iq,2.02,B68,B68B,.25
nq,5.01,B06,B06B,.25
yu,3.03,G07,G07F,.25
lj,3.02,A47,A47K,.25
bq,6.05,B62,B62K,.25
ew,1.02,F25,F25J,.25
pg,6.02,G11,G11B,.25
nm,5.02,D21,D21H,.25
ex,1.02,G10,G10F,.25
ui,1.03,A63,A63C,.25
oo,3.03,D02,D02G,.25
js,6.04,F24,F24H,.25
bv,5.01,B60,B60N,.25
jy,4.05,E03,E03D,.25
ja,1.05,B25,B25G,.25
di,5.02,G01,G01J,.25
jb,5.07,G01,G01J,.25
dt,2.03,G12,G12B,.25
km,1.06,E02,E02F,.25
fa,2.01,H03,H03B,.25
kv,1.05,A01,A01B,.25
vy,3.02,A01,A01C,.25
bk,6.04,A42,A42B,.25
yq,5.07,H02,H02G,.25
ip,2.07,B23,B23H,.25
ha,5.03,H02,H02G,.25
xe,4.01,F42,F42B,.25
ip,2.07,G16,G16H,.25
qa,3.01,B61,B61B,.25
yu,3.03,G01,G01S,.25
ds,3.02,A62,A62C,.25
pk,2.05,F02,F02C,.25
nn,3.03,H03,H03G,.25
re,1.05,F24,F24H,.25
eq,3.01,B22,B22D,.25
nn,3.03,A45,A45C,.25
wq,5.01,C23,C23C,.25
ip,2.07,F04,F04F,.25
fe,5.05,B41,B41F,.25
xw,3.03,C05,C05G,.25
dt,2.03,E01,E01F,.25
oo,3.03,C08,C08L,.25
ry,2.03,B67,B67D,.25
ip,2.07,A21,A21D,.25
he,5.03,C22,C22F,.25
dq,9,F41,F41H,.25
wm,5.04,F04,F04F,.25
bk,6.04,A45,A45C,.25
ua,6.03,B62,B62B,.25
et,1.02,F01,F01K,.25
ix,2.07,A47,A47J,.25
hl,3.03,F27,F27B,.25
ni,3.01,B23,B23C,.25
pe,5.02,H01,H01T,.25
ik,2.11,B26,B26B,.25
nq,5.01,A23,A23D,.25
le,1.05,C03,C03B,.25
pc,5.02,B03,B03C,.25
nn,3.03,B03,B03B,.25
rz,3.03,B65,B65F,.25
ut,6.02,B23,B23P,.25
mr,6.01,G01,G01D,.25
cl,9,F16,F16M,.25
dr,1.06,D03,D03D,.25
ct,9,B60,B60N,.25
uy,1.04,B21,B21K,.25
he,5.03,B60,B60K,.25
ex,1.02,H05,H05F,.25
dw,1.04,G06,G06G,.25
om,5.05,A62,A62B,.25
ql,9,G10,G10K,.25
qq,1.05,G01,G01G,.25
cl,9,B23,B23K,.25
qq,1.05,A24,A24C,.25
de,1.06,B25,B25G,.25
wm,5.04,F22,F22B,.25
ru,3.01,E01,E01C,.25
db,2.08,E01,E01C,.25
ip,2.07,B41,B41F,.25
su,3.02,G08,G08G,.25
tq,3.02,B65,B65F,.25
um,3.01,C01,C01F,.25
nq,5.01,B26,B26B,.25
we,3.02,A41,A41D,.25
yp,3.02,A63,A63B,.25
hq,1.04,H02,H02G,.25
oy,9,G01,G01H,.25
um,3.01,B61,B61B,.25
qq,1.05,B03,B03D,.25
xw,3.03,G05,G05F,.25
si,1.05,E02,E02D,.25
pk,2.05,B41,B41C,.25
ot,6.02,G01,G01T,.25
hf,6.03,B62,B62K,.25
pf,6.02,D06,D06M,.25
um,3.01,C22,C22C,.25
ox,6.02,B60,B60J,.25
ka,4.01,B24,B24D,.25
qg,2.05,G04,G04G,.25
cu,1.06,H02,H02B,.25
zm,1.06,C13,C13K,.25
ui,1.03,E01,E01F,.25
rt,3.02,F42,F42B,.25
ru,3.01,B41,B41N,.25
ew,1.02,C01,C01F,.25
he,5.03,G01,G01L,.25
uq,5.07,C09,C09K,.25
wm,5.04,B24,B24C,.25
mw,5.09,H04,H04J,.25
lq,3.03,A47,A47C,.25
bm,5.07,F23,F23L,.25
io,2.07,A63,A63F,.25
yy,5.07,C10,C10B,.25
jb,5.07,B23,B23H,.25
pn,1.01,H03,H03C,.25
aq,3.02,B64,B64C,.25
ep,1.02,B31,B31F,.25
pe,5.02,F16,F16J,.25
ix,2.07,F41,F41A,.25
pa,6.02,B07,B07C,.25
qf,9,A24,A24D,.25
om,5.05,G10,G10D,.25
nn,3.03,E04,E04F,.25
uk,1.03,A01,A01D,.25
bv,5.01,H05,H05B,.25
nq,5.01,B03,B03C,.25
wv,3.03,F24,F24H,.25
oy,9,G05,G05F,.25
rq,1.06,B62,B62K,.25
ds,3.02,C10,C10G,.25
ot,6.02,A46,A46B,.25
xe,4.01,D03,D03D,.25
wc,3.03,E01,E01C,.25
xq,2.11,F23,F23J,.25
cl,9,F23,F23C,.25
xw,3.03,F16,F16M,.25
ac,2.02,B23,B23F,.25
fe,5.05,H03,H03M,.25
qc,6.02,B27,B27K,.25
ns,2.01,H04,H04K,.25
bi,6.01,A47,A47F,.25
iy,1.06,H01,H01M,.25
qa,3.01,F24,F24H,.25
xw,3.03,G01,G01Q,.25
dt,2.03,F41,F41H,.25
pc,5.02,D02,D02G,.25
pc,5.02,D21,D21G,.25
uh,1.03,C06,C06C,.25
pc,5.02,F04,F04B,.25
ja,1.05,A22,A22C,.25
kv,1.05,F28,F28D,.25
fy,3.02,G05,G05D,.25
de,1.06,B27,B27B,.25
ry,2.03,D04,D04B,.25
iq,2.02,Y02,Y02D,.25
bu,1.03,F24,F24S,.25
cq,1.06,C23,C23G,.25
ra,2.11,F16,F16G,.25
pc,5.02,F25,F25C,.25
pe,5.02,B60,B60G,.25
qg,2.05,B60,B60Q,.25
io,2.07,B60,B60W,.25
ff,3.02,B65,B65F,.25
pe,5.02,A24,A24D,.25
pz,2.05,B42,B42D,.25
sd,3.02,F24,F24S,.25
xa,5.04,B60,B60T,.25
hf,6.03,F01,F01D,.25
ui,1.03,B28,B28D,.25
pz,2.05,A44,A44B,.25
bm,5.07,C08,C08J,.25
wu,5.04,H05,H05H,.25
pe,5.02,D21,D21G,.25
gu,1.06,C07,C07B,.25
ne,3.03,F41,F41H,.25
lj,3.02,E02,E02D,.25
gy,5.02,F28,F28B,.25
pe,5.02,H02,H02B,.25
wv,3.03,B65,B65H,.25
wv,3.03,F01,F01D,.25
nq,5.01,C06,C06B,.25
pn,1.01,C05,C05F,.25
pq,1.01,B60,B60P,.25
es,2.02,B21,B21C,.25
ji,5.01,G01,G01M,.25
ij,2.11,B03,B03D,.25
ac,2.02,D03,D03D,.25
pf,6.02,G06,G06T,.25
oa,2.11,B41,B41K,.25
zd,9,G05,G05F,.25
pg,6.02,A61,A61Q,.25
ev,1.02,B41,B41M,.25
ru,3.01,D03,D03J,.25
bp,6.04,B29,B29D,.25
ji,5.01,A23,A23D,.25
ru,3.01,E05,E05C,.25
rb,2.02,F42,F42C,.25
ph,6.02,B60,B60R,.25
co,1.06,B23,B23C,.25
gu,1.06,B25,B25F,.25
yi,6.03,D06,D06P,.25
ev,1.02,C12,C12F,.25
wm,5.04,E02,E02F,.25
pu,2.03,D06,D06Q,.25
ve,3.02,F04,F04D,.25
pd,6.02,A23,A23G,.25
ij,2.11,C01,C01C,.25
pt,3.03,A63,A63H,.25
qq,1.05,B29,B29D,.25
et,1.02,C05,C05B,.25
pi,1.06,C21,C21B,.25
ky,1.05,B60,B60J,.25
wu,5.04,B02,B02C,.25
mm,6.01,B61,B61C,.25
ni,3.01,F15,F15B,.25
zd,9,C05,C05F,.25
om,5.05,E05,E05B,.25
pj,2.05,A62,A62C,.25
pg,6.02,B62,B62J,.25
ij,2.11,F21,F21L,.25
pt,3.03,B60,B60S,.25
uf,1.03,B66,B66F,.25
pj,2.05,B29,B29D,.25
pt,3.03,A47,A47J,.25
pt,3.03,A43,A43B,.25
ot,6.02,B31,B31F,.25
ox,6.02,G01,G01H,.25
ps,5.04,H01,H01H,.25
en,9,H01,H01Q,.25
ps,5.04,F04,F04D,.25
ev,1.02,D06,D06Q,.25
ml,9,B23,B23B,.25
po,1.01,A47,A47C,.25
bp,6.04,A42,A42B,.25
ps,5.04,B60,B60N,.25
eq,3.01,C30,C30B,.25
td,3.02,B29,B29D,.25
cu,1.06,B25,B25F,.25
bu,1.03,C25,C25D,.25
wm,5.04,B21,B21D,.25
pq,1.01,G03,G03B,.25
pq,1.01,G01,G01H,.25
ff,3.02,B29,B29C,.25
jy,4.05,D05,D05C,.25
bi,6.01,H03,H03G,.25
hf,6.03,F24,F24H,.25
ja,1.05,A45,A45B,.25
yq,5.07,A23,A23G,.25
iy,1.06,G04,G04G,.25
ds,3.02,F03,F03D,.25
ru,3.01,B44,B44F,.25
wm,5.04,G02,G02C,.25
uh,1.03,B30,B30B,.25
pq,1.01,B02,B02C,.25
hl,3.03,B60,B60B,.25
um,3.01,F42,F42D,.25
rb,2.02,C01,C01F,.25
po,1.01,G03,G03B,.25
vs,5.01,A61,A61J,.25
dw,1.04,D07,D07B,.25
po,1.01,F02,F02B,.25
po,1.01,F01,F01L,.25
ru,3.01,B60,B60S,.25
po,1.01,B41,B41J,.25
zc,4.03,G01,G01F,.25
aa,1.03,B04,B04C,.25
ep,1.02,B63,B63C,.25
xy,1.01,G05,G05G,.25
ub,1.03,B60,B60M,.25
ik,2.11,B62,B62J,.25
fa,2.01,F17,F17C,.25
uq,5.07,F41,F41H,.25
yy,5.07,A61,A61G,.25
km,1.06,C21,C21D,.25
we,3.02,B26,B26D,.25
qg,2.05,F16,F16M,.25
wv,3.03,G09,G09G,.25
dt,2.03,E05,E05F,.25
hf,6.03,G01,G01J,.25
wq,5.01,G07,G07D,.25
de,1.06,C25,C25D,.25
km,1.06,G05,G05F,.25
un,1.03,E04,E04C,.25
ox,6.02,F16,F16F,.25
ka,4.01,G10,G10K,.25
wf,1.06,G02,G02F,.25
ad,4.02,C14,C14C,.25
wm,5.04,D03,D03D,.25
ru,3.01,E03,E03D,.25
hb,5.03,B60,B60S,.25
ig,2.06,F01,F01L,.25
qc,6.02,G04,G04G,.25
ne,3.03,C10,C10J,.25
di,5.02,C06,C06B,.25
aa,1.03,B28,B28D,.25
bf,5.04,B65,B65B,.25
td,3.02,H05,H05K,.25
pa,6.02,G10,G10D,.25
sd,3.02,F25,F25B,.25
xy,1.01,B23,B23H,.25
ot,6.02,F24,F24T,.25
ry,2.03,B23,B23B,.25
nu,5.08,D21,D21B,.25
zd,9,F41,F41H,.25
jw,6.02,H01,H01J,.25
bf,5.04,B05,B05B,.25
jw,6.02,H02,H02J,.25
ox,6.02,B02,B02C,.25
jy,4.05,B60,B60C,.25
ql,9,G08,G08B,.25
bd,1.06,B60,B60P,.25
vi,5.01,H03,H03H,.25
qk,6.01,B62,B62J,.25
uq,5.07,H03,H03H,.25
ix,2.07,B24,B24C,.25
zc,4.03,F25,F25D,.25
oa,2.11,Y02,Y02B,.25
gy,5.02,F41,F41J,.25
uh,1.03,F41,F41B,.25
gy,5.02,B03,B03C,.25
hb,5.03,H02,H02P,.25
iq,2.02,A61,A61D,.25
bk,6.04,E02,E02D,.25
yo,3.01,C06,C06C,.25
ra,2.11,B64,B64C,.25
rz,3.03,G01,G01J,.25
ai,2.03,B66,B66B,.25
ds,3.02,A47,A47K,.25
fe,5.05,C02,C02F,.25
ip,2.07,F25,F25D,.25
wu,5.04,G03,G03H,.25
cl,9,C03,C03B,.25
um,3.01,A01,A01J,.25
io,2.07,B81,B81B,.25
iq,2.02,B43,B43M,.25
qq,1.05,A41,A41D,.25
tc,3.02,H03,H03F,.25
jm,5.04,C30,C30B,.25
uh,1.03,B21,B21K,.25
di,5.02,B31,B31D,.25
hl,3.03,F01,F01L,.25
bm,5.07,C12,C12Y,.25
ji,5.01,F41,F41A,.25
sd,3.02,H02,H02G,.25
uf,1.03,C11,C11B,.25
ma,3.02,A41,A41C,.25
ei,1.04,H02,H02B,.25
un,1.03,E04,E04H,.25
ii,2.04,F03,F03C,.25
ew,1.02,D01,D01C,.25
qh,2.05,C01,C01D,.25
uu,5.06,G01,G01J,.25
ky,1.05,A23,A23D,.25
tu,3.01,G07,G07G,.25
jo,5.04,H04,H04Q,.25
ml,9,B60,B60T,.25
fu,5.04,D05,D05B,.25
en,9,B31,B31F,.25
pi,1.06,F24,F24S,.25
jb,5.07,A41,A41D,.25
ji,5.01,B26,B26B,.25
jm,5.04,F21,F21V,.25
mq,6.01,B25,B25J,.25
om,5.05,A24,A24D,.25
sr,2.07,F16,F16D,.25
en,9,H01,H01P,.25
da,1.06,B21,B21D,.25
lj,3.02,F03,F03G,.25
mq,6.01,F04,F04D,.25
ij,2.11,F28,F28B,.25
vi,5.01,B23,B23H,.25
ds,3.02,A47,A47B,.25
ay,3.01,A23,A23G,.25
bd,1.06,A63,A63H,.25
pg,6.02,H01,H01R,.25
po,1.01,G05,G05G,.25
nq,5.01,H01,H01S,.25
eo,6.02,A24,A24B,.25
ds,3.02,B41,B41J,.25
dy,1.04,F23,F23M,.25
wy,5.04,A23,A23D,.25
rt,3.02,F15,F15C,.25
rb,2.02,H05,H05H,.25
re,1.05,A01,A01C,.25
uy,1.04,F24,F24H,.25
et,1.02,B63,B63J,.25
aa,1.03,B41,B41K,.25
iy,1.06,C09,C09C,.25
ds,3.02,B27,B27G,.25
qq,1.05,G02,G02C,.25
or,5.09,H04,H04S,.25
te,1.05,D06,D06M,.25
wc,3.03,B29,B29B,.25
uf,1.03,A23,A23B,.25
nu,5.08,E05,E05F,.25
ja,1.05,B23,B23H,.25
ev,1.02,B44,B44B,.25
mq,6.01,H04,H04J,.25
oo,3.03,D04,D04D,.25
xy,1.01,H02,H02S,.25
dq,9,H03,H03G,.25
oo,3.03,B60,B60D,.25
aa,1.03,C08,C08H,.25
zc,4.03,B68,B68B,.25
re,1.05,E04,E04D,.25
vi,5.01,B29,B29B,.25
sr,2.07,D06,D06N,.25
qg,2.05,C06,C06D,.25
bm,5.07,A01,A01G,.25
ba,3.02,A23,A23F,.25
re,1.05,F16,F16B,.25
sa,3.03,G01,G01D,.25
uh,1.03,C21,C21D,.25
kv,1.05,G03,G03B,.25
pj,2.05,G02,G02C,.25
sy,1.03,B23,B23D,.25
le,1.05,D04,D04C,.25
yi,6.03,F02,F02F,.25
oo,3.03,F16,F16H,.25
ra,2.11,C02,C02F,.25
oi,3.02,H04,H04S,.25
zm,1.06,C06,C06F,.25
qh,2.05,A62,A62D,.25
en,9,H02,H02B,.25
vm,5.06,B29,B29D,.25
pq,1.01,C09,C09F,.25
pi,1.06,G09,G09B,.25
db,2.08,A21,A21B,.25
rq,1.06,G01,G01B,.25
ku,5.07,C25,C25B,.25
ix,2.07,G01,G01B,.25
co,1.06,F28,F28G,.25
zc,4.03,C07,C07G,.25
qa,3.01,A42,A42B,.25
ps,5.04,F01,F01L,.25
py,3.02,F27,F27B,.25
ep,1.02,G06,G06J,.25
db,2.08,B60,B60P,.25
ht,1.06,B60,B60R,.25
hl,3.03,C06,C06B,.25
zq,2.07,F24,F24H,.25
ik,2.11,C09,C09F,.25
qq,1.05,A47,A47J,.25
rp,6.04,E01,E01F,.25
rp,6.04,E02,E02B,.25
hy,1.06,D07,D07B,.25
oo,3.03,G09,G09G,.25
ur,1.01,B29,B29B,.25
ki,3.02,B05,B05D,.25
ue,2.11,E04,E04C,.25
qa,3.01,H04,H04K,.25
qh,2.05,C09,C09B,.25
hl,3.03,B21,B21D,.25
ot,6.02,A42,A42B,.25
hf,6.03,A45,A45F,.25
ve,3.02,B65,B65C,.25
ac,2.02,G10,G10F,.25
wm,5.04,D04,D04D,.25
ph,6.02,C03,C03C,.25
oy,9,B31,B31F,.25
wv,3.03,B66,B66C,.25
oe,5.06,C13,C13K,.25
qg,2.05,A23,A23B,.25
ei,1.04,G04,G04G,.25
ps,5.04,A47,A47C,.25
et,1.02,F02,F02K,.25
ry,2.03,F28,F28B,.25
vx,5.01,C01,C01G,.25
ql,9,C07,C07C,.25
am,4.01,G21,G21C,.25
gu,1.06,B64,B64F,.25
nq,5.01,F41,F41B,.25
ye,2.02,F42,F42C,.25
cu,1.06,G05,G05G,.25
pj,2.05,B60,B60S,.25
ps,5.04,B01,B01D,.25
za,3.02,B41,B41M,.25
da,1.06,F02,F02M,.25
qu,1.06,A43,A43D,.25
wc,3.03,A47,A47K,.25
ga,3.02,A01,A01D,.25
om,5.05,E01,E01F,.25
iq,2.02,B41,B41K,.25
pi,1.06,H01,H01R,.25
vy,3.02,B04,B04C,.25
es,2.02,F27,F27B,.25
pn,1.01,D01,D01F,.25
ql,9,H01,H01F,.25
ha,5.03,C25,C25D,.25
bp,6.04,B44,B44F,.25
oe,5.06,B24,B24D,.25
vi,5.01,F28,F28D,.25
ve,3.02,C09,C09C,.25
pi,1.06,D06,D06P,.25
si,1.05,A01,A01D,.25
di,5.02,F04,F04B,.25
oi,3.02,A23,A23J,.25
eu,2.02,G10,G10G,.25
cn,5.01,A23,A23P,.25
tm,3.01,H04,H04R,.25
ps,5.04,C09,C09B,.25
qc,6.02,B82,B82Y,.25
ix,2.07,A01,A01G,.25
za,3.02,H03,H03H,.25
gu,1.06,B23,B23H,.25
tq,3.02,C05,C05D,.25
hi,5.01,B22,B22D,.25
wf,1.06,B05,B05B,.25
yy,5.07,G08,G08G,.25
ju,4.01,C25,C25B,.25
ig,2.06,B60,B60S,.25
oz,6.02,E01,E01H,.25
ex,1.02,G21,G21F,.25
un,1.03,F27,F27D,.25
rq,1.06,A43,A43D,.25
rq,1.06,A61,A61F,.25
ni,3.01,A42,A42B,.25
oa,2.11,B44,B44D,.25
hy,1.06,F16,F16L,.25
ds,3.02,B67,B67D,.25
vx,5.01,F01,F01M,.25
ba,3.02,B67,B67D,.25
ad,4.02,G02,G02F,.25
cl,9,G10,G10B,.25
ot,6.02,B07,B07C,.25
ut,6.02,G01,G01H,.25
xe,4.01,E03,E03F,.25
pm,2.05,D06,D06C,.25
wf,1.06,B23,B23H,.25
po,1.01,H01,H01T,.25
yo,3.01,C14,C14C,.25
mr,6.01,G06,G06T,.25
pj,2.05,H05,H05H,.25
ph,6.02,G01,G01V,.25
um,3.01,B65,B65H,.25
td,3.02,A47,A47J,.25
ve,3.02,B63,B63C,.25
qe,2.09,H03,H03H,.25
xw,3.03,B29,B29B,.25
oy,9,A46,A46B,.25
bp,6.04,D01,D01F,.25
qk,6.01,B05,B05D,.25
rt,3.02,C21,C21B,.25
fe,5.05,G01,G01B,.25
rz,3.03,B22,B22F,.25
nu,5.08,A63,A63J,.25
qg,2.05,G08,G08G,.25
zr,1.05,D01,D01D,.25
uh,1.03,A41,A41C,.25
es,2.02,F25,F25J,.25
fa,2.01,B61,B61K,.25
uf,1.03,A24,A24D,.25
cq,1.06,B25,B25D,.25
ve,3.02,B60,B60V,.25
ik,2.11,E04,E04H,.25
oo,3.03,F01,F01L,.25
eu,2.02,H03,H03G,.25
nu,5.08,B61,B61F,.25
cl,9,F02,F02C,.25
rq,1.06,A61,A61M,.25
en,9,C11,C11D,.25
fs,6.04,E02,E02B,.25
id,2.07,D04,D04C,.25
ve,3.02,B81,B81B,.25
ku,5.07,G09,G09F,.25
vi,5.01,B63,B63H,.25
ns,2.01,B60,B60P,.25
ru,3.01,F02,F02M,.25
gc,1.05,H04,H04Q,.25
if,2.11,B64,B64B,.25
su,3.02,D03,D03J,.25
he,5.03,G01,G01H,.25
vx,5.01,C10,C10C,.25
eq,3.01,B05,B05D,.25
gy,5.02,C06,C06B,.25
pi,1.06,E06,E06B,.25
dr,1.06,B62,B62K,.25
pc,5.02,C01,C01G,.25
un,1.03,B25,B25J,.25
re,1.05,G01,G01T,.25
ya,3.02,H03,H03J,.25
op,3.03,B65,B65C,.25
bd,1.06,B82,B82Y,.25
ue,2.11,F02,F02C,.25
vm,5.06,F21,F21K,.25
pn,1.01,B27,B27N,.25
he,5.03,B60,B60C,.25
dq,9,G05,G05F,.25
iq,2.02,Y02,Y02B,.25
ua,6.03,F15,F15D,.25
km,1.06,H04,H04K,.25
wm,5.04,F21,F21L,.25
aq,3.02,C10,C10M,.25
xq,2.11,D06,D06F,.25
cq,1.06,B60,B60P,.25
yy,5.07,F23,F23G,.25
uk,1.03,H02,H02B,.25
ou,1.06,E06,E06B,.25
fi,1.04,G10,G10L,.25
xa,5.04,E02,E02B,.25
oo,3.03,B26,B26D,.25
mw,5.09,C08,C08J,.25
ua,6.03,B22,B22F,.25
vi,5.01,A01,A01D,.25
oy,9,G10,G10G,.25
pz,2.05,G10,G10G,.25
mq,6.01,F21,F21S,.25
up,1.03,G07,G07F,.25
pe,5.02,H01,H01C,.25
zc,4.03,G10,G10K,.25
gy,5.02,H02,H02G,.25
wh,3.02,H03,H03M,.25
bu,1.03,E04,E04F,.25
wm,5.04,B66,B66F,.25
vx,5.01,A01,A01B,.25
wu,5.04,F28,F28D,.25
re,1.05,B64,B64G,.25
ju,4.01,B41,B41J,.25
uf,1.03,D06,D06B,.25
wm,5.04,G01,G01T,.25
te,1.05,B60,B60J,.25
po,1.01,B60,B60N,.25
yg,6.04,B44,B44D,.25
fe,5.05,A63,A63B,.25
en,9,B07,B07C,.25
yq,5.07,B60,B60S,.25
sa,3.03,F17,F17D,.25
zm,1.06,C25,C25C,.25
eu,2.02,A01,A01C,.25
bu,1.03,C07,C07J,.25
dq,9,C22,C22F,.25
mc,1.06,G05,G05G,.25
az,3.02,C09,C09D,.25
ki,3.02,H03,H03L,.25
pc,5.02,C09,C09C,.25
we,3.02,H01,H01S,.25
uh,1.03,B60,B60R,.25
nq,5.01,G05,G05G,.25
tc,3.02,F21,F21S,.25
ut,6.02,B64,B64B,.25
ps,5.04,A63,A63B,.25
vi,5.01,B03,B03C,.25
ja,1.05,A24,A24C,.25
vx,5.01,A01,A01D,.25
wf,1.06,B22,B22D,.25
wm,5.04,B06,B06B,.25
pe,5.02,G09,G09D,.25
ya,3.02,F21,F21S,.25
kv,1.05,B01,B01L,.25
eu,2.02,A61,A61H,.25
ro,1.07,E03,E03D,.25
qj,2.05,H02,H02J,.25
oe,5.06,C05,C05F,.25
um,3.01,E21,E21D,.25
ru,3.01,C01,C01F,.25
vi,5.01,H04,H04J,.25
uu,5.06,F15,F15B,.25
ds,3.02,F41,F41A,.25
fa,2.01,H02,H02S,.25
uh,1.03,C13,C13B,.25
wv,3.03,B21,B21D,.25
ai,2.03,G21,G21G,.25
tc,3.02,F02,F02B,.25
gy,5.02,G05,G05G,.25
bf,5.04,B24,B24B,.25
tc,3.02,E06,E06B,.25
ps,5.04,B22,B22D,.25
pc,5.02,B30,B30B,.25
wc,3.03,B66,B66C,.25
ur,1.01,G04,G04G,.25
ji,5.01,B41,B41M,.25
di,5.02,B60,B60Q,.25
gy,5.02,C10,C10J,.25
vx,5.01,B60,B60P,.25
pe,5.02,C01,C01D,.25
ma,3.02,H02,H02S,.25
un,1.03,E01,E01F,.25
uh,1.03,G06,G06J,.25
ah,4.01,F02,F02G,.25
hb,5.03,B66,B66C,.25
ad,4.02,A23,A23N,.25
si,1.05,H02,H02M,.25
ma,3.02,B08,B08B,.25
yo,3.01,C07,C07G,.25
tm,3.01,H03,H03L,.25
de,1.06,H03,H03L,.25
gc,1.05,C10,C10M,.25
dx,3.01,F23,F23C,.25
et,1.02,G04,G04R,.25
yu,3.03,B62,B62D,.25
km,1.06,F02,F02B,.25
ga,3.02,D06,D06P,.25
bp,6.04,G01,G01P,.25
pa,6.02,B31,B31F,.25
ju,4.01,E06,E06B,.25
wm,5.04,F01,F01D,.25
jm,5.04,A21,A21D,.25
sr,2.07,A63,A63H,.25
tc,3.02,A23,A23F,.25
nm,5.02,F15,F15B,.25
ua,6.03,D21,D21G,.25
ve,3.02,E02,E02D,.25
le,1.05,F41,F41G,.25
bk,6.04,C10,C10K,.25
cn,5.01,B30,B30B,.25
oy,9,E04,E04C,.25
ev,1.02,H02,H02B,.25
zd,9,E04,E04D,.25
si,1.05,A23,A23B,.25
xe,4.01,C11,C11B,.25
oe,5.06,A46,A46B,.25
tu,3.01,B60,B60N,.25
wm,5.04,G03,G03C,.25
wf,1.06,G01,G01Q,.25
li,3.02,E02,E02D,.25
sy,1.03,C06,C06D,.25
qd,6.02,C05,C05F,.25
ui,1.03,B09,B09B,.25
jb,5.07,B62,B62K,.25
vy,3.02,F17,F17D,.25
he,5.03,G03,G03G,.25
de,1.06,F24,F24C,.25
ky,1.05,B62,B62B,.25
we,3.02,G21,G21G,.25
ff,3.02,F02,F02B,.25
hb,5.03,F02,F02C,.25
jb,5.07,H02,H02H,.25
pa,6.02,B26,B26F,.25
hl,3.03,A47,A47J,.25
aa,1.03,B64,B64F,.25
vy,3.02,C10,C10J,.25
jy,4.05,B21,B21F,.25
vx,5.01,F16,F16J,.25
zq,2.07,D06,D06P,.25
dm,3.02,B62,B62B,.25
pe,5.02,D02,D02G,.25
ya,3.02,B66,B66C,.25
ji,5.01,A01,A01K,.25
pj,2.05,B41,B41N,.25
py,3.02,C12,C12J,.25
ju,4.01,B05,B05D,.25
oy,9,F24,F24T,.25
bv,5.01,C11,C11D,.25
id,2.07,B41,B41C,.25
de,1.06,B66,B66F,.25
xy,1.01,H01,H01H,.25
ru,3.01,A01,A01D,.25
zr,1.05,C12,C12F,.25
gc,1.05,A61,A61H,.25
pn,1.01,B27,B27K,.25
ee,1.04,H02,H02S,.25
hl,3.03,B67,B67D,.25
pt,3.03,A61,A61D,.25
aa,1.03,A61,A61G,.25
eo,6.02,A23,A23J,.25
um,3.01,A44,A44C,.25
bk,6.04,A23,A23F,.25
ps,5.04,A01,A01C,.25
lq,3.03,B60,B60L,.25
ql,9,H01,H01B,.25
vi,5.01,C01,C01G,.25
gy,5.02,B66,B66C,.25
if,2.11,G04,G04R,.25
wm,5.04,B64,B64B,.25
ix,2.07,B64,B64F,.25
rb,2.02,G01,G01H,.25
un,1.03,B29,B29B,.25
ds,3.02,F42,F42B,.25
jo,5.04,B05,B05D,.25
zk,9,A22,A22C,.25
sy,1.03,Y02,Y02D,.25
kv,1.05,D06,D06N,.25
vi,5.01,C10,C10L,.25
hf,6.03,F01,F01L,.25
ex,1.02,F02,F02K,.25
et,1.02,F16,F16N,.25
zq,2.07,B29,B29B,.25
zk,9,C10,C10G,.25
jb,5.07,B04,B04B,.25
jo,5.04,D05,D05B,.25
si,1.05,E06,E06B,.25
vs,5.01,H04,H04B,.25
vs,5.01,H01,H01M,.25
bi,6.01,E02,E02B,.25
zc,4.03,H04,H04K,.25
ru,3.01,C10,C10B,.25
zk,9,H02,H02G,.25
id,2.07,C12,C12G,.25
im,2.01,D06,D06F,.25
tm,3.01,G03,G03C,.25
dr,1.06,F25,F25J,.25
cl,9,G08,G08G,.25
un,1.03,H01,H01C,.25
pc,5.02,F16,F16P,.25
qg,2.05,F02,F02P,.25
xy,1.01,C23,C23F,.25
wc,3.03,G05,G05F,.25
pi,1.06,G16,G16H,.25
cn,5.01,E03,E03D,.25
vi,5.01,F01,F01M,.25
vp,3.03,H02,H02M,.25
if,2.11,F28,F28B,.25
sy,1.03,E01,E01C,.25
km,1.06,H03,H03J,.25
ij,2.11,D06,D06P,.25
ky,1.05,C10,C10G,.25
ee,1.04,G06,G06J,.25
bv,5.01,G02,G02C,.25
vx,5.01,B01,B01F,.25
uq,5.07,F28,F28D,.25
yo,3.01,B23,B23H,.25
ti,9,H01,H01G,.25
oy,9,B07,B07C,.25
te,1.05,A23,A23D,.25
et,1.02,E04,E04G,.25
db,2.08,B41,B41K,.25
ct,9,D21,D21H,.25
za,3.02,H01,H01H,.25
aq,3.02,H01,H01M,.25
ry,2.03,D03,D03D,.25
zm,1.06,C21,C21B,.25
io,2.07,G03,G03G,.25
vj,5.01,G21,G21B,.25
pa,6.02,G16,G16H,.25
ha,5.03,A42,A42B,.25
ew,1.02,H05,H05F,.25
pw,2.06,H01,H01P,.25
uk,1.03,B31,B31D,.25
wh,3.02,C22,C22F,.25
ds,3.02,D03,D03D,.25
zr,1.05,A47,A47B,.25
ht,1.06,H02,H02P,.25
wv,3.03,B26,B26D,.25
io,2.07,C10,C10M,.25
sd,3.02,F04,F04D,.25
yg,6.04,C22,C22C,.25
qq,1.05,C10,C10K,.25
un,1.03,F23,F23N,.25
zm,1.06,G01,G01P,.25
oi,3.02,B41,B41J,.25
cn,5.01,C10,C10B,.25
bp,6.04,A61,A61G,.25
ff,3.02,C10,C10K,.25
ka,4.01,H01,H01B,.25
if,2.11,B66,B66F,.25
oo,3.03,E03,E03D,.25
ea,1.04,F21,F21S,.25
cq,1.06,B28,B28D,.25
gy,5.02,B60,B60J,.25
eq,3.01,B60,B60V,.25
wv,3.03,E03,E03D,.25
ev,1.02,G10,G10C,.25
bp,6.04,G21,G21G,.25
ue,2.11,E01,E01D,.25
wf,1.06,C25,C25D,.25
hf,6.03,C01,C01B,.25
gc,1.05,A47,A47J,.25
gu,1.06,F01,F01K,.25
yq,5.07,C10,C10L,.25
uy,1.04,C21,C21B,.25
ji,5.01,G01,G01Q,.25
ad,4.02,A47,A47K,.25
de,1.06,A23,A23P,.25
xy,1.01,B60,B60J,.25
le,1.05,G04,G04B,.25
ki,3.02,B66,B66F,.25
ex,1.02,C25,C25C,.25
ec,1.04,D04,D04B,.25
rp,6.04,B05,B05C,.25
wv,3.03,B63,B63H,.25
yp,3.02,B66,B66C,.25
ra,2.11,C09,C09J,.25
yy,5.07,G09,G09B,.25
ve,3.02,B62,B62B,.25
un,1.03,F23,F23D,.25
li,3.02,C01,C01B,.25
hb,5.03,E05,E05B,.25
uy,1.04,E21,E21D,.25
wv,3.03,B60,B60B,.25
dy,1.04,C21,C21C,.25
pe,5.02,A23,A23C,.25
ot,6.02,C05,C05D,.25
ih,2.07,F41,F41C,.25
cn,5.01,B65,B65H,.25
az,3.02,C11,C11D,.25
dk,5.02,A01,A01C,.25
tm,3.01,F25,F25J,.25
gy,5.02,F16,F16B,.25
ia,3.02,F17,F17D,.25
ix,2.07,B04,B04B,.25
wc,3.03,C05,C05G,.25
wv,3.03,F01,F01L,.25
wv,3.03,F04,F04F,.25
dm,3.02,B65,B65F,.25
ot,6.02,H03,H03J,.25
vp,3.03,B65,B65C,.25
di,5.02,B64,B64G,.25
aq,3.02,H02,H02M,.25
yi,6.03,B61,B61D,.25
pq,1.01,B26,B26D,.25
gc,1.05,C01,C01C,.25
sa,3.03,D05,D05C,.25
ia,3.02,H05,H05G,.25
wy,5.04,A01,A01N,.25
er,1.02,F41,F41A,.25
ii,2.04,A46,A46D,.25
yq,5.07,F21,F21V,.25
ne,3.03,B60,B60G,.25
po,1.01,A61,A61Q,.25
sy,1.03,D21,D21G,.25
pc,5.02,E05,E05B,.25
ye,2.02,A43,A43D,.25
ik,2.11,A23,A23C,.25
ve,3.02,C06,C06B,.25
yq,5.07,G05,G05G,.25
wv,3.03,B60,B60Q,.25
jb,5.07,G10,G10G,.25
ox,6.02,A01,A01G,.25
xe,4.01,D21,D21C,.25
wu,5.04,A44,A44B,.25
eu,2.02,B05,B05D,.25
un,1.03,E06,E06B,.25
ga,3.02,A46,A46D,.25
en,9,B66,B66B,.25
di,5.02,G10,G10K,.25
ue,2.11,B63,B63C,.25
si,1.05,C03,C03C,.25
hf,6.03,B65,B65H,.25
zd,9,A01,A01J,.25
zm,1.06,G21,G21C,.25
um,3.01,B03,B03B,.25
pt,3.03,H01,H01H,.25
ye,2.02,G04,G04B,.25
ql,9,G10,G10L,.25
ig,2.06,F03,F03H,.25
yq,5.07,H02,H02S,.25
ip,2.07,B41,B41C,.25
pm,2.05,G10,G10G,.25
ru,3.01,F24,F24C,.25
di,5.02,A45,A45D,.25
sy,1.03,C07,C07G,.25
ip,2.07,H04,H04J,.25
tq,3.02,C03,C03B,.25
zd,9,F41,F41G,.25
wc,3.03,B21,B21D,.25
pt,3.03,F16,F16C,.25
vx,5.01,B60,B60S,.25
ix,2.07,E04,E04C,.25
es,2.02,F22,F22D,.25
wf,1.06,B22,B22C,.25
zk,9,G21,G21G,.25
lq,3.03,H01,H01B,.25
hi,5.01,C11,C11C,.25
vi,5.01,F41,F41B,.25
za,3.02,A47,A47B,.25
ki,3.02,B25,B25J,.25
yo,3.01,F16,F16L,.25
im,2.01,F28,F28B,.25
fs,6.04,H04,H04S,.25
db,2.08,A43,A43D,.25
oe,5.06,F23,F23L,.25
uq,5.07,A01,A01G,.25
hf,6.03,C02,C02F,.25
ya,3.02,F24,F24H,.25
ex,1.02,E04,E04G,.25
il,2.07,H05,H05K,.25
co,1.06,H01,H01T,.25
su,3.02,F21,F21K,.25
qa,3.01,G10,G10D,.25
ps,5.04,B60,B60J,.25
tq,3.02,C21,C21B,.25
jb,5.07,A45,A45F,.25
eu,2.02,E02,E02F,.25
bv,5.01,A01,A01M,.25
xe,4.01,E04,E04D,.25
up,1.03,B01,B01F,.25
er,1.02,C08,C08H,.25
co,1.06,E02,E02F,.25
td,3.02,B21,B21C,.25
wq,5.01,G09,G09F,.25
dq,9,H03,H03B,.25
qf,9,E02,E02D,.25
ur,1.01,E01,E01C,.25
pc,5.02,H01,H01T,.25
er,1.02,G01,G01Q,.25
sa,3.03,B23,B23Q,.25
zq,2.07,H02,H02B,.25
wu,5.04,B24,B24D,.25
li,3.02,C05,C05G,.25
oa,2.11,F22,F22G,.25
xa,5.04,C05,C05G,.25
pi,1.06,B66,B66F,.25
ig,2.06,F16,F16F,.25
xe,4.01,F41,F41H,.25
pd,6.02,B60,B60T,.25
bk,6.04,B21,B21D,.25
li,3.02,A01,A01C,.25
ij,2.11,A43,A43C,.25
dm,3.02,B67,B67B,.2500000018626451
jm,5.04,C03,C03C,.2500000037252903
mu,4.01,A61,A61N,.2500000037252903
pu,2.03,B23,B23H,.2500000037252903
uf,1.03,G07,G07C,.2500000037252903
rb,2.02,A45,A45B,.2500000037252903
bf,5.04,G09,G09G,.2500000037252903
ka,4.01,C10,C10J,.2500000037252903
ub,1.03,G04,G04R,.2500000037252903
ma,3.02,H03,H03H,.2500000055879354
zr,1.05,C25,C25C,.2500000055879354
pj,2.05,D06,D06N,.2500000074505806
pc,5.02,C23,C23F,.2500000074505806
bd,1.06,A01,A01B,.2500000074505806
di,5.02,B65,B65B,.2500000074505806
da,1.06,C21,C21C,.2500000074505806
lj,3.02,C03,C03C,.2500000074505806
ry,2.03,C11,C11B,.2500000074505806
cn,5.01,G05,G05D,.2500000074505806
uh,1.03,H05,H05F,.2500000074505806
xe,4.01,C09,C09J,.2500000074505806
di,5.02,E01,E01H,.2500000074505806
pu,2.03,C10,C10K,.2500000074505806
ei,1.04,A47,A47C,.2500000074505806
uu,5.06,D06,D06N,.2500000074505806
uu,5.06,F24,F24S,.2500000074505806
gu,1.06,F03,F03B,.2500000074505806
ns,2.01,F41,F41C,.2500000074505806
ns,2.01,A45,A45D,.2500000074505806
nq,5.01,G07,G07G,.2500000074505806
rx,3.02,H05,H05G,.2500000074505806
nn,3.03,C09,C09B,.2500000074505806
re,1.05,F02,F02K,.2500000074505806
re,1.05,F23,F23C,.2500000074505806
ye,2.02,B63,B63G,.2500000074505806
id,2.07,B24,B24C,.2500000074505806
oa,2.11,B27,B27N,.2500000074505806
es,2.02,B23,B23C,.2500000074505806
il,2.07,B60,B60T,.2500000074505806
le,1.05,C25,C25D,.2500000074505806
ij,2.11,F17,F17D,.2500000074505806
bd,1.06,B29,B29C,.2500000074505806
gy,5.02,E01,E01H,.2500000074505806
un,1.03,C10,C10K,.2500000074505806
if,2.11,F41,F41C,.2500000074505806
ik,2.11,F41,F41C,.2500000074505806
ji,5.01,G07,G07G,.2500000074505806
en,9,G05,G05D,.2500000074505806
pj,2.05,F23,F23N,.2500000074505806
uq,5.07,A43,A43B,.2500000074505806
kv,1.05,A61,A61H,.2500000074505806
de,1.06,C09,C09F,.2500000074505806
qj,2.05,B44,B44F,.2500000074505806
ep,1.02,G03,G03D,.2500000074505806
zd,9,B64,B64C,.2500000074505806
bk,6.04,B26,B26B,.2500000074505806
pm,2.05,A41,A41C,.2500000074505806
ou,1.06,E03,E03F,.2500000074505806
xq,2.11,B27,B27N,.2500000074505806
il,2.07,F17,F17D,.2500000074505806
ah,4.01,C22,C22C,.2500000074505806
im,2.01,F16,F16M,.2500000074505806
ue,2.11,C11,C11B,.2500000074505806
si,1.05,A23,A23C,.2500000074505806
qg,2.05,B43,B43L,.2500000074505806
qg,2.05,A47,A47C,.2500000074505806
zr,1.05,A01,A01M,.2500000074505806
ye,2.02,F25,F25C,.2500000074505806
te,1.05,C25,C25D,.2500000074505806
zr,1.05,D01,D01F,.2500000074505806
yo,3.01,G01,G01K,.2500000074505806
yo,3.01,G01,G01D,.2500000074505806
yr,2.01,F25,F25C,.2500000074505806
pn,1.01,A47,A47K,.2500000074505806
jo,5.04,A61,A61H,.2500000111758709
mr,6.01,C07,C07K,.2500209830468521
ea,1.04,F15,F15D,.2501822793856263
ct,9,D01,D01F,.250362322665751
ev,1.02,C07,C07J,.2503670081496239
da,1.06,C12,C12H,.2504319117870182
im,2.01,B01,B01L,.2504974063485861
ht,1.06,G02,G02C,.2508417563512921
gu,1.06,G02,G02C,.2508417563512921
ji,5.01,E02,E02F,.251282062381506
yo,3.01,B63,B63B,.251388892531395
fi,1.04,A23,A23K,.2513982402160764
mc,1.06,G10,G10H,.2514482447877526
cl,9,F16,F16K,.2515151584520936
ps,5.04,C12,C12P,.2515457002446055
ec,1.04,H03,H03F,.2516330610960722
hb,5.03,C01,C01B,.2516339886933565
hq,1.04,E06,E06B,.2516666725277901
da,1.06,A61,A61D,.2518939431756735
nu,5.08,G21,G21B,.2520217457786202
rq,1.06,C12,C12G,.2523148194886744
wc,3.03,C12,C12M,.2525252550840378
ev,1.02,C23,C23F,.2525316455867141
un,1.03,C10,C10M,.2527472528163344
ev,1.02,B07,B07B,.2529411818832159
hb,5.03,B81,B81B,.2529585799202323
po,1.01,A01,A01C,.2532051282469183
ra,2.11,G01,G01P,.2534188106656075
fa,2.01,B25,B25J,.2534722276031971
rz,3.03,B82,B82Y,.2534722296986729
un,1.03,C11,C11D,.2535714285913855
dk,5.02,A62,A62D,.2536231949925423
jy,4.05,C01,C01F,.2539215688593686
co,1.06,G01,G01G,.2539506163448095
qj,2.05,G03,G03B,.2539682574570179
ga,3.02,A01,A01C,.2539682611823082
ui,1.03,C05,C05F,.2539682611823082
bm,5.07,C12,C12P,.2541128695011139
pe,5.02,G07,G07G,.2541666701436043
iq,2.02,C07,C07G,.2542372881434858
pu,2.03,G05,G05F,.254249922465533
gu,1.06,H03,H03F,.2543478258885443
tc,3.02,B01,B01L,.2544756424613297
dx,3.01,C30,C30B,.2546128015965223
km,1.06,E03,E03B,.2546747997403145
ht,1.06,C12,C12M,.2547619049437344
hy,1.06,C11,C11C,.2549019609577954
uy,1.04,B25,B25F,.2549019623547792
er,1.02,C07,C07D,.2549334289506078
ah,4.01,D21,D21B,.2549751242622733
co,1.06,C25,C25C,.2549999998882413
ku,5.07,C12,C12Q,.2550338804721832
pw,2.06,D21,D21H,.2551282122731209
pu,2.03,A63,A63H,.2551282127387822
dt,2.03,A41,A41D,.2552083334885538
ij,2.11,B25,B25D,.2553030326962471
qe,2.09,A45,A45D,.2553763440810144
ev,1.02,B04,B04B,.255405405536294
ip,2.07,G10,G10L,.2554824613034725
mc,1.06,A43,A43B,.2554945056326687
gc,1.05,G01,G01Q,.2554945163428783
lq,3.03,C08,C08K,.2555555589497089
ry,2.03,A01,A01H,.2555555589497089
bm,5.07,G01,G01V,.2555555589497089
td,3.02,A22,A22B,.2555555589497089
ip,2.07,D06,D06N,.2555555589497089
fy,3.02,B44,B44C,.2555555589497089
io,2.07,H01,H01J,.2556818183511496
ji,5.01,C08,C08G,.2556818183511496
ay,3.01,C07,C07C,.255784421460703
rt,3.02,B03,B03C,.2560240961611271
db,2.08,B60,B60N,.2560606058686972
dw,1.04,G21,G21K,.2560975607484579
xq,2.11,A61,A61C,.2561494279652834
im,2.01,H03,H03B,.2561728395521641
qq,1.05,B08,B08B,.2562500000931323
vi,5.01,C12,C12C,.2562500000931323
bf,5.04,G16,G16H,.2562500024214387
xe,4.01,H03,H03F,.2564102564938366
pn,1.01,F22,F22B,.256451612804085
en,9,C12,C12Q,.2564702013041824
da,1.06,C09,C09C,.2564765345305204
ns,2.01,F16,F16J,.25648149009794
ku,5.07,G07,G07C,.256493516266346
pe,5.02,G21,G21C,.2566666668280959
rb,2.02,C30,C30B,.2568155177868903
sa,3.03,A41,A41D,.2569444444961846
ee,1.04,F23,F23C,.2569444444961846
ou,1.06,A61,A61L,.2570083444006741
gc,1.05,H03,H03G,.2570175440050662
tm,3.01,H01,H01B,.2570422533899546
ub,1.03,F28,F28C,.2570470771752298
bf,5.04,B08,B08B,.2570564448833466
ih,2.07,B81,B81C,.2572463769465685
db,2.08,F02,F02G,.2572463769465685
ru,3.01,H01,H01P,.2572946883738041
qq,1.05,C08,C08B,.2573834806680679
pn,1.01,B29,B29B,.2574074072763324
de,1.06,B25,B25J,.2575757652521133
vy,3.02,D21,D21F,.2575757652521133
ro,1.07,F41,F41C,.2575757652521133
uf,1.03,A47,A47G,.2576923076994717
wh,3.02,C40,C40B,.2577956393361092
tu,3.01,B21,B21F,.2578125
gy,5.02,B81,B81B,.2578658740967512
ei,1.04,F23,F23K,.2579365130513906
uf,1.03,G03,G03H,.2579862102866173
ur,1.01,G03,G03H,.2579862102866173
ru,3.01,A23,A23P,.2580645158886909
xq,2.11,A45,A45D,.2580645233392715
si,1.05,A61,A61C,.2581273345276713
zq,2.07,C08,C08J,.2581300809979439
ad,4.02,A01,A01D,.2581770159304142
zq,2.07,C10,C10J,.2583333337679505
ue,2.11,B60,B60T,.2583333365619183
id,2.07,Y02,Y02P,.2583333384245634
pi,1.06,C25,C25B,.2585470089688897
ja,1.05,F28,F28C,.258620691485703
ue,2.11,F42,F42B,.2587719317525625
ju,4.01,C09,C09B,.2588235326111317
fy,3.02,C07,C07B,.2588235326111317
ds,3.02,B21,B21D,.2589285718277097
sr,2.07,H03,H03J,.2590187676250935
qf,9,B65,B65D,.2592592593282461
yo,3.01,G03,G03C,.2592592593282461
lj,3.02,H01,H01M,.2592592593282461
pj,2.05,D01,D01C,.2592592611908913
ns,2.01,G10,G10L,.2595345880836248
oy,9,C12,C12Y,.2596153849735856
nu,5.08,B25,B25F,.259656211361289
ep,1.02,B28,B28C,.2597222290933132
ec,1.04,F04,F04B,.2598581584170461
nq,5.01,B64,B64C,.2599999979138374
oo,3.03,A61,A61L,.2600040016695857
km,1.06,C01,C01G,.2601010100916028
ha,5.03,C11,C11C,.2601010100916028
po,1.01,G01,G01P,.2601190488785505
dr,1.06,C01,C01G,.2601323872804642
ro,1.07,Y02,Y02A,.26016193209216
ee,1.04,D21,D21B,.2601851942017674
pn,1.01,C09,C09B,.2602040814235806
ea,1.04,F17,F17C,.2604166669771075
ps,5.04,H01,H01M,.2604166669771075
co,1.06,C23,C23G,.2606382975354791
ni,3.01,G07,G07C,.2606481499969959
wm,5.04,G16,G16H,.2607142888009548
di,5.02,C07,C07F,.2608098573982716
es,2.02,F02,F02G,.2608695654198527
ew,1.02,F02,F02G,.2608695654198527
pn,1.01,F03,F03G,.2609803997911513
gc,1.05,A01,A01G,.2609973922371864
ja,1.05,H05,H05G,.2611111113801599
qu,1.06,B07,B07C,.2611111160367727
nn,3.03,B07,B07C,.2611111160367727
dw,1.04,F23,F23N,.2611111178994179
ye,2.02,A63,A63C,.2611111178994179
af,4.05,A01,A01H,.261235611513257
ex,1.02,F28,F28D,.2612745128571987
ns,2.01,G04,G04G,.2613095259293914
qh,2.05,F25,F25D,.2613636367022991
rb,2.02,G03,G03G,.2613636367022991
ya,3.02,C11,C11B,.2614129689754918
hq,1.04,A01,A01H,.2615832397714257
km,1.06,A24,A24F,.2616279069334269
tc,3.02,A23,A23L,.2617475464940071
re,1.05,D06,D06M,.2617918313480914
dq,9,D04,D04G,.2619047667831182
ei,1.04,B44,B44D,.2619047705084085
ht,1.06,C40,C40B,.2620645033894107
il,2.07,G16,G16H,.2623456791043282
qf,9,B82,B82B,.2623983742669225
xa,5.04,H04,H04H,.2624007975682616
jm,5.04,D01,D01F,.2625000029802322
wy,5.04,G06,G06T,.2625000029802322
dr,1.06,F24,F24F,.2625000029802322
ut,6.02,B82,B82Y,.2625000029802322
vx,5.01,H02,H02M,.2625000029802322
bu,1.03,B22,B22F,.2625000029802322
ah,4.01,B02,B02B,.262500012293458
po,1.01,G07,G07C,.262537470087409
ik,2.11,D01,D01D,.2627425100654364
zm,1.06,C07,C07B,.2628205129876733
ev,1.02,H03,H03J,.2629551906138659
fs,6.04,F16,F16K,.2630952447652817
oa,2.11,A23,A23K,.2631578948348761
ep,1.02,A63,A63G,.2631579004228115
ji,5.01,B01,B01J,.2632243558764458
ip,2.07,B24,B24B,.2633075010962784
db,2.08,G05,G05F,.2633333336561918
un,1.03,D01,D01F,.2633333336561918
am,4.01,C22,C22B,.2634920682758093
dx,3.01,A61,A61C,.2636054418981075
ga,3.02,B65,B65B,.2636272762902081
wu,5.04,A61,A61D,.2638888889923692
bd,1.06,A21,A21D,.2638888889923692
aa,1.03,F02,F02P,.2638888917863369
or,5.09,A23,A23G,.2638888917863369
dm,3.02,F02,F02K,.2638888917863369
dt,2.03,A61,A61G,.2638888917863369
zr,1.05,C25,C25D,.2638888955116272
ns,2.01,B60,B60Q,.2638888955116272
pm,2.05,F28,F28C,.2639573123306036
ti,9,C08,C08G,.2641292801126838
ji,5.01,G09,G09F,.2642857143655419
nq,5.01,G09,G09F,.2642857143655419
di,5.02,C11,C11C,.2642857143655419
sy,1.03,F25,F25J,.2642857143655419
qa,3.01,H02,H02N,.2642857190221548
pu,2.03,C07,C07H,.2643094558734447
hf,6.03,C07,C07F,.2644823286682367
dr,1.06,H05,H05H,.2646843530237675
ei,1.04,G01,G01W,.2647058824077249
aa,1.03,C11,C11C,.2647058824077249
vx,5.01,H01,H01S,.2649253727868199
ye,2.02,C07,C07H,.264965012203902
pk,2.05,G21,G21G,.2651515156030655
ub,1.03,A23,A23D,.2651515156030655
bm,5.07,B82,B82Y,.2651515156030655
mu,4.01,B25,B25J,.2651515193283558
ht,1.06,A23,A23C,.2651515230536461
ad,4.02,C25,C25B,.2653266377747059
dq,9,B44,B44C,.2654320988804102
wm,5.04,B24,B24D,.265625
wv,3.03,B24,B24D,.265625
pt,3.03,H05,H05G,.265625
ry,2.03,B60,B60L,.265625
hf,6.03,B24,B24D,.265625
am,4.01,H01,H01S,.265625
oo,3.03,B24,B24D,.265625
le,1.05,H04,H04S,.2656250074505806
ur,1.01,C01,C01G,.265700489282608
ig,2.06,B66,B66C,.265873022377491
co,1.06,A47,A47J,.2660000002942979
ot,6.02,C07,C07H,.2661064807325602
pz,2.05,G03,G03B,.2661290317773819
ml,9,A01,A01N,.2663695048540831
pe,5.02,A01,A01K,.2664141431450844
wm,5.04,G01,G01Q,.2666666675359011
ox,6.02,G10,G10L,.2666666675359011
iq,2.02,C05,C05C,.2666666675359011
dq,9,G03,G03H,.2666666693985462
rz,3.03,G03,G03H,.2666666693985462
db,2.08,F27,F27B,.2666666731238365
ep,1.02,B28,B28B,.2666666731238365
vj,5.01,A23,A23G,.2666666731238365
er,1.02,B01,B01F,.2666666731238365
mr,6.01,A01,A01N,.2666666731238365
ah,4.01,B60,B60W,.2666666731238365
rb,2.02,E04,E04H,.2666666731238365
ya,3.02,D06,D06P,.2666666731238365
db,2.08,A01,A01L,.2666666731238365
ik,2.11,E06,E06B,.2666666731238365
vx,5.01,B05,B05D,.2666666731238365
zk,9,B64,B64D,.2666666731238365
ex,1.02,B64,B64F,.2666666731238365
qe,2.09,A45,A45C,.2666666731238365
zm,1.06,B24,B24D,.2666666731238365
qu,1.06,A24,A24D,.2666666731238365
qq,1.05,F16,F16C,.2666666731238365
gu,1.06,H03,H03B,.2666666731238365
ma,3.02,A23,A23J,.2666666731238365
pn,1.01,F25,F25B,.2666666731238365
gu,1.06,E06,E06B,.2666666731238365
ya,3.02,B26,B26F,.2666666731238365
fu,5.04,C08,C08F,.2666666731238365
xq,2.11,H04,H04H,.2666666731238365
qu,1.06,A01,A01L,.2666666731238365
or,5.09,F16,F16F,.2666666731238365
ig,2.06,A45,A45C,.2666666731238365
fa,2.01,F41,F41C,.2666666731238365
es,2.02,A23,A23J,.2666666731238365
nn,3.03,B64,B64D,.2666666731238365
pu,2.03,B09,B09C,.2666666731238365
hl,3.03,C25,C25B,.2666666731238365
uq,5.07,B23,B23K,.2666666731238365
pj,2.05,G10,G10L,.2666666731238365
vi,5.01,B05,B05D,.2666666731238365
af,4.05,D21,D21H,.2666666731238365
ga,3.02,A41,A41B,.2666666731238365
qe,2.09,E06,E06B,.2666666731238365
bv,5.01,G10,G10K,.2666666731238365
im,2.01,C21,C21D,.2666666731238365
wf,1.06,H04,H04Q,.2666666805744171
sa,3.03,E05,E05D,.2666666805744171
ps,5.04,C23,C23C,.2666666805744171
pj,2.05,H03,H03F,.2667408287525177
ma,3.02,C22,C22B,.2669172994792461
yo,3.01,H03,H03K,.2669444512575865
zm,1.06,A21,A21D,.2669526147656143
er,1.02,B60,B60G,.2670117393136024
de,1.06,F16,F16K,.2672413792461157
ii,2.04,H02,H02N,.2672619139775634
ig,2.06,A01,A01G,.2672848040238023
pm,2.05,C12,C12G,.2673611119389534
nn,3.03,C11,C11C,.2675133740995079
ex,1.02,G21,G21K,.2676767753437161
oa,2.11,A47,A47G,.2676923077087849
xe,4.01,A62,A62D,.2677175393328071
ve,3.02,C12,C12C,.267744252923876
ct,9,B82,B82Y,.2677500939462334
uq,5.07,G03,G03F,.267816100269556
gm,3.03,G10,G10L,.2678321748971939
iq,2.02,D21,D21D,.2678571431897581
kv,1.05,H04,H04M,.2678571436554193
ky,1.05,A23,A23L,.2678571436554193
eu,2.02,A47,A47G,.2678571492433548
di,5.02,G01,G01Q,.2678571492433548
if,2.11,B61,B61D,.2678571492433548
ph,6.02,F41,F41A,.2678571492433548
jm,5.04,A46,A46B,.2678571492433548
ia,3.02,G21,G21F,.2678571492433548
li,3.02,H01,H01F,.2678571492433548
xa,5.04,F41,F41A,.2678571492433548
ta,1.06,A47,A47G,.2678571492433548
si,1.05,A63,A63B,.2678571492433548
dr,1.06,A47,A47G,.2678571492433548
mm,6.01,A47,A47G,.2678571492433548
uu,5.06,A46,A46B,.2678571492433548
rq,1.06,B01,B01J,.2679850137792528
ns,2.01,C07,C07B,.2680121352896094
ph,6.02,C07,C07K,.2680345922708511
tm,3.01,A23,A23G,.2680555623956025
xw,3.03,D01,D01D,.2681818176060915
ia,3.02,B60,B60N,.2681818176060915
hy,1.06,G05,G05B,.2682336233556271
nn,3.03,Y02,Y02A,.2682584300637245
hb,5.03,C22,C22B,.2683873232454062
pi,1.06,B05,B05D,.2685064938850701
mq,6.01,A23,A23J,.2685185186564922
fy,3.02,C11,C11B,.2685185186564922
ix,2.07,B02,B02C,.2685185186564922
ei,1.04,D04,D04C,.2685185186564922
rb,2.02,B65,B65F,.2685185223817825
oa,2.11,C05,C05F,.2685897499322891
pu,2.03,B27,B27N,.2686868757009506
hy,1.06,G03,G03F,.2687758742831647
ps,5.04,G01,G01C,.2690151520073414
qu,1.06,H04,H04H,.2691197767853737
tc,3.02,B23,B23P,.2691885977983475
ni,3.01,G07,G07D,.269230779260397
uu,5.06,A23,A23B,.2693452462553978
uk,1.03,F02,F02D,.2694444446824491
ht,1.06,A61,A61L,.2695561444852501
sd,3.02,H03,H03F,.2696687467396259
sr,2.07,B23,B23K,.2698070402257144
tc,3.02,C08,C08H,.2698191590607166
af,4.05,G06,G06K,.2698412761092186
mc,1.06,A01,A01G,.2698777734767646
ub,1.03,B09,B09C,.2700332836247981
qh,2.05,B81,B81C,.2702380958944559
da,1.06,F02,F02D,.2702490421943367
pw,2.06,A23,A23D,.2702564187347889
ki,3.02,C40,C40B,.2704496938968077
ik,2.11,E02,E02F,.2705026492476463
sy,1.03,C23,C23G,.2705082739703357
ka,4.01,C22,C22B,.2707893531769514
kv,1.05,H04,H04H,.270833333954215
td,3.02,G06,G06G,.270833333954215
ki,3.02,G10,G10L,.270833333954215
dw,1.04,H01,H01T,.270833333954215
fi,1.04,A23,A23C,.270833333954215
le,1.05,H04,H04H,.270833333954215
ja,1.05,H04,H04H,.270833333954215
ad,4.02,G01,G01S,.2708333358168602
qe,2.09,D03,D03D,.2708333358168602
zd,9,H03,H03M,.2708333358168602
sy,1.03,G10,G10D,.2708333358168602
qf,9,H04,H04J,.2708333409391344
qq,1.05,B04,B04C,.2708333414047956
dw,1.04,G08,G08G,.2709150360897183
km,1.06,H05,H05H,.2709656152874231
qe,2.09,B81,B81B,.2709925081580877
hy,1.06,A23,A23B,.2714285776019096
hb,5.03,G07,G07F,.2714285776019096
rq,1.06,C08,C08F,.2714285776019096
sy,1.03,F22,F22B,.2715053758583963
ub,1.03,B09,B09B,.2716845907270908
bm,5.07,C11,C11B,.2717183320783079
yp,3.02,H03,H03F,.2717391308397055
ua,6.03,C25,C25B,.2717391308397055
le,1.05,B03,B03B,.2717391308397055
pw,2.06,G01,G01P,.2717391308397055
hb,5.03,G01,G01T,.2717391308397055
si,1.05,A61,A61Q,.2717948760837317
af,4.05,A61,A61N,.2722222227603197
rz,3.03,B64,B64G,.2722222227603197
pw,2.06,H04,H04Q,.2722222227603197
pu,2.03,B07,B07B,.2722222302109003
ew,1.02,C12,C12M,.2722415504977107
we,3.02,G10,G10L,.2723214365541935
yq,5.07,A61,A61K,.2723654797300696
ct,9,A61,A61J,.2725000027567148
wm,5.04,A01,A01G,.2727272734045982
ub,1.03,B27,B27N,.2727272734045982
hb,5.03,F16,F16B,.2727272734045982
ij,2.11,G02,G02C,.2727272734045982
uy,1.04,D06,D06B,.2727272808551788
re,1.05,G01,G01R,.2729885056614876
zq,2.07,F02,F02C,.2730769230984151
ur,1.01,C08,C08K,.2730769296176732
ii,2.04,B60,B60Q,.273199891904369
wm,5.04,C12,C12R,.2732890546321869
ij,2.11,H04,H04K,.2736111134290695
ig,2.06,C21,C21D,.2738095242530107
wc,3.03,B81,B81B,.2738095242530107
ml,9,A43,A43B,.2738095242530107
qg,2.05,B21,B21B,.2738095242530107
jo,5.04,C23,C23C,.2738095242530107
wf,1.06,G06,G06N,.2738095242530107
yo,3.01,A61,A61G,.2738095242530107
zq,2.07,G03,G03F,.2739418037235737
si,1.05,B64,B64C,.2740015364252031
cn,5.01,G01,G01J,.2740519742947072
rx,3.02,C12,C12N,.2740643257275224
hb,5.03,H05,H05H,.2740800902247429
ro,1.07,C07,C07G,.274190659634769
yo,3.01,B22,B22F,.2743922844529152
uh,1.03,C25,C25F,.2744008717127144
id,2.07,C13,C13B,.2745937686413527
pk,2.05,B25,B25J,.2746913656592369
fi,1.04,A61,A61C,.2747126505710185
bi,6.01,C12,C12R,.275000000372529
un,1.03,F26,F26B,.275000000372529
ik,2.11,G10,G10H,.275000000372529
xy,1.01,F41,F41G,.275000000372529
le,1.05,C09,C09B,.2750000059604645
pe,5.02,G01,G01W,.2750000059604645
xy,1.01,H04,H04K,.2750000078231096
ns,2.01,F41,F41A,.2750172559171915
vi,5.01,A61,A61G,.2751225540414453
yo,3.01,A23,A23J,.2755189314484596
af,4.05,G06,G06N,.2756410259753466
vx,5.01,B60,B60W,.2756410334259272
dy,1.04,H03,H03D,.2757575856521726
dw,1.04,Y02,Y02A,.2758620688691735
da,1.06,H03,H03M,.2759251249954104
bd,1.06,G06,G06K,.2759259305894375
ze,1.06,H03,H03M,.2763157896697521
dt,2.03,C07,C07K,.2763225773815066
da,1.06,G10,G10K,.2765079410746694
pk,2.05,C12,C12P,.2765173283405602
ns,2.01,B63,B63B,.2766666673123837
pi,1.06,B01,B01L,.27678909804672
hb,5.03,H01,H01F,.2768127992749214
dr,1.06,C07,C07G,.2768361656926572
un,1.03,C11,C11C,.2769081506412476
eo,6.02,G01,G01V,.2769230827689171
qu,1.06,G09,G09G,.2770270276814699
tq,3.02,G01,G01T,.2773268423043191
ev,1.02,B09,B09C,.2773519586771727
qa,3.01,H03,H03K,.2774972012266517
zq,2.07,B21,B21B,.277572070248425
re,1.05,B21,B21B,.277572070248425
py,3.02,C08,C08H,.2777248751372099
dt,2.03,G21,G21D,.2777777779847383
ai,2.03,G21,G21D,.2777777779847383
zq,2.07,H01,H01C,.2777777779847383
pn,1.01,H02,H02S,.2777777779847383
un,1.03,F23,F23L,.2777777779847383
le,1.05,B21,B21J,.2777777779847383
ea,1.04,F03,F03H,.2777777779847383
re,1.05,B64,B64C,.2777777779847383
mc,1.06,G03,G03B,.2777777779847383
uh,1.03,A61,A61C,.2777777779847383
xe,4.01,H01,H01M,.2777777779847383
dw,1.04,F23,F23K,.2777777798473835
ki,3.02,B67,B67B,.2777777798473835
td,3.02,A43,A43B,.2777777798473835
uf,1.03,C21,C21D,.2777777798473835
rb,2.02,B63,B63C,.2777777798473835
qe,2.09,B44,B44C,.2777777798473835
ba,3.02,H02,H02M,.2777777835726738
if,2.11,C13,C13B,.2777777835726738
ii,2.04,F41,F41J,.2777777835726738
cl,9,B29,B29C,.2777777835726738
ij,2.11,C21,C21C,.2777777835726738
ac,2.02,B21,B21J,.2777777835726738
pe,5.02,H05,H05G,.2777777835726738
bd,1.06,H04,H04J,.2777777835726738
de,1.06,F41,F41H,.2777777835726738
ui,1.03,C10,C10B,.2777777835726738
ip,2.07,G03,G03C,.2777777835726738
ik,2.11,F27,F27D,.2777777835726738
uk,1.03,B66,B66F,.2777777835726738
jy,4.05,F01,F01N,.2777777835726738
ay,3.01,H05,H05B,.2777777835726738
et,1.02,G04,G04B,.2777777835726738
vy,3.02,B41,B41M,.2777777835726738
bu,1.03,E04,E04H,.2777777835726738
iy,1.06,B41,B41M,.2777777835726738
et,1.02,A44,A44C,.2777777835726738
gc,1.05,E02,E02D,.2777777835726738
ad,4.02,G01,G01P,.2777777835726738
yo,3.01,B41,B41M,.2777777835726738
iq,2.02,C13,C13B,.2777777835726738
he,5.03,C08,C08F,.2777777835726738
wu,5.04,C09,C09J,.2777777835726738
hb,5.03,C11,C11B,.2777777835726738
we,3.02,B60,B60L,.2777777835726738
ep,1.02,B21,B21J,.2777777835726738
ah,4.01,G01,G01K,.2777777835726738
hi,5.01,F16,F16D,.2777777835726738
fe,5.05,G05,G05B,.2777777835726738
yq,5.07,A47,A47C,.2777777835726738
yy,5.07,A23,A23L,.2777777835726738
yq,5.07,H02,H02H,.2777777835726738
cu,1.06,B24,B24B,.2777777835726738
aa,1.03,G07,G07D,.2779220826923847
oa,2.11,H04,H04K,.2780557218939066
cl,9,A01,A01K,.2782187014818192
hy,1.06,H01,H01B,.278471756959334
il,2.07,C10,C10M,.2785714287310839
um,3.01,G02,G02F,.2786210393533111
ou,1.06,C09,C09K,.278885061852634
ry,2.03,A23,A23K,.2789817727170885
aa,1.03,D21,D21H,.2790404045954347
ry,2.03,A01,A01G,.2791666723787785
uh,1.03,B23,B23H,.2794117648154497
ps,5.04,C12,C12Q,.279511867556721
um,3.01,F25,F25D,.2795698940753937
cu,1.06,F25,F25D,.2795698940753937
ut,6.02,G05,G05D,.2796073807403445
id,2.07,C06,C06C,.2800000011920929
if,2.11,C06,C06D,.2800000011920929
db,2.08,B29,B29B,.2800397928804159
er,1.02,F41,F41H,.2801226582378149
dx,3.01,G01,G01D,.280303031206131
ns,2.01,A23,A23G,.280311893671751
ky,1.05,C07,C07K,.2803766941651702
dy,1.04,G06,G06G,.2804182015825063
ht,1.06,B82,B82Y,.2806792911142111
ff,3.02,G06,G06N,.2808908075094223
en,9,C07,C07D,.2809224319644272
ja,1.05,A23,A23D,.2809523902833462
un,1.03,B81,B81C,.2810095022432506
te,1.05,G01,G01N,.2810241030529141
oo,3.03,G06,G06N,.28125
re,1.05,F28,F28F,.28125
li,3.02,G05,G05D,.2815860221162438
ec,1.04,B42,B42D,.2817460335791111
vi,5.01,B25,B25F,.2818318363279104
li,3.02,B25,B25J,.2819688855670393
ht,1.06,B29,B29C,.2820512880571187
gc,1.05,C30,C30B,.2820512913167477
eq,3.01,C07,C07F,.2822090489789844
pk,2.05,C10,C10L,.2822580635547638
cu,1.06,D01,D01D,.282439541304484
zr,1.05,E01,E01F,.2826087027788162
gc,1.05,B65,B65G,.2828282862901688
vy,3.02,A46,A46B,.2828282900154591
uf,1.03,C07,C07F,.2828605519607663
pw,2.06,G10,G10L,.2828839905560017
qa,3.01,B65,B65B,.2831231425516307
qa,3.01,G05,G05D,.283180802129209
ui,1.03,A47,A47G,.2832417646422982
wf,1.06,G16,G16H,.2833228539675474
pc,5.02,A23,A23B,.2833333350718021
xa,5.04,A23,A23J,.2833333350718021
ds,3.02,B05,B05D,.2833333350718021
oe,5.06,H03,H03L,.2833333350718021
uh,1.03,F23,F23J,.2833333350718021
km,1.06,E05,E05D,.2833333350718021
ye,2.02,B63,B63C,.2833333350718021
vi,5.01,B26,B26B,.2833333350718021
zk,9,A62,A62C,.2833333387970924
xe,4.01,A01,A01M,.2833333387970924
ai,2.03,G21,G21H,.2833333387970924
qq,1.05,A23,A23F,.2833333387970924
sy,1.03,E05,E05F,.2833333387970924
um,3.01,D06,D06M,.2833333387970924
ea,1.04,F02,F02B,.2833333387970924
qq,1.05,F22,F22B,.2833333387970924
nu,5.08,F17,F17C,.2833333387970924
ka,4.01,F42,F42B,.2833333387970924
ji,5.01,H01,H01F,.2833333387970924
op,3.03,H04,H04M,.2833333387970924
ue,2.11,B43,B43L,.2833333425223827
yr,2.01,B29,B29D,.2833333425223827
wm,5.04,A62,A62C,.2833333425223827
da,1.06,F16,F16K,.2834523958154023
cn,5.01,B82,B82Y,.2837301720865071
tc,3.02,C22,C22F,.2838732153177261
yq,5.07,C07,C07K,.2839140872238204
pt,3.03,C08,C08J,.2840096647851169
hy,1.06,B41,B41J,.2840909101068974
pt,3.03,H05,H05B,.2842224817723036
yp,3.02,C12,C12R,.2843052726238966
eq,3.01,A61,A61L,.2843277440406382
pu,2.03,G08,G08C,.284415589645505
tc,3.02,G01,G01T,.2844155905768275
cq,1.06,C25,C25F,.2844645599834621
uu,5.06,C13,C13K,.2844827584922314
ye,2.02,A01,A01G,.2844945373944938
vj,5.01,G08,G08C,.2845319639891386
qf,9,F25,F25B,.2846011915244162
ur,1.01,C09,C09J,.2846153853461146
ru,3.01,C10,C10G,.2847222238779068
eo,6.02,H03,H03K,.2847222238779068
ru,3.01,B06,B06B,.2847222276031971
oo,3.03,A23,A23L,.2848731884732842
ne,3.03,C01,C01F,.2851715688593686
eu,2.02,B82,B82Y,.2853535362519324
hy,1.06,C08,C08B,.2855514292605221
am,4.01,C07,C07B,.2857142873108387
il,2.07,B60,B60W,.2857142873108387
wc,3.03,H03,H03M,.2857142873108387
cq,1.06,F04,F04F,.2857142873108387
oz,6.02,G16,G16H,.2857142873108387
ec,1.04,B29,B29B,.2857142928987741
ac,2.02,F03,F03B,.2857142947614193
hq,1.04,F26,F26B,.2857142947614193
wh,3.02,D21,D21H,.2857142984867096
db,2.08,A45,A45F,.2857142984867096
bq,6.05,G16,G16H,.2857142984867096
ua,6.03,G07,G07C,.2857142984867096
ae,4.05,C25,C25D,.2857142984867096
lj,3.02,H01,H01R,.2857142984867096
mu,4.01,B65,B65B,.2857142984867096
bi,6.01,G01,G01F,.2857142984867096
ec,1.04,A63,A63B,.2857142984867096
iy,1.06,D06,D06F,.2857142984867096
sy,1.03,C08,C08C,.2857142984867096
wf,1.06,A41,A41B,.2857142984867096
eo,6.02,A47,A47B,.2857142984867096
vy,3.02,A01,A01H,.2857455187477171
ua,6.03,G01,G01Q,.2857575044035912
ue,2.11,G07,G07B,.2857906054705381
bu,1.03,G10,G10L,.2858585901558399
yu,3.03,B01,B01D,.2861272785812616
ih,2.07,G01,G01T,.286231892183423
zq,2.07,C12,C12R,.286796547472477
ju,4.01,C09,C09K,.2868055589497089
zq,2.07,B41,B41J,.286848081741482
ph,6.02,C12,C12N,.2870055076200515
ac,2.02,F03,F03H,.2870370373129845
xa,5.04,B24,B24B,.2870370373129845
le,1.05,G21,G21B,.2870370373129845
ni,3.01,A46,A46B,.2870370373129845
ha,5.03,G05,G05F,.2870370373129845
ou,1.06,G06,G06K,.2870370466262102
io,2.07,A61,A61N,.2872413787990808
ac,2.02,G02,G02C,.2873015934601426
xw,3.03,C12,C12G,.2875000014901161
er,1.02,F01,F01K,.2875000014901161
qe,2.09,C05,C05G,.2875000014901161
kv,1.05,H01,H01Q,.2875396870076656
ub,1.03,B03,B03D,.2875457983464003
qk,6.01,A61,A61C,.2878571432083845
ya,3.02,D02,D02J,.2878787964582443
dq,9,A21,A21D,.2879227101802826
um,3.01,F26,F26B,.2879464328289032
zr,1.05,B05,B05D,.2879910282790661
pu,2.03,F21,F21K,.2880230899900198
uf,1.03,G01,G01W,.2880952451378107
ei,1.04,G04,G04B,.2880952470004559
de,1.06,G01,G01C,.2881007939577103
ht,1.06,A01,A01G,.2881944505497813
vx,5.01,G04,G04F,.2882716068997979
xe,4.01,C11,C11C,.2884615398943424
uf,1.03,A61,A61J,.2884615398943424
ma,3.02,C11,C11C,.2884615398943424
ka,4.01,D21,D21D,.2884615398943424
ix,2.07,B24,B24D,.2884615398943424
if,2.11,G06,G06E,.2885304717347026
yy,5.07,C12,C12Q,.2886715824715793
ry,2.03,B41,B41M,.2886904794722795
hq,1.04,G09,G09F,.2887220159173012
ac,2.02,B60,B60J,.2888888940215111
ah,4.01,B01,B01F,.2888888977468014
nq,5.01,G01,G01L,.2888888977468014
ew,1.02,G04,G04F,.2888888977468014
ei,1.04,Y02,Y02P,.2888889014720917
qq,1.05,C07,C07H,.2891699804458767
ee,1.04,C10,C10B,.2892282251268625
ip,2.07,G01,G01T,.2892720308154821
oo,3.03,A61,A61F,.2896195687353611
qq,1.05,A47,A47L,.2896298943087459
pt,3.03,C11,C11D,.2899999991059303
iq,2.02,B27,B27K,.2899999991059303
il,2.07,H04,H04M,.2900000028312206
uk,1.03,F15,F15D,.2900717766024172
ew,1.02,C40,C40B,.2901620898628607
qh,2.05,B21,B21D,.2902211020700634
qg,2.05,G01,G01H,.2902777795679867
ma,3.02,C07,C07B,.2904348652809858
mr,6.01,C12,C12N,.290686102816835
po,1.01,A61,A61L,.2907647923566401
zd,9,C09,C09C,.2908730190247297
tc,3.02,C12,C12P,.2909038565121591
bk,6.04,C11,C11B,.2909090965986252
xy,1.01,H03,H03L,.2909090965986252
qu,1.06,C05,C05C,.2909090965986252
ou,1.06,A01,A01H,.2909413361921906
ns,2.01,F03,F03H,.2911111190915108
de,1.06,H02,H02N,.2911877445876598
vy,3.02,A45,A45D,.2916204482316971
bv,5.01,C07,C07H,.2916666669771075
ha,5.03,B41,B41F,.2916666679084301
dx,3.01,C12,C12H,.2916666679084301
dy,1.04,F02,F02P,.2916666679084301
wm,5.04,G01,G01M,.2916666679084301
kv,1.05,G07,G07F,.2916666679084301
ij,2.11,G07,G07D,.2916666679084301
xw,3.03,F03,F03G,.2916666679084301
ka,4.01,H05,H05H,.2916666679084301
xe,4.01,C30,C30B,.2916666679084301
cq,1.06,A42,A42B,.2916666679084301
fi,1.04,B41,B41C,.2916666679084301
gu,1.06,G01,G01L,.2916666679084301
ya,3.02,H03,H03G,.2916666679084301
cu,1.06,F03,F03G,.2916666679084301
pe,5.02,B62,B62K,.2916666679084301
qe,2.09,G01,G01S,.2916666679084301
uk,1.03,Y02,Y02E,.2916666679084301
ij,2.11,A23,A23D,.2916666679084301
un,1.03,B09,B09B,.2916666679084301
vy,3.02,D03,D03D,.2916666679084301
hf,6.03,H02,H02J,.2916666679084301
we,3.02,H01,H01Q,.2916666679084301
po,1.01,G02,G02F,.2916666679084301
zm,1.06,F23,F23C,.2916666679084301
pc,5.02,B05,B05D,.2916666716337204
ij,2.11,E03,E03B,.2916666716337204
ac,2.02,F24,F24B,.2916666716337204
dq,9,H02,H02G,.2916666716337204
et,1.02,D21,D21G,.2916666716337204
am,4.01,B02,B02C,.2916666716337204
ti,9,H04,H04W,.2916666716337204
dy,1.04,B62,B62K,.2916666716337204
ub,1.03,A41,A41C,.2916666716337204
jb,5.07,B60,B60K,.2916666716337204
mr,6.01,C02,C02F,.2916666716337204
hi,5.01,C11,C11D,.2916666716337204
if,2.11,F27,F27B,.2916666716337204
qk,6.01,H01,H01G,.2916666716337204
ev,1.02,E04,E04C,.2916666716337204
vp,3.03,C10,C10M,.2916666716337204
bm,5.07,H01,H01S,.2916666716337204
jb,5.07,E05,E05B,.2916666716337204
ya,3.02,F21,F21L,.2916666716337204
dt,2.03,F03,F03H,.2916666716337204
yy,5.07,C10,C10G,.2916666716337204
bi,6.01,A63,A63B,.2916666716337204
he,5.03,F16,F16M,.2916666716337204
qe,2.09,A63,A63C,.2916666716337204
ha,5.03,A01,A01D,.2916666716337204
tu,3.01,B03,B03B,.2916666716337204
ur,1.01,C22,C22B,.2916666716337204
sy,1.03,A21,A21D,.2916666716337204
jm,5.04,G05,G05D,.2916666716337204
ix,2.07,H02,H02M,.2916666716337204
iq,2.02,C12,C12G,.2916666716337204
bv,5.01,H01,H01R,.2916666716337204
di,5.02,G01,G01K,.2916666716337204
uf,1.03,H03,H03M,.2916666716337204
bv,5.01,B01,B01D,.2916666716337204
pk,2.05,B26,B26D,.2916666716337204
yr,2.01,F01,F01K,.2916666716337204
ru,3.01,F41,F41J,.2916666716337204
pu,2.03,A24,A24D,.2916666716337204
ds,3.02,A41,A41D,.2916666716337204
ij,2.11,B23,B23F,.2916666716337204
kv,1.05,G01,G01D,.2916666716337204
yy,5.07,A01,A01D,.2916666716337204
yy,5.07,C08,C08J,.2916666716337204
pu,2.03,A23,A23C,.2916666716337204
pe,5.02,F03,F03G,.2916666716337204
zm,1.06,F23,F23D,.2916666716337204
qh,2.05,H03,H03H,.2916666716337204
um,3.01,D21,D21H,.2916666716337204
ru,3.01,A62,A62B,.2916666716337204
dr,1.06,D04,D04H,.2916666716337204
mq,6.01,B01,B01F,.2916666716337204
ye,2.02,E21,E21C,.2916666716337204
aq,3.02,G03,G03G,.2916666716337204
fi,1.04,B29,B29B,.2916666716337204
we,3.02,B23,B23K,.2916666716337204
tu,3.01,G21,G21H,.2916666734963655
ui,1.03,F23,F23M,.2916666744276881
kv,1.05,H02,H02J,.2916666753590107
jy,4.05,G01,G01G,.2916666753590107
ji,5.01,H04,H04S,.2916666753590107
cq,1.06,G01,G01W,.2916666753590107
wc,3.03,G01,G01J,.2916843248531222
xq,2.11,C12,C12Y,.2917920520994812
mc,1.06,B29,B29C,.2920370365027338
fi,1.04,A24,A24B,.2923077056184411
sa,3.03,C13,C13K,.2923224382102489
uy,1.04,H03,H03B,.2925724666565657
ih,2.07,E04,E04C,.2925925962626934
ex,1.02,C01,C01G,.2926136367022991
ex,1.02,B05,B05D,.2927705608308315
hf,6.03,C12,C12N,.2928565558977425
tm,3.01,G03,G03H,.2928571552038193
ji,5.01,C07,C07K,.2929434408433735
zd,9,B22,B22F,.2929606679826975
ei,1.04,Y02,Y02A,.2931034499779344
vm,5.06,G01,G01S,.2932234518229961
bv,5.01,G10,G10L,.293333338573575
ji,5.01,B01,B01D,.2933333404362202
gc,1.05,B63,B63G,.2934782616794109
nn,3.03,H01,H01H,.2934782616794109
sd,3.02,H01,H01P,.2934782616794109
ru,3.01,A24,A24D,.2939394041895866
ig,2.06,C07,C07J,.2939478168264031
po,1.01,H01,H01G,.2940690713003278
ct,9,C08,C08L,.2942264718003571
we,3.02,A61,A61D,.294363334774971
cq,1.06,E05,E05D,.2944444455206394
ba,3.02,B07,B07C,.2944444492459297
gu,1.06,B07,B07C,.2944444492459297
xy,1.01,B22,B22D,.29444445297122
tq,3.02,B03,B03C,.2945859879255295
kv,1.05,H05,H05B,.2950372081249952
ni,3.01,Y02,Y02A,.2952123298309743
pt,3.03,A61,A61J,.2952380999922752
ze,1.06,H01,H01F,.2952380999922752
wc,3.03,G01,G01P,.2952381055802107
hb,5.03,B01,B01F,.2952862586826086
mq,6.01,C05,C05F,.2954545468091965
ad,4.02,G05,G05B,.2954545468091965
ia,3.02,H01,H01P,.2954545468091965
we,3.02,B66,B66C,.2954545468091965
bi,6.01,G03,G03B,.2954545468091965
nu,5.08,G06,G06G,.2954545468091965
pi,1.06,H04,H04Q,.2954545468091965
hb,5.03,D06,D06M,.2954545468091965
oz,6.02,F02,F02K,.2954545468091965
nm,5.02,G09,G09B,.2954545468091965
sy,1.03,C07,C07J,.2954545468091965
dy,1.04,B66,B66C,.2954545468091965
oa,2.11,F41,F41C,.2954545542597771
qa,3.01,A41,A41D,.2954545542597771
gc,1.05,F41,F41H,.2958333343267441
et,1.02,A63,A63C,.2958333417773247
xw,3.03,D01,D01F,.2960144975222647
ev,1.02,C25,C25B,.2960172314196825
sd,3.02,C07,C07B,.2962962985038757
xa,5.04,C12,C12R,.2965686302632093
yp,3.02,H05,H05H,.2965955175459385
da,1.06,G21,G21C,.2966666724532843
ee,1.04,A01,A01M,.2967033088207245
km,1.06,A62,A62D,.2967552915215492
wm,5.04,C07,C07J,.2967657670378685
ep,1.02,B64,B64B,.2968254052102566
ii,2.04,B21,B21F,.296875
ui,1.03,A24,A24D,.296875
iu,2.03,H04,H04K,.297008553519845
yp,3.02,C09,C09K,.297126516001299
pt,3.03,A23,A23L,.2971981678856537
ih,2.07,B63,B63B,.2972222231328487
vi,5.01,G21,G21C,.297222226858139
ns,2.01,F02,F02B,.297222226858139
mc,1.06,C02,C02F,.2973484909161925
uh,1.03,B29,B29D,.2974497149698436
ij,2.11,D21,D21F,.2976190485060215
ou,1.06,C05,C05F,.2976190485060215
zq,2.07,C23,C23G,.2976190485060215
gc,1.05,H01,H01F,.2976190512999892
yr,2.01,C11,C11B,.2976190559566021
dr,1.06,C12,C12J,.2976190596818924
ds,3.02,G01,G01C,.2976190596818924
ju,4.01,F02,F02D,.2977272737771273
vi,5.01,G02,G02C,.2978341118432581
bu,1.03,H05,H05G,.2979094088077545
dr,1.06,C11,C11C,.2983193348627537
wu,5.04,A23,A23L,.2984207067638636
li,3.02,G08,G08C,.2985159866511822
ya,3.02,B21,B21F,.2986111119389534
qa,3.01,G21,G21G,.2986111138015985
mr,6.01,C07,C07D,.2986111175268888
ht,1.06,B81,B81C,.2986111175268888
xy,1.01,A01,A01C,.2986596750561148
xq,2.11,G02,G02C,.2987719289958477
ns,2.01,A47,A47G,.2992059555836022
pt,3.03,B01,B01J,.2993107745423913
pw,2.06,G01,G01L,.2993853464722633
or,5.09,C12,C12Q,.2994131003506482
mw,5.09,H04,H04B,.2996031790971756
da,1.06,C07,C07G,.2996432725340128
pw,2.06,C08,C08K,.2997802272439003
yr,2.01,H01,H01C,.2998390570282936
ns,2.01,B28,B28D,.299914576113224
cl,9,B01,B01F,.3000000007450581
ve,3.02,D06,D06P,.3000000007450581
dm,3.02,C09,C09C,.3000000007450581
db,2.08,B60,B60D,.3000000007450581
aa,1.03,F28,F28D,.3000000007450581
wm,5.04,H01,H01P,.3000000007450581
un,1.03,F22,F22B,.3000000007450581
pk,2.05,G01,G01G,.3000000007450581
fi,1.04,G21,G21G,.3000000007450581
ij,2.11,G21,G21D,.3000000007450581
oo,3.03,C06,C06B,.3000000007450581
qq,1.05,A62,A62C,.3000000007450581
qa,3.01,B21,B21F,.3000000026077032
ne,3.03,G07,G07G,.3000000044703484
id,2.07,B44,B44C,.3000000044703484
ve,3.02,G05,G05F,.3000000044703484
dk,5.02,B60,B60Q,.3000000044703484
ns,2.01,A43,A43B,.3000000044703484
km,1.06,F04,F04D,.3000000044703484
ue,2.11,A63,A63D,.3000000044703484
qh,2.05,B25,B25J,.3000000044703484
ya,3.02,F01,F01B,.3000000044703484
zr,1.05,F15,F15D,.3000000044703484
ky,1.05,F27,F27D,.3000000044703484
ih,2.07,B66,B66B,.3000000044703484
dm,3.02,B42,B42C,.3000000044703484
cq,1.06,F03,F03G,.3000000044703484
uf,1.03,H03,H03G,.3000000044703484
qq,1.05,B23,B23Q,.3000000044703484
ku,5.07,B60,B60Q,.3000000044703484
qh,2.05,G01,G01C,.3000000044703484
zk,9,G07,G07G,.3000000044703484
qh,2.05,A45,A45C,.3000000044703484
zr,1.05,B22,B22C,.3000000044703484
er,1.02,G06,G06J,.3000000044703484
op,3.03,F16,F16H,.3000000044703484
id,2.07,D04,D04H,.3000000044703484
op,3.03,G03,G03G,.3000000044703484
fs,6.04,G03,G03F,.3000000044703484
pc,5.02,F27,F27D,.3000000044703484
hq,1.04,F02,F02N,.3000000044703484
uk,1.03,F03,F03D,.3000000081956387
um,3.01,F28,F28D,.3000000081956387
xw,3.03,F16,F16K,.3000000081956387
oa,2.11,A01,A01J,.3000000081956387
pn,1.01,C08,C08K,.3000000081956387
sr,2.07,F41,F41A,.3000000081956387
ue,2.11,F41,F41A,.3000000081956387
if,2.11,A23,A23C,.3000000081956387
ii,2.04,Y02,Y02P,.3000000137835741
pd,6.02,A61,A61L,.3001152127981186
wf,1.06,F16,F16K,.3001207783818245
qh,2.05,B01,B01F,.3001374080777168
ra,2.11,H05,H05H,.3003366703633219
bd,1.06,C12,C12P,.300379378721118
pz,2.05,F42,F42D,.3005952443927526
ou,1.06,C07,C07K,.3007475044578314
pm,2.05,C09,C09F,.3009259263053536
dw,1.04,F23,F23G,.3009379561990499
hb,5.03,C30,C30B,.3009490524418652
rq,1.06,C40,C40B,.3013883254025131
es,2.02,C01,C01G,.3015422085300088
pn,1.01,C12,C12Y,.3015873022377491
ht,1.06,A01,A01M,.3015873096883297
ei,1.04,B21,B21D,.3016069112345576
et,1.02,B09,B09C,.3016845677047968
da,1.06,A46,A46B,.3018518537282944
hy,1.06,A23,A23C,.302016232162714
tq,3.02,G07,G07C,.3020202070474625
hf,6.03,A61,A61H,.3023809567093849
oo,3.03,A61,A61H,.3023809567093849
wm,5.04,A61,A61H,.3023809567093849
un,1.03,H04,H04R,.3025252539664507
iq,2.02,B03,B03D,.3025641087442636
ig,2.06,B25,B25B,.3026315793395042
sy,1.03,F02,F02G,.3027313277125359
ee,1.04,A47,A47G,.3027472537942231
ix,2.07,C12,C12P,.3028516829945147
yp,3.02,B05,B05B,.3029026268050075
qe,2.09,D02,D02J,.3030303120613098
sr,2.07,B32,B32B,.3035714291036129
pw,2.06,B06,B06B,.3036616202443838
hq,1.04,C08,C08B,.3038832284510136
ex,1.02,G03,G03C,.3041666685603559
eq,3.01,B82,B82Y,.3041666690260172
ry,2.03,G01,G01Q,.3042325533460826
io,2.07,G01,G01R,.3042582478374243
af,4.05,A23,A23L,.3043356998823583
ai,2.03,G05,G05G,.3044372373260558
af,4.05,G07,G07D,.3044642917811871
pk,2.05,H02,H02H,.3045454528182745
ji,5.01,H03,H03G,.3049450572580099
vi,5.01,H01,H01P,.3050000015646219
pu,2.03,F27,F27B,.3050000052899122
ra,2.11,C21,C21D,.3052631616592407
om,5.05,C12,C12P,.3052992965094745
oe,5.06,C12,C12P,.305422592558898
fi,1.04,B23,B23P,.3055555559694767
ev,1.02,B63,B63B,.3055555559694767
zq,2.07,G08,G08B,.3055555559694767
am,4.01,B41,B41M,.3055555559694767
rt,3.02,B63,B63C,.3055555559694767
dy,1.04,C12,C12J,.3055555559694767
ep,1.02,B04,B04B,.3055555559694767
wu,5.04,B09,B09C,.3055555559694767
op,3.03,G01,G01R,.3055555559694767
po,1.01,C09,C09B,.3055555559694767
aq,3.02,E04,E04C,.3055555559694767
hb,5.03,C06,C06D,.3055555559694767
un,1.03,B60,B60R,.3055555559694767
hb,5.03,G03,G03G,.3055555559694767
uk,1.03,E04,E04F,.3055555559694767
ii,2.04,D04,D04C,.3055555559694767
bf,5.04,G06,G06N,.3055555559694767
ps,5.04,G08,G08G,.3055555559694767
pn,1.01,A23,A23B,.3055555559694767
bp,6.04,F02,F02C,.3055555559694767
vs,5.01,G01,G01C,.3055555559694767
ze,1.06,B42,B42D,.3055555559694767
zr,1.05,C09,C09G,.3055555559694767
xy,1.01,C09,C09B,.3055555559694767
zq,2.07,B21,B21J,.3055555569007993
re,1.05,B21,B21J,.3055555569007993
aa,1.03,H05,H05H,.3055555578321218
ru,3.01,D04,D04C,.3055555578321218
pm,2.05,H04,H04K,.3055555615574121
uk,1.03,B60,B60J,.3055555634200573
qa,3.01,G21,G21K,.3055555634200573
ne,3.03,G01,G01H,.3055555634200573
uy,1.04,B23,B23B,.3055555634200573
oa,2.11,B26,B26D,.3061290308833122
ig,2.06,A62,A62D,.3061594255268574
ht,1.06,C11,C11D,.306203638901934
tm,3.01,G06,G06N,.3062555165961385
ec,1.04,H01,H01Q,.3063270053826272
gc,1.05,H04,H04S,.3065998405218124
uh,1.03,C23,C23G,.3070668736472726
uk,1.03,F25,F25J,.3071428574621677
bv,5.01,A63,A63B,.3074603239074349
ia,3.02,C12,C12C,.3075396884232759
de,1.06,B81,B81B,.3075833208858967
bv,5.01,A23,A23D,.3076923098415136
jo,5.04,G11,G11C,.3078002259135246
ya,3.02,H03,H03H,.3078612298704684
ur,1.01,D01,D01F,.3081569676287472
bi,6.01,G07,G07D,.3083333373069763
af,4.05,C08,C08G,.3083333373069763
sy,1.03,A46,A46B,.3083333382382989
uk,1.03,G10,G10H,.3083333391696215
pt,3.03,H03,H03G,.3083333391696215
ku,5.07,A23,A23L,.3083333410322666
im,2.01,G06,G06G,.3083333410322666
io,2.07,C04,C04B,.3083333410322666
ff,3.02,A23,A23L,.3084425861015916
dt,2.03,C13,C13K,.30850636260584
pz,2.05,D06,D06M,.308655631262809
yr,2.01,B67,B67D,.3087301664054394
qe,2.09,C09,C09B,.3087542098946869
pw,2.06,C25,C25D,.3087719343602657
le,1.05,B01,B01L,.3087761681526899
nu,5.08,C05,C05D,.3088235296308994
fy,3.02,C05,C05G,.3088235296308994
re,1.05,A61,A61M,.308896160684526
za,3.02,C09,C09B,.3089646510779858
ip,2.07,B32,B32B,.3092105314135551
jb,5.07,C07,C07F,.3093434367328882
qg,2.05,F01,F01N,.3094385578297079
uk,1.03,F04,F04C,.3095238115638494
ry,2.03,B27,B27K,.3095238171517849
pk,2.05,B64,B64G,.3095238208770752
da,1.06,G04,G04G,.3095238208770752
oe,5.06,G10,G10H,.3095238208770752
qa,3.01,F16,F16C,.3095238208770752
km,1.06,G01,G01M,.3095238208770752
mr,6.01,A63,A63B,.3095238208770752
il,2.07,A63,A63B,.3095238208770752
mq,6.01,H02,H02K,.3095238208770752
ae,4.05,G02,G02B,.3095238208770752
ml,9,C11,C11D,.3095238208770752
xq,2.11,F28,F28D,.3095238208770752
ur,1.01,G02,G02C,.3095238208770752
ik,2.11,B44,B44D,.3095238208770752
bu,1.03,G01,G01K,.3095238208770752
qa,3.01,B62,B62D,.3097139038145542
pk,2.05,H03,H03M,.3101911637932062
iu,2.03,F41,F41C,.3106060698628426
ei,1.04,B01,B01B,.3106060698628426
cu,1.06,A61,A61C,.310665812343359
vs,5.01,A61,A61M,.3108974378556013
kv,1.05,A63,A63F,.3109127059578896
un,1.03,G21,G21D,.3111111130565405
ye,2.02,E05,E05F,.3111111149191856
bu,1.03,C09,C09B,.3111111149191856
qf,9,D06,D06F,.3111111149191856
ni,3.01,B22,B22C,.3111111149191856
ki,3.02,C30,C30B,.3111111149191856
pu,2.03,D03,D03D,.3111111149191856
co,1.06,C22,C22C,.3111111149191856
qj,2.05,C30,C30B,.3111111149191856
ec,1.04,F24,F24S,.3111111149191856
ns,2.01,E04,E04C,.3111111186444759
li,3.02,C08,C08K,.3111111223697662
ad,4.02,G01,G01V,.3111471906304359
pw,2.06,C30,C30B,.3112130500376225
bk,6.04,G01,G01B,.3112299535423517
hf,6.03,H04,H04J,.3112817816436291
mw,5.09,H05,H05B,.3113275710493326
qh,2.05,B21,B21B,.3117667362093925
cu,1.06,G01,G01Q,.3118757554329932
tm,3.01,G01,G01B,.3119362816214561
ur,1.01,C01,C01B,.3120726593770087
ht,1.06,G01,G01S,.3122023902833462
qj,2.05,G01,G01S,.3122474811971188
wu,5.04,F21,F21K,.3125
pe,5.02,A23,A23J,.3125
uf,1.03,F42,F42D,.3125
he,5.03,G01,G01C,.3125
ji,5.01,B06,B06B,.3125
vy,3.02,H02,H02P,.3125
il,2.07,F03,F03G,.3125
bm,5.07,G01,G01P,.3125
rb,2.02,D06,D06F,.3125
qh,2.05,A42,A42B,.3125
ep,1.02,C25,C25D,.3125
qq,1.05,F01,F01K,.3125
hl,3.03,F16,F16B,.3125
ot,6.02,A47,A47G,.3125
hf,6.03,E04,E04F,.3125
ru,3.01,B21,B21F,.3125
ep,1.02,A23,A23K,.3125
ha,5.03,G01,G01B,.3125
ps,5.04,G01,G01R,.3125
zq,2.07,F17,F17D,.3125
ry,2.03,F23,F23C,.3125
ad,4.02,B02,B02B,.3125
vs,5.01,G01,G01N,.3125
co,1.06,C12,C12J,.3125
hi,5.01,G08,G08B,.3125
vs,5.01,G11,G11B,.3125
um,3.01,B64,B64C,.3125
uk,1.03,G04,G04G,.3125
tu,3.01,F24,F24H,.3125
km,1.06,H04,H04S,.3125
sr,2.07,G07,G07D,.3125
db,2.08,H02,H02P,.3125000027939677
vi,5.01,G08,G08C,.3125000055879354
ac,2.02,D01,D01H,.3125000074505806
ry,2.03,F23,F23N,.3125000074505806
ac,2.02,B28,B28C,.3125000102445483
qh,2.05,B23,B23Q,.3125000111758709
ik,2.11,G02,G02C,.312575763091445
ur,1.01,G05,G05D,.3126055356115103
pf,6.02,A61,A61B,.3126928843557835
ns,2.01,H02,H02P,.312726451549679
ee,1.04,B81,B81B,.3130835015326738
ps,5.04,H01,H01J,.3134353877976537
dt,2.03,B64,B64C,.3134835325181484
sy,1.03,A63,A63H,.3135683787986636
ei,1.04,F21,F21S,.3138888897374272
am,4.01,D21,D21B,.3139642919413745
cu,1.06,G01,G01W,.3141339924186468
ad,4.02,C01,C01F,.3142622467130423
vy,3.02,A47,A47F,.3142857253551483
rx,3.02,G05,G05B,.3142857253551483
oa,2.11,B64,B64B,.3142857290804386
qu,1.06,D06,D06F,.3143382361158729
uh,1.03,A63,A63B,.3148148152977228
ds,3.02,C12,C12M,.3149577337317169
cu,1.06,G09,G09G,.3150087343528867
vy,3.02,C12,C12R,.3150217477232218
ur,1.01,H04,H04R,.315268331207335
gm,3.03,C07,C07J,.315306122880429
li,3.02,B01,B01J,.3153133923187852
dx,3.01,G01,G01S,.3154761958867311
vx,5.01,G08,G08C,.3154761958867311
ae,4.05,C10,C10C,.3160173231735826
ue,2.11,B61,B61L,.3160714302212
ku,5.07,A61,A61N,.3162393234670162
ry,2.03,A61,A61C,.3163314175326377
zk,9,A61,A61L,.3164823292754591
io,2.07,C21,C21D,.3165204683318734
ix,2.07,C21,C21D,.3165204683318734
wh,3.02,A23,A23G,.3166666701436043
tu,3.01,E03,E03F,.3166666701436043
ve,3.02,F41,F41H,.3166666701436043
ht,1.06,G01,G01V,.3166666701436043
fy,3.02,B28,B28B,.3166666701436043
up,1.03,H03,H03G,.3166666701436043
ja,1.05,B63,B63C,.3166666701436043
ve,3.02,G01,G01P,.3166666701436043
sr,2.07,A41,A41D,.3166666701436043
id,2.07,A47,A47G,.3166666701436043
qq,1.05,F28,F28D,.3166666701436043
yu,3.03,B41,B41M,.3166666701436043
ra,2.11,D06,D06M,.3166666701436043
aa,1.03,E02,E02B,.3166666701436043
nq,5.01,B60,B60Q,.3166666701436043
yg,6.04,G07,G07C,.3166666701436043
pc,5.02,G01,G01J,.3166666701436043
ti,9,B41,B41M,.3166666701436043
qf,9,G01,G01W,.3166666701436043
dw,1.04,A01,A01J,.3166666775941849
vi,5.01,G07,G07C,.3166666775941849
qj,2.05,F21,F21V,.3166666775941849
nn,3.03,G08,G08G,.3166666775941849
ry,2.03,F41,F41A,.3170289872214198
ze,1.06,C09,C09D,.317194826900959
dr,1.06,B81,B81B,.3172505786642432
xq,2.11,D06,D06M,.31731389882043
yo,3.01,C08,C08H,.3174116797745228
ia,3.02,C03,C03C,.3177576344460249
er,1.02,G06,G06G,.3178571439348161
aa,1.03,C03,C03C,.3179093580693007
ex,1.02,B81,B81B,.3179475455544889
ue,2.11,C12,C12M,.3180289473384619
hb,5.03,H05,H05B,.3180336346849799
fa,2.01,A01,A01N,.3180555556900799
tc,3.02,D06,D06M,.3181818276643753
co,1.06,B60,B60R,.3182926904410124
vm,5.06,C12,C12N,.3182996273972094
et,1.02,G06,G06E,.3184267836622894
jb,5.07,C08,C08J,.3184523824602365
tc,3.02,C07,C07J,.3188058193773031
ec,1.04,C12,C12M,.3188775517046452
qq,1.05,C12,C12R,.3190171015448868
iy,1.06,B01,B01L,.3190476335585117
ps,5.04,A61,A61F,.3191276006400585
ru,3.01,D01,D01F,.3191818194463849
rq,1.06,A23,A23C,.3191935876384377
dx,3.01,C25,C25D,.3194444477558136
fe,5.05,G07,G07D,.3194444477558136
de,1.06,C08,C08K,.3195459442213178
qg,2.05,H03,H03B,.3195488788187504
ij,2.11,B42,B42D,.3196969740092754
ih,2.07,B05,B05D,.3197463843971491
po,1.01,H03,H03F,.3198412712663412
zq,2.07,G01,G01G,.3200000040233135
ah,4.01,B25,B25J,.320075761526823
il,2.07,A63,A63F,.3200757652521133
up,1.03,C03,C03B,.3201058227568865
ac,2.02,A63,A63G,.320175439119339
eo,6.02,C09,C09K,.3203703761100769
pn,1.01,H03,H03B,.3204015009105206
ea,1.04,A47,A47B,.3205128312110901
ev,1.02,C08,C08B,.3205229298910126
bd,1.06,A61,A61M,.3207070715725422
ds,3.02,B05,B05B,.3208333346992731
bd,1.06,C07,C07K,.320994438836351
pt,3.03,B06,B06B,.321180559694767
ba,3.02,B04,B04B,.3212765958160162
vy,3.02,H03,H03G,.3212962970137596
pa,6.02,B24,B24D,.3213235400617123
lj,3.02,A23,A23K,.3213293459266424
bd,1.06,G02,G02B,.3214285746216774
dx,3.01,F16,F16K,.3214285746216774
yq,5.07,A01,A01K,.3214285746216774
uh,1.03,B23,B23B,.3214285746216774
ps,5.04,C04,C04B,.3214285746216774
ga,3.02,F01,F01N,.3214285746216774
if,2.11,B27,B27M,.3214285746216774
wc,3.03,G01,G01H,.3214285746216774
qg,2.05,C05,C05G,.3214285746216774
il,2.07,G01,G01P,.3214285746216774
er,1.02,B01,B01D,.3214285746216774
dt,2.03,C12,C12R,.3214285746216774
wh,3.02,B65,B65G,.3214285746216774
wf,1.06,E21,E21B,.3214285783469677
dx,3.01,F01,F01L,.321428582072258
qu,1.06,A45,A45F,.3214285857975483
ru,3.01,B63,B63G,.3214285857975483
pt,3.03,H01,H01Q,.32161526940763
tm,3.01,B03,B03C,.3217411551158875
ra,2.11,A01,A01H,.3222222235053778
gy,5.02,B63,B63C,.3222222253680229
wh,3.02,G10,G10L,.3222222253680229
ur,1.01,B21,B21D,.3222222253680229
rt,3.02,C25,C25B,.3222222281619906
ac,2.02,B82,B82B,.3222222290933132
dx,3.01,G21,G21H,.3222222290933132
ns,2.01,B60,B60J,.3222222290933132
yo,3.01,C01,C01G,.3223412525840104
id,2.07,C05,C05B,.3226053696125746
le,1.05,H01,H01B,.3227165145799518
qq,1.05,H05,H05H,.3228025794960558
ij,2.11,H03,H03L,.3228979017585516
id,2.07,F01,F01B,.3229166679084301
eo,6.02,A61,A61C,.3229166679084301
qg,2.05,G16,G16H,.3229166688397527
qe,2.09,H04,H04N,.3230030806735158
ze,1.06,D21,D21H,.3230266533792019
sd,3.02,A23,A23K,.3230727426707745
ei,1.04,A47,A47G,.323087764903903
op,3.03,B01,B01J,.3230922697111964
id,2.07,F16,F16B,.3232323303818703
pc,5.02,B01,B01L,.3233695710077882
qh,2.05,G02,G02F,.3235675836913288
ro,1.07,F27,F27B,.3235897496342659
yu,3.03,C08,C08B,.3236739430576563
sr,2.07,B60,B60K,.3237373791635036
qe,2.09,B63,B63B,.3238095352426171
dt,2.03,G10,G10L,.3238095361739397
ou,1.06,C01,C01B,.3238636367022991
fi,1.04,G06,G06N,.3241109210066497
cn,5.01,B25,B25J,.3242030404508114
un,1.03,B22,B22F,.3244871841743588
un,1.03,C01,C01F,.3245256659574807
iq,2.02,A23,A23J,.3246753364801407
ro,1.07,B42,B42C,.3250000011175871
nq,5.01,A43,A43D,.3250000029802322
ff,3.02,C07,C07J,.3250000029802322
af,4.05,C07,C07J,.3250000029802322
iq,2.02,C05,C05G,.3250000029802322
su,3.02,B21,B21D,.3250000029802322
iu,2.03,C07,C07J,.3250000029802322
uq,5.07,H04,H04Q,.3250000029802322
gc,1.05,H01,H01S,.3250000029802322
lj,3.02,E04,E04F,.3250000029802322
ry,2.03,B60,B60W,.3250000029802322
dw,1.04,C21,C21C,.3250000029802322
ah,4.01,H01,H01Q,.3250000029802322
ji,5.01,A43,A43D,.3250000029802322
mq,6.01,F02,F02B,.3250000029802322
zq,2.07,G07,G07D,.3250000029802322
vi,5.01,A43,A43D,.3250000029802322
qe,2.09,B41,B41M,.3250000067055225
um,3.01,H03,H03F,.3250000094994903
uy,1.04,G06,G06G,.3252118648961186
da,1.06,C05,C05G,.3253205204382539
su,3.02,C02,C02F,.3253968264907598
pu,2.03,G21,G21K,.3254763421136886
sy,1.03,H02,H02P,.3255411321297288
dt,2.03,H04,H04J,.3256211229600012
cn,5.01,A23,A23F,.3256944511085749
dm,3.02,A61,A61D,.3257466722279787
pn,1.01,G06,G06E,.3257906436920166
pk,2.05,C08,C08B,.3258705204352736
pk,2.05,H03,H03F,.3258944470435381
pj,2.05,G01,G01S,.3261294364929199
qf,9,B23,B23B,.326190484687686
po,1.01,C08,C08F,.3263593437150121
cq,1.06,B41,B41C,.3263888917863369
pu,2.03,B04,B04C,.3263888917863369
uk,1.03,B21,B21C,.3265151586383581
ry,2.03,B81,B81C,.3266672291792929
ja,1.05,C22,C22F,.3267045468091965
nn,3.03,C07,C07B,.3267094073817134
qa,3.01,A01,A01M,.3269230797886848
my,5.01,A47,A47C,.3269230797886848
da,1.06,A44,A44C,.3269230797886848
vj,5.01,G05,G05F,.3269230797886848
hy,1.06,C23,C23C,.3269230797886848
ij,2.11,E21,E21C,.326992753893137
nq,5.01,A47,A47C,.3270833417773247
re,1.05,G07,G07C,.3273809589445591
un,1.03,A01,A01N,.3273809589445591
af,4.05,C12,C12N,.3275123229250312
co,1.06,F15,F15C,.3276625340804458
hl,3.03,H04,H04Q,.3277272786945105
re,1.05,B25,B25J,.3277777805924416
mr,6.01,G06,G06K,.3277777824550867
aa,1.03,B21,B21D,.3277777843177319
sy,1.03,G04,G04D,.3277777880430222
ea,1.04,F16,F16F,.3277777899056673
cq,1.06,F25,F25C,.3277777945622802
xw,3.03,A23,A23J,.3277992336079478
po,1.01,G08,G08B,.3278295788913965
hy,1.06,G01,G01R,.3280173498205841
ra,2.11,A61,A61C,.3280423395335674
aa,1.03,F03,F03B,.3285714387893677
dx,3.01,H01,H01B,.3286845390684903
pi,1.06,B82,B82Y,.3287177309393883
ba,3.02,C08,C08B,.3290096689015627
bf,5.04,C09,C09D,.3291666731238365
ad,4.02,A01,A01G,.3291666731238365
hi,5.01,B42,B42D,.3292328082025051
jb,5.07,C12,C12P,.3292514912318438
fi,1.04,H02,H02M,.3293197862803936
oa,2.11,E02,E02B,.3293650802224874
bi,6.01,G01,G01J,.3293650802224874
id,2.07,C40,C40B,.3293865392915905
wm,5.04,C06,C06B,.3294117655605078
fi,1.04,H05,H05H,.3297619111835957
yr,2.01,A01,A01N,.3298100442625582
dq,9,B29,B29B,.3299999982118607
wv,3.03,A61,A61H,.3300817450508475
ae,4.05,B65,B65G,.3301226608455181
ei,1.04,D04,D04B,.3301282078027725
ec,1.04,C10,C10B,.3301282078027725
dq,9,G01,G01Q,.3302859691902995
er,1.02,A63,A63G,.330409362912178
xy,1.01,A61,A61J,.3305555623956025
xe,4.01,C07,C07H,.3305675880983472
uh,1.03,B60,B60C,.3306658137589693
yp,3.02,H03,H03H,.3307106858119369
yp,3.02,B03,B03C,.3311524770688266
dt,2.03,C21,C21C,.3312500007450581
zm,1.06,G07,G07F,.3313186913728714
ry,2.03,G16,G16H,.3314611448440701
xq,2.11,C12,C12R,.3315736586228013
ew,1.02,B81,B81B,.3318364336155355
mu,4.01,C40,C40B,.3319494428578764
xy,1.01,A23,A23C,.3320707082748413
zd,9,A21,A21D,.3321337327361107
ue,2.11,B01,B01F,.3322580642998219
ya,3.02,G07,G07C,.3327482640743256
mw,5.09,H04,H04R,.3328282851725817
um,3.01,H03,H03H,.3328941660001874
uh,1.03,D06,D06P,.333333333954215
de,1.06,B02,B02C,.333333333954215
wm,5.04,F16,F16C,.3333333358168602
um,3.01,H02,H02J,.3333333358168602
ik,2.11,F23,F23N,.3333333358168602
un,1.03,G01,G01F,.3333333358168602
ya,3.02,A23,A23F,.3333333358168602
sy,1.03,B30,B30B,.3333333358168602
ne,3.03,B21,B21B,.3333333358168602
da,1.06,F41,F41H,.3333333358168602
dx,3.01,F16,F16L,.3333333358168602
iq,2.02,C08,C08H,.3333333358168602
ry,2.03,E04,E04H,.3333333358168602
ig,2.06,D01,D01C,.3333333358168602
es,2.02,E01,E01C,.3333333358168602
ps,5.04,G09,G09G,.3333333358168602
iu,2.03,B60,B60D,.3333333358168602
gu,1.06,F42,F42B,.3333333358168602
hf,6.03,B62,B62D,.3333333358168602
gc,1.05,F41,F41G,.3333333358168602
zq,2.07,F01,F01L,.3333333358168602
re,1.05,F01,F01L,.3333333358168602
vi,5.01,F24,F24F,.3333333358168602
ij,2.11,C06,C06C,.3333333358168602
pt,3.03,C01,C01B,.3333333358168602
ae,4.05,C12,C12H,.3333333358168602
ex,1.02,B44,B44B,.3333333358168602
jo,5.04,A61,A61C,.3333333358168602
za,3.02,G21,G21G,.3333333358168602
ue,2.11,A63,A63H,.3333333358168602
pc,5.02,C06,C06B,.3333333358168602
bq,6.05,C23,C23F,.3333333358168602
qh,2.05,G05,G05D,.3333333358168602
fy,3.02,D21,D21H,.3333333358168602
po,1.01,B60,B60J,.3333333358168602
un,1.03,D04,D04B,.3333333358168602
co,1.06,D03,D03D,.3333333358168602
et,1.02,F42,F42C,.3333333358168602
wv,3.03,G01,G01V,.3333333358168602
es,2.02,G04,G04R,.3333333358168602
ps,5.04,D06,D06M,.3333333358168602
uk,1.03,A47,A47F,.3333333358168602
ji,5.01,F22,F22B,.3333333358168602
hb,5.03,F03,F03H,.3333333358168602
pu,2.03,A21,A21B,.3333333358168602
ot,6.02,G01,G01D,.3333333358168602
ui,1.03,A62,A62D,.3333333358168602
ns,2.01,B60,B60N,.3333333358168602
up,1.03,A61,A61C,.3333333358168602
am,4.01,H04,H04R,.3333333358168602
pi,1.06,C09,C09C,.3333333358168602
qj,2.05,B01,B01L,.3333333358168602
ns,2.01,B33,B33Y,.3333333358168602
hl,3.03,H03,H03G,.3333333358168602
iy,1.06,A23,A23G,.3333333358168602
cl,9,B65,B65B,.3333333358168602
dt,2.03,A21,A21B,.3333333358168602
ex,1.02,B31,B31F,.3333333358168602
ig,2.06,H04,H04K,.3333333358168602
cq,1.06,B60,B60Q,.3333333358168602
ye,2.02,E01,E01F,.3333333358168602
ev,1.02,A46,A46B,.3333333358168602
wv,3.03,B62,B62D,.3333333358168602
il,2.07,F23,F23R,.3333333358168602
xa,5.04,B02,B02C,.3333333358168602
pc,5.02,B23,B23D,.3333333358168602
ep,1.02,A61,A61D,.3333333358168602
oo,3.03,B62,B62D,.3333333358168602
un,1.03,A61,A61C,.3333333358168602
co,1.06,B06,B06B,.3333333358168602
yq,5.07,H01,H01F,.3333333358168602
gm,3.03,C12,C12G,.3333333395421505
xq,2.11,C01,C01D,.3333333395421505
ei,1.04,E04,E04F,.3333333395421505
dx,3.01,D21,D21C,.3333333395421505
rb,2.02,G06,G06G,.3333333395421505
ei,1.04,B41,B41K,.3333333395421505
zr,1.05,A01,A01H,.3333333395421505
pm,2.05,B41,B41K,.3333333395421505
ni,3.01,B02,B02C,.3333333423361182
bq,6.05,B60,B60W,.3333333432674408
ky,1.05,A62,A62D,.3333333432674408
dm,3.02,G21,G21H,.3333333432674408
er,1.02,C08,C08G,.3333333432674408
xw,3.03,A21,A21C,.3333333432674408
di,5.02,B62,B62K,.3333333432674408
ur,1.01,B61,B61H,.3333333432674408
vs,5.01,C10,C10L,.3333333432674408
ik,2.11,C10,C10L,.3333333432674408
eu,2.02,F02,F02D,.3333333432674408
cu,1.06,D21,D21F,.3333333432674408
ae,4.05,F16,F16M,.3333333432674408
pa,6.02,G07,G07B,.3333333432674408
ox,6.02,E21,E21D,.3333333432674408
ht,1.06,E05,E05B,.3333333432674408
yu,3.03,C11,C11B,.3333333432674408
bi,6.01,G01,G01B,.3333333432674408
rt,3.02,B04,B04C,.3333333432674408
nq,5.01,G04,G04F,.3333333432674408
mm,6.01,A47,A47K,.3333333432674408
eq,3.01,H03,H03G,.3333333432674408
bv,5.01,G09,G09G,.3333333432674408
dw,1.04,B22,B22C,.3333333432674408
oz,6.02,A44,A44B,.3333333432674408
li,3.02,B65,B65H,.3333333432674408
xq,2.11,A01,A01B,.3333333432674408
ei,1.04,B04,B04C,.3333333432674408
im,2.01,G06,G06M,.3333333432674408
fy,3.02,A61,A61G,.3333333432674408
bq,6.05,B63,B63G,.3333333432674408
dw,1.04,D03,D03D,.3333333432674408
er,1.02,C10,C10G,.3333333432674408
mm,6.01,B08,B08B,.3333333432674408
ia,3.02,B21,B21J,.3333333432674408
ru,3.01,B67,B67C,.3333333432674408
hi,5.01,B62,B62H,.3333333432674408
ex,1.02,B62,B62J,.3333333432674408
ai,2.03,B31,B31D,.3333333432674408
eq,3.01,A23,A23B,.3333333432674408
ya,3.02,A47,A47J,.3333333432674408
bu,1.03,B60,B60N,.3333333432674408
ta,1.06,C09,C09K,.3333333432674408
qc,6.02,B66,B66C,.3333333432674408
bd,1.06,H01,H01P,.3333333432674408
za,3.02,C05,C05G,.3333333432674408
xw,3.03,B60,B60W,.3333333432674408
co,1.06,C09,C09H,.3333333432674408
qh,2.05,B05,B05C,.3333333432674408
nq,5.01,B24,B24B,.3333333432674408
ku,5.07,C05,C05F,.3333333432674408
hb,5.03,F25,F25B,.3333333432674408
ha,5.03,G07,G07G,.3333333432674408
bp,6.04,A21,A21D,.3333333432674408
fa,2.01,D04,D04H,.3333333432674408
ot,6.02,E01,E01F,.3333333432674408
dw,1.04,A47,A47C,.3333333432674408
lq,3.03,A21,A21B,.3333333432674408
fy,3.02,B64,B64C,.3333333432674408
li,3.02,H02,H02K,.3333333432674408
am,4.01,C23,C23G,.3333333432674408
ep,1.02,E04,E04F,.3333333432674408
td,3.02,G01,G01K,.3333333432674408
qj,2.05,B31,B31F,.3333333432674408
tc,3.02,G03,G03C,.3333333432674408
pq,1.01,C05,C05F,.3333333432674408
bk,6.04,G07,G07B,.3333333432674408
ur,1.01,B60,B60N,.3333333432674408
dx,3.01,E05,E05G,.3333333432674408
uq,5.07,C01,C01D,.3333333432674408
uq,5.07,B42,B42F,.3333333432674408
ds,3.02,D21,D21F,.3333333432674408
ih,2.07,A47,A47J,.3333333432674408
rx,3.02,B60,B60G,.3333333432674408
rb,2.02,E04,E04F,.3333333432674408
qg,2.05,B60,B60J,.3333333432674408
oe,5.06,H01,H01B,.3333333432674408
mm,6.01,B07,B07B,.3333333432674408
ml,9,F21,F21L,.3333333432674408
ro,1.07,F24,F24T,.3333333432674408
or,5.09,C23,C23C,.3333333432674408
ye,2.02,E03,E03C,.3333333432674408
yr,2.01,B60,B60B,.3333333432674408
bq,6.05,B21,B21J,.3333333432674408
xe,4.01,F16,F16F,.3333333432674408
xy,1.01,F02,F02B,.3333333432674408
cu,1.06,G21,G21G,.3333333432674408
hy,1.06,B28,B28B,.3333333432674408
pz,2.05,A47,A47K,.3333333432674408
zd,9,F42,F42D,.3333333432674408
im,2.01,B27,B27G,.3333333432674408
ee,1.04,F21,F21L,.3333333432674408
yr,2.01,A41,A41C,.3333333432674408
id,2.07,A44,A44B,.3333333432674408
he,5.03,A47,A47D,.3333333432674408
vi,5.01,F23,F23R,.3333333432674408
di,5.02,F41,F41H,.3333333432674408
cu,1.06,H02,H02P,.3333333432674408
ne,3.03,B28,B28C,.3333333432674408
ve,3.02,B08,B08B,.3333333432674408
io,2.07,G08,G08C,.3333333432674408
js,6.04,C23,C23D,.3333333432674408
op,3.03,B63,B63B,.3333333432674408
ik,2.11,D21,D21J,.3333333432674408
pc,5.02,D21,D21C,.3333333432674408
wu,5.04,C11,C11B,.3333333432674408
qf,9,C21,C21C,.3333333432674408
ik,2.11,F41,F41B,.3333333432674408
pw,2.06,F42,F42B,.3333333432674408
hi,5.01,G01,G01F,.3333333432674408
xw,3.03,D06,D06P,.3333333432674408
yo,3.01,B60,B60C,.3333333432674408
ht,1.06,A47,A47J,.3333333432674408
hi,5.01,A47,A47J,.3333333432674408
ei,1.04,B44,B44F,.3333333432674408
fi,1.04,B64,B64G,.3333333432674408
cq,1.06,A44,A44B,.3333333432674408
ur,1.01,A47,A47B,.3333333432674408
bv,5.01,G01,G01M,.3333333432674408
ve,3.02,G01,G01M,.3333333432674408
pu,2.03,B41,B41N,.3333333432674408
ga,3.02,F02,F02P,.3333333432674408
ji,5.01,A22,A22C,.3333333432674408
mw,5.09,C10,C10G,.3333333432674408
dw,1.04,G21,G21B,.3333333432674408
uk,1.03,B44,B44F,.3333333432674408
bf,5.04,E02,E02D,.3333333432674408
fa,2.01,E01,E01H,.3333333432674408
ep,1.02,B27,B27C,.3333333432674408
fs,6.04,F23,F23Q,.3333333432674408
yi,6.03,C01,C01F,.3333333432674408
vi,5.01,A62,A62B,.3333333432674408
aa,1.03,F41,F41J,.3333333432674408
ki,3.02,G03,G03B,.3333333432674408
jb,5.07,F02,F02P,.3333333432674408
ta,1.06,C08,C08G,.3333333432674408
pz,2.05,B27,B27B,.3333333432674408
de,1.06,H03,H03F,.3333333432674408
fi,1.04,G07,G07B,.3333333432674408
ig,2.06,F01,F01P,.3333333432674408
iy,1.06,F28,F28F,.3333333432674408
zm,1.06,C12,C12C,.3333333432674408
bk,6.04,G01,G01J,.3333333432674408
si,1.05,F02,F02B,.3333333432674408
gy,5.02,F42,F42D,.3333333432674408
ro,1.07,F01,F01M,.3333333432674408
qq,1.05,F25,F25B,.3333333432674408
hf,6.03,A63,A63H,.3333333432674408
db,2.08,A62,A62B,.3333333432674408
xe,4.01,G01,G01W,.3333333432674408
py,3.02,D21,D21G,.3333333432674408
rt,3.02,E21,E21D,.3333333432674408
fe,5.05,B62,B62M,.3333333432674408
tm,3.01,B23,B23Q,.3333333432674408
de,1.06,G08,G08G,.3333333432674408
xw,3.03,H03,H03H,.3333333432674408
pz,2.05,B23,B23C,.3333333432674408
dm,3.02,G03,G03H,.3333333432674408
om,5.05,B31,B31F,.3333333432674408
tu,3.01,F02,F02P,.3333333432674408
ji,5.01,B64,B64D,.3333333432674408
ni,3.01,B23,B23F,.3333333432674408
ur,1.01,B30,B30B,.3333333432674408
yr,2.01,F21,F21K,.3333333432674408
nn,3.03,C08,C08C,.3333333432674408
ru,3.01,B21,B21J,.3333333432674408
wu,5.04,B03,B03B,.3333333432674408
bi,6.01,B41,B41M,.3333333432674408
pm,2.05,G09,G09C,.3333333432674408
er,1.02,C12,C12R,.3333333432674408
ml,9,A43,A43C,.3333333432674408
yr,2.01,B64,B64F,.3333333432674408
ds,3.02,D04,D04H,.3333333432674408
oy,9,B21,B21J,.3333333432674408
yo,3.01,B30,B30B,.3333333432674408
oz,6.02,C12,C12H,.3333333432674408
ah,4.01,F04,F04B,.3333333432674408
dr,1.06,B62,B62M,.3333333432674408
de,1.06,A63,A63C,.3333333432674408
pc,5.02,F23,F23D,.3333333432674408
bq,6.05,F23,F23Q,.3333333432674408
nn,3.03,A63,A63D,.3333333432674408
ga,3.02,A42,A42B,.3333333432674408
ew,1.02,E21,E21C,.3333333432674408
pa,6.02,B24,B24C,.3333333432674408
ni,3.01,B60,B60B,.3333333432674408
ua,6.03,D06,D06B,.3333333432674408
kv,1.05,F02,F02B,.3333333432674408
cq,1.06,F21,F21L,.3333333432674408
we,3.02,B61,B61D,.3333333432674408
cn,5.01,F01,F01B,.3333333432674408
ji,5.01,F24,F24D,.3333333432674408
op,3.03,E02,E02F,.3333333432674408
da,1.06,B60,B60K,.3333333432674408
ij,2.11,A47,A47J,.3333333432674408
nu,5.08,E03,E03F,.3333333432674408
ae,4.05,D04,D04H,.3333333432674408
sd,3.02,B29,B29D,.3333333432674408
bf,5.04,B67,B67D,.3333333432674408
zc,4.03,B29,B29B,.3333333432674408
dq,9,D04,D04B,.3333333432674408
js,6.04,B64,B64G,.3333333432674408
lq,3.03,B21,B21B,.3333333432674408
dx,3.01,C21,C21D,.3333333432674408
pi,1.06,H04,H04S,.3333333432674408
dr,1.06,G04,G04G,.3333333432674408
su,3.02,A23,A23J,.3333333432674408
nm,5.02,B65,B65H,.3333333432674408
lq,3.03,F23,F23R,.3333333432674408
jw,6.02,C07,C07C,.3333333432674408
rt,3.02,A23,A23N,.3333333432674408
wm,5.04,B23,B23C,.3333333432674408
bv,5.01,C22,C22C,.3333333432674408
yr,2.01,B42,B42F,.3333333432674408
vi,5.01,B24,B24D,.3333333432674408
bp,6.04,C06,C06D,.3333333432674408
er,1.02,F23,F23N,.3333333432674408
ze,1.06,B60,B60P,.3333333432674408
de,1.06,B61,B61L,.3333333432674408
fy,3.02,B60,B60T,.3333333432674408
uq,5.07,B22,B22D,.3333333432674408
yr,2.01,G04,G04G,.3333333432674408
yg,6.04,D01,D01F,.3333333432674408
cn,5.01,A61,A61C,.3333333432674408
az,3.02,C08,C08G,.3333333432674408
de,1.06,C10,C10J,.3333333432674408
um,3.01,B07,B07B,.3333333432674408
ph,6.02,B01,B01J,.3333333432674408
ha,5.03,F02,F02P,.3333333432674408
tq,3.02,B09,B09B,.3333333432674408
io,2.07,A62,A62D,.3333333432674408
ub,1.03,D05,D05B,.3333333432674408
ps,5.04,C08,C08B,.3333333432674408
ya,3.02,B60,B60S,.3333333432674408
dr,1.06,B23,B23Q,.3333333432674408
rz,3.03,C22,C22C,.3333333432674408
hb,5.03,F02,F02M,.3333333432674408
bu,1.03,A45,A45D,.3333333432674408
ru,3.01,G07,G07B,.3333333432674408
qa,3.01,G07,G07C,.3333333432674408
de,1.06,G09,G09F,.3333333432674408
dk,5.02,D04,D04C,.3333333432674408
pk,2.05,G08,G08G,.3333333432674408
vj,5.01,B61,B61L,.3333333432674408
km,1.06,E03,E03F,.3333333432674408
ou,1.06,C08,C08G,.3333333432674408
my,5.01,C03,C03B,.3333333432674408
zk,9,B24,B24B,.3333333432674408
qc,6.02,B61,B61L,.3333333432674408
dk,5.02,F41,F41C,.3333333432674408
js,6.04,B28,B28C,.3333333432674408
pi,1.06,G10,G10L,.3333333432674408
ih,2.07,B60,B60D,.3333333432674408
yo,3.01,F22,F22B,.3333333432674408
bf,5.04,A01,A01B,.3333333432674408
wf,1.06,H04,H04J,.3333333432674408
pi,1.06,E04,E04B,.3333333432674408
qq,1.05,E04,E04D,.3333333432674408
db,2.08,A41,A41B,.3333333432674408
lq,3.03,B66,B66B,.3333333432674408
um,3.01,C22,C22B,.3333333432674408
pj,2.05,E02,E02D,.3333333432674408
ep,1.02,F01,F01B,.3333333432674408
ei,1.04,B60,B60H,.3333333432674408
yr,2.01,D06,D06P,.3333333432674408
pc,5.02,A45,A45C,.3333333432674408
za,3.02,D06,D06N,.3333333432674408
bq,6.05,B22,B22D,.3333333432674408
ba,3.02,D01,D01D,.3333333432674408
de,1.06,H04,H04S,.3333333432674408
hf,6.03,A41,A41D,.3333333432674408
am,4.01,B42,B42D,.3333333432674408
eu,2.02,B60,B60W,.3333333432674408
ye,2.02,B42,B42F,.3333333432674408
wf,1.06,H02,H02J,.3333333432674408
rx,3.02,H03,H03K,.3333333432674408
gy,5.02,G01,G01G,.3333333432674408
ex,1.02,D06,D06P,.3333333432674408
lq,3.03,E21,E21D,.3333333432674408
if,2.11,C09,C09G,.3333333432674408
ea,1.04,F41,F41A,.3333333432674408
zq,2.07,A23,A23B,.3333333432674408
am,4.01,B66,B66D,.3333333432674408
if,2.11,A45,A45D,.3333333432674408
py,3.02,F01,F01M,.3333333432674408
we,3.02,D06,D06L,.3333333432674408
bq,6.05,A23,A23P,.3333333432674408
xe,4.01,C22,C22C,.3333333432674408
ew,1.02,F01,F01M,.3333333432674408
ih,2.07,G06,G06M,.3333333432674408
ze,1.06,B05,B05B,.3333333432674408
yr,2.01,B62,B62B,.3333333432674408
si,1.05,F41,F41A,.3333333432674408
am,4.01,D04,D04H,.3333333432674408
ve,3.02,F25,F25D,.3333333432674408
id,2.07,C23,C23D,.3333333432674408
dm,3.02,A63,A63C,.3333333432674408
es,2.02,B60,B60M,.3333333432674408
lq,3.03,C09,C09B,.3333333432674408
ql,9,F16,F16K,.3333333432674408
mm,6.01,G08,G08G,.3333333432674408
qq,1.05,E04,E04H,.3333333432674408
zr,1.05,B60,B60R,.3333333432674408
nn,3.03,B28,B28B,.3333333432674408
fa,2.01,F03,F03G,.3333333432674408
lq,3.03,B27,B27M,.3333333432674408
iy,1.06,H04,H04Q,.3333333432674408
tc,3.02,B63,B63G,.3333333432674408
uh,1.03,F23,F23N,.3333333432674408
jo,5.04,H01,H01P,.3333333432674408
cq,1.06,H02,H02S,.3333333432674408
ah,4.01,B65,B65H,.3333333432674408
ya,3.02,B64,B64G,.3333333432674408
eu,2.02,E01,E01F,.3333333432674408
di,5.02,E04,E04D,.3333333432674408
nn,3.03,B60,B60N,.3333333432674408
js,6.04,F21,F21K,.3333333432674408
kv,1.05,B07,B07B,.3333333432674408
mm,6.01,A23,A23D,.3333333432674408
yr,2.01,A43,A43B,.3333333432674408
oe,5.06,B03,B03D,.3333333432674408
ro,1.07,C10,C10C,.3333333432674408
wy,5.04,B60,B60R,.3333333432674408
ex,1.02,F24,F24H,.3333333432674408
af,4.05,H02,H02H,.3333333432674408
ac,2.02,B66,B66D,.3333333432674408
rx,3.02,A63,A63C,.3333333432674408
qh,2.05,G01,G01T,.3333333432674408
pf,6.02,H03,H03H,.3333333432674408
dk,5.02,G01,G01T,.3333333432674408
de,1.06,B44,B44B,.3333333432674408
ea,1.04,C09,C09H,.3333333432674408
pe,5.02,F01,F01C,.3333333432674408
ac,2.02,C13,C13B,.3333333432674408
ju,4.01,E01,E01C,.3333333432674408
pn,1.01,G06,G06M,.3333333432674408
gm,3.03,B60,B60S,.3333333432674408
ai,2.03,A01,A01B,.3333333432674408
am,4.01,B28,B28B,.3333333432674408
es,2.02,E02,E02D,.3333333432674408
gy,5.02,B66,B66B,.3333333432674408
ew,1.02,E03,E03C,.3333333432674408
fa,2.01,C06,C06B,.3333333432674408
vi,5.01,D03,D03D,.3333333432674408
ne,3.03,F03,F03G,.3333333432674408
pj,2.05,F02,F02N,.3333333432674408
dx,3.01,G07,G07B,.3333333432674408
im,2.01,A61,A61C,.3333333432674408
ix,2.07,B60,B60P,.3333333432674408
uy,1.04,B63,B63H,.3333333432674408
dr,1.06,F23,F23Q,.3333333432674408
iu,2.03,E01,E01H,.3333333432674408
mm,6.01,B62,B62J,.3333333432674408
wf,1.06,H01,H01H,.3333333432674408
ff,3.02,F23,F23G,.3333333432674408
cu,1.06,B02,B02C,.3333333432674408
zr,1.05,B67,B67D,.3333333432674408
pu,2.03,B61,B61K,.3333333432674408
pn,1.01,F21,F21S,.3333333432674408
ik,2.11,A01,A01F,.3333333432674408
ui,1.03,B26,B26B,.3333333432674408
ay,3.01,B60,B60L,.3333333432674408
ea,1.04,B26,B26F,.3333333432674408
gy,5.02,A47,A47J,.3333333432674408
hl,3.03,B41,B41F,.3333333432674408
bm,5.07,B05,B05B,.3333333432674408
jy,4.05,F41,F41G,.3333333432674408
hq,1.04,H03,H03B,.3333333432674408
rt,3.02,B67,B67C,.3333333432674408
qj,2.05,A43,A43B,.3333333432674408
oi,3.02,G01,G01J,.3333333432674408
qf,9,B60,B60B,.3333333432674408
mr,6.01,B07,B07B,.3333333432674408
yr,2.01,B61,B61B,.3333333432674408
ai,2.03,D04,D04C,.3333333432674408
ay,3.01,F16,F16K,.3333333432674408
yo,3.01,F21,F21S,.3333333432674408
hi,5.01,G10,G10K,.3333333432674408
bv,5.01,H01,H01H,.3333333432674408
et,1.02,B03,B03C,.3333333432674408
cu,1.06,B43,B43K,.3333333432674408
uq,5.07,G07,G07C,.3333333432674408
ba,3.02,H02,H02K,.3333333432674408
ze,1.06,C25,C25D,.3333333432674408
nn,3.03,C25,C25F,.3333333432674408
mq,6.01,B64,B64D,.3333333432674408
ka,4.01,H03,H03D,.3333333432674408
wy,5.04,G01,G01S,.3333333432674408
da,1.06,B24,B24D,.3333333432674408
vy,3.02,H02,H02G,.3333333432674408
wm,5.04,B03,B03D,.3333333432674408
ne,3.03,C05,C05G,.3333333432674408
ah,4.01,F17,F17D,.3333333432674408
pj,2.05,F21,F21L,.3333333432674408
dw,1.04,F23,F23Q,.3333333432674408
il,2.07,F41,F41A,.3333333432674408
up,1.03,B28,B28B,.3333333432674408
ns,2.01,F25,F25C,.3333333432674408
ei,1.04,B43,B43L,.3333333432674408
qc,6.02,B30,B30B,.3333333432674408
am,4.01,G01,G01M,.3333333432674408
xa,5.04,A63,A63H,.3333333432674408
pa,6.02,B61,B61F,.3333333432674408
ne,3.03,C06,C06B,.3333333432674408
ue,2.11,B26,B26B,.3333333432674408
hl,3.03,F04,F04D,.3333333432674408
pz,2.05,B60,B60N,.3333333432674408
oa,2.11,A22,A22B,.3333333432674408
dy,1.04,E01,E01F,.3333333432674408
iy,1.06,D21,D21C,.3333333432674408
qc,6.02,H02,H02N,.3333333432674408
rx,3.02,C08,C08K,.3333333432674408
nm,5.02,G01,G01C,.3333333432674408
ih,2.07,C06,C06D,.3333333432674408
ev,1.02,F03,F03B,.3333333432674408
pe,5.02,D01,D01G,.3333333432674408
pi,1.06,F04,F04D,.3333333432674408
ni,3.01,A63,A63D,.3333333432674408
pz,2.05,A63,A63J,.3333333432674408
ea,1.04,F16,F16B,.3333333432674408
vx,5.01,B67,B67D,.3333333432674408
cq,1.06,C10,C10K,.3333333432674408
um,3.01,B23,B23Q,.3333333432674408
dt,2.03,F24,F24B,.3333333432674408
gy,5.02,F23,F23Q,.3333333432674408
tm,3.01,A47,A47D,.3333333432674408
jy,4.05,G07,G07G,.3333333432674408
kv,1.05,E05,E05B,.3333333432674408
af,4.05,F16,F16M,.3333333432674408
ex,1.02,B27,B27M,.3333333432674408
xq,2.11,A22,A22B,.3333333432674408
az,3.02,G01,G01R,.3333333432674408
qf,9,D04,D04C,.3333333432674408
fs,6.04,B64,B64D,.3333333432674408
zc,4.03,B25,B25J,.3333333432674408
ac,2.02,B41,B41C,.3333333432674408
re,1.05,F28,F28D,.3333333432674408
ff,3.02,B64,B64F,.3333333432674408
qu,1.06,C08,C08C,.3333333432674408
su,3.02,H01,H01Q,.3333333432674408
ne,3.03,B27,B27M,.3333333432674408
ds,3.02,B64,B64G,.3333333432674408
xa,5.04,B03,B03D,.3333333432674408
re,1.05,H02,H02M,.3333333432674408
or,5.09,F01,F01M,.3333333432674408
yr,2.01,C10,C10C,.3333333432674408
hq,1.04,B44,B44F,.3333333432674408
rp,6.04,E06,E06B,.3333333432674408
co,1.06,F16,F16J,.3333333432674408
il,2.07,H03,H03D,.3333333432674408
lq,3.03,G01,G01G,.3333333432674408
dy,1.04,F41,F41J,.3333333432674408
fa,2.01,A23,A23G,.3333333432674408
nn,3.03,F41,F41J,.3333333432674408
bv,5.01,F01,F01D,.3333333432674408
oz,6.02,B60,B60H,.3333333432674408
uk,1.03,C07,C07G,.3333333432674408
oi,3.02,B60,B60N,.3333333432674408
zr,1.05,E02,E02F,.3333333432674408
ix,2.07,E02,E02F,.3333333432674408
ih,2.07,B60,B60H,.3333333432674408
mq,6.01,B21,B21B,.3333333432674408
ka,4.01,H03,H03M,.3333333432674408
ee,1.04,B25,B25J,.3333333432674408
hl,3.03,F04,F04C,.3333333432674408
ne,3.03,B44,B44F,.3333333432674408
eu,2.02,A61,A61J,.3333333432674408
km,1.06,A41,A41B,.3333333432674408
pq,1.01,E04,E04D,.3333333432674408
ff,3.02,C10,C10L,.3333333432674408
et,1.02,E03,E03D,.3333333432674408
ps,5.04,E04,E04H,.3333333432674408
si,1.05,A62,A62D,.3333333432674408
hi,5.01,H05,H05B,.3333333432674408
ac,2.02,F16,F16J,.3333333432674408
ue,2.11,B21,B21B,.3333333432674408
ga,3.02,H03,H03K,.3333333432674408
yp,3.02,A47,A47J,.3333333432674408
fa,2.01,F04,F04C,.3333333432674408
aq,3.02,F01,F01N,.3333333432674408
az,3.02,C02,C02F,.3333333432674408
yq,5.07,F25,F25B,.3333333432674408
fe,5.05,C22,C22C,.3333333432674408
rp,6.04,F21,F21L,.3333333432674408
oe,5.06,B60,B60W,.3333333432674408
pj,2.05,G21,G21F,.3333333432674408
dx,3.01,G10,G10H,.3333333432674408
wc,3.03,F28,F28D,.3333333432674408
vp,3.03,D06,D06L,.3333333432674408
tc,3.02,D04,D04B,.3333333432674408
ye,2.02,C10,C10C,.3333333432674408
wq,5.01,C02,C02F,.3333333432674408
tc,3.02,D02,D02G,.3333333432674408
ea,1.04,A43,A43B,.3333333432674408
cq,1.06,C21,C21B,.3333333432674408
gy,5.02,G10,G10D,.3333333432674408
lj,3.02,B06,B06B,.3333333432674408
zd,9,G10,G10H,.3333333432674408
or,5.09,D06,D06M,.3333333432674408
fa,2.01,A44,A44B,.3333333432674408
ip,2.07,F02,F02B,.3333333432674408
xy,1.01,F23,F23G,.3333333432674408
ds,3.02,H03,H03B,.3333333432674408
hq,1.04,B63,B63J,.3333333432674408
uu,5.06,H02,H02H,.3333333432674408
vx,5.01,C07,C07B,.3333333432674408
pt,3.03,A01,A01B,.3333333432674408
wy,5.04,E04,E04C,.3333333432674408
ml,9,H04,H04M,.3333333432674408
oz,6.02,B63,B63C,.3333333432674408
cn,5.01,G03,G03G,.3333333432674408
da,1.06,A01,A01B,.3333333432674408
vm,5.06,A63,A63H,.3333333432674408
fy,3.02,B60,B60J,.3333333432674408
mm,6.01,C12,C12M,.3333333432674408
yr,2.01,B25,B25B,.3333333432674408
bu,1.03,G01,G01F,.3333333432674408
yp,3.02,G01,G01W,.3333333432674408
wf,1.06,H05,H05B,.3333333432674408
mq,6.01,B30,B30B,.3333333432674408
xa,5.04,C03,C03B,.3333333432674408
yq,5.07,A23,A23F,.3333333432674408
yo,3.01,G07,G07B,.3333333432674408
yy,5.07,E03,E03C,.3333333432674408
ot,6.02,A47,A47D,.3333333432674408
mc,1.06,B41,B41F,.3333333432674408
pe,5.02,B25,B25B,.3333333432674408
oy,9,B03,B03B,.3333333432674408
cl,9,G06,G06J,.3333333432674408
qe,2.09,B60,B60R,.3333333432674408
ne,3.03,B31,B31B,.3333333432674408
we,3.02,D04,D04B,.3333333432674408
if,2.11,A42,A42C,.3333333432674408
bv,5.01,B67,B67D,.3333333432674408
po,1.01,A47,A47J,.3333333432674408
tq,3.02,E04,E04D,.3333333432674408
nm,5.02,A63,A63H,.3333333432674408
dx,3.01,F22,F22B,.3333333432674408
sa,3.03,A43,A43D,.3333333432674408
nm,5.02,E04,E04C,.3333333432674408
ni,3.01,F02,F02K,.3333333432674408
ay,3.01,F02,F02K,.3333333432674408
km,1.06,B28,B28B,.3333333432674408
mq,6.01,H04,H04R,.3333333432674408
yo,3.01,E02,E02D,.3333333432674408
ox,6.02,B63,B63H,.3333333432674408
mr,6.01,G03,G03C,.3333333432674408
mr,6.01,H04,H04Q,.3333333432674408
nm,5.02,C08,C08K,.3333333432674408
wv,3.03,H02,H02J,.3333333432674408
hy,1.06,H01,H01H,.3333333432674408
pd,6.02,C01,C01G,.3333333432674408
pi,1.06,G01,G01M,.3333333432674408
yo,3.01,E05,E05B,.3333333432674408
ze,1.06,A63,A63D,.3333333432674408
zc,4.03,B22,B22D,.3333333432674408
ei,1.04,F02,F02F,.3333333432674408
sy,1.03,D04,D04C,.3333333432674408
pd,6.02,D06,D06M,.3333333432674408
bm,5.07,H04,H04H,.3333333432674408
ei,1.04,F01,F01C,.3333333432674408
id,2.07,B61,B61H,.3333333432674408
ht,1.06,B07,B07C,.3333333432674408
pu,2.03,F24,F24C,.3333333432674408
ve,3.02,B61,B61C,.3333333432674408
yq,5.07,C10,C10J,.3333333432674408
my,5.01,F16,F16B,.3333333432674408
ct,9,A63,A63F,.3333333432674408
ku,5.07,F24,F24S,.3333333432674408
ni,3.01,F02,F02P,.3333333432674408
tq,3.02,C21,C21C,.3333333432674408
ni,3.01,E01,E01D,.3333333432674408
ni,3.01,D02,D02G,.3333333432674408
ku,5.07,E03,E03C,.3333333432674408
ni,3.01,D01,D01H,.3333333432674408
ta,1.06,B29,B29D,.3333333432674408
hi,5.01,H02,H02P,.3333333432674408
zc,4.03,H04,H04S,.3333333432674408
lj,3.02,C06,C06D,.3333333432674408
xa,5.04,A62,A62C,.3333333432674408
vj,5.01,G01,G01P,.3333333432674408
wv,3.03,F01,F01B,.3333333432674408
id,2.07,D21,D21D,.3333333432674408
ps,5.04,H02,H02K,.3333333432674408
fi,1.04,C05,C05C,.3333333432674408
wy,5.04,C08,C08F,.3333333432674408
vx,5.01,A24,A24F,.3333333432674408
ga,3.02,A21,A21B,.3333333432674408
vm,5.06,C22,C22F,.3333333432674408
mr,6.01,F41,F41H,.3333333432674408
zc,4.03,F16,F16T,.3333333432674408
ni,3.01,A01,A01B,.3333333432674408
oz,6.02,F01,F01D,.3333333432674408
pu,2.03,G01,G01G,.3333333432674408
pz,2.05,D06,D06H,.3333333432674408
hi,5.01,A23,A23F,.3333333432674408
pi,1.06,C23,C23C,.3333333432674408
aa,1.03,B28,B28B,.3333333432674408
ct,9,H01,H01R,.3333333432674408
xw,3.03,B63,B63H,.3333333432674408
tu,3.01,A45,A45B,.3333333432674408
ya,3.02,B23,B23F,.3333333432674408
yi,6.03,D21,D21H,.3333333432674408
um,3.01,B25,B25B,.3333333432674408
mu,4.01,F24,F24S,.3333333432674408
ma,3.02,F16,F16B,.3333333432674408
dk,5.02,F21,F21L,.3333333432674408
ze,1.06,B62,B62B,.3333333432674408
fy,3.02,B03,B03C,.3333333432674408
pk,2.05,B65,B65G,.3333333432674408
lq,3.03,F02,F02C,.3333333432674408
ju,4.01,B61,B61B,.3333333432674408
cq,1.06,A24,A24C,.3333333432674408
lq,3.03,C22,C22B,.3333333432674408
rz,3.03,E01,E01C,.3333333432674408
ep,1.02,B21,B21C,.3333333432674408
iu,2.03,C12,C12C,.3333333432674408
ti,9,B60,B60C,.3333333432674408
im,2.01,B41,B41J,.3333333432674408
ha,5.03,G01,G01F,.3333333432674408
pd,6.02,C22,C22B,.3333333432674408
lj,3.02,B65,B65H,.3333333432674408
lj,3.02,B08,B08B,.3333333432674408
lj,3.02,A45,A45D,.3333333432674408
bq,6.05,D06,D06P,.3333333432674408
ph,6.02,G09,G09F,.3333333432674408
wu,5.04,B05,B05D,.3333333432674408
ry,2.03,F26,F26B,.3333333432674408
li,3.02,C22,C22C,.3333333432674408
qu,1.06,B27,B27B,.3333333432674408
qc,6.02,E06,E06B,.3333333432674408
wu,5.04,F01,F01L,.3333333432674408
dx,3.01,B25,B25B,.3333333432674408
fi,1.04,B22,B22C,.3333333432674408
yo,3.01,F15,F15D,.3333333432674408
bd,1.06,B62,B62B,.3333333432674408
jm,5.04,B01,B01F,.3333333432674408
dr,1.06,B43,B43K,.3333333432674408
le,1.05,B27,B27F,.3333333432674408
de,1.06,G21,G21G,.3333333432674408
ze,1.06,A47,A47D,.3333333432674408
hy,1.06,C09,C09J,.3333333432674408
ze,1.06,H02,H02J,.3333333432674408
bu,1.03,A23,A23F,.3333333432674408
ay,3.01,H01,H01R,.3333333432674408
wf,1.06,B06,B06B,.3333333432674408
ht,1.06,G07,G07C,.3333333432674408
ka,4.01,C22,C22C,.3333333432674408
ky,1.05,B01,B01F,.3333333432674408
ns,2.01,E04,E04D,.3333333432674408
im,2.01,A44,A44B,.3333333432674408
yi,6.03,B23,B23B,.3333333432674408
af,4.05,E21,E21B,.3333333432674408
ip,2.07,C08,C08H,.3333333432674408
ps,5.04,C09,C09D,.3333333432674408
rt,3.02,B26,B26F,.3333333432674408
jo,5.04,H01,H01Q,.3333333432674408
lq,3.03,E04,E04D,.3333333432674408
mr,6.01,F28,F28D,.3333333432674408
pi,1.06,F17,F17D,.3333333432674408
ye,2.02,D21,D21B,.3333333432674408
bi,6.01,G01,G01T,.3333333432674408
yo,3.01,G03,G03B,.3333333432674408
yg,6.04,G02,G02F,.3333333432674408
li,3.02,H04,H04Q,.3333333432674408
km,1.06,B08,B08B,.3333333432674408
ps,5.04,G01,G01S,.3333333432674408
fa,2.01,C09,C09J,.3333333432674408
bu,1.03,E04,E04D,.3333333432674408
hi,5.01,F16,F16F,.3333333432674408
wu,5.04,B03,B03D,.3333333432674408
vx,5.01,B27,B27B,.3333333432674408
ki,3.02,B03,B03B,.3333333432674408
yy,5.07,C08,C08G,.3333333432674408
cn,5.01,D06,D06P,.3333333432674408
oi,3.02,A47,A47C,.3333333432674408
uh,1.03,C14,C14C,.3333333432674408
ih,2.07,F23,F23B,.3333333432674408
ig,2.06,B63,B63G,.3333333432674408
ye,2.02,B21,B21C,.3333333432674408
ka,4.01,H04,H04H,.3333333432674408
rt,3.02,C10,C10J,.3333333432674408
mw,5.09,A62,A62C,.3333333432674408
qq,1.05,B28,B28B,.3333333432674408
bk,6.04,C03,C03B,.3333333432674408
cn,5.01,B08,B08B,.3333333432674408
mc,1.06,B65,B65D,.3333333432674408
yo,3.01,G10,G10H,.3333333432674408
op,3.03,A47,A47D,.3333333432674408
un,1.03,B21,B21F,.3333333432674408
uh,1.03,B27,B27N,.3333333432674408
xe,4.01,B60,B60K,.3333333432674408
sa,3.03,G10,G10H,.3333333432674408
ii,2.04,F02,F02N,.3333333432674408
ml,9,D06,D06P,.3333333432674408
ai,2.03,A42,A42C,.3333333432674408
hi,5.01,A23,A23K,.3333333432674408
kv,1.05,F22,F22B,.3333333432674408
qj,2.05,F02,F02N,.3333333432674408
wm,5.04,F27,F27D,.3333333432674408
zr,1.05,B27,B27F,.3333333432674408
hi,5.01,B66,B66B,.3333333432674408
xe,4.01,B07,B07B,.3333333432674408
ns,2.01,B21,B21K,.3333333432674408
ht,1.06,H03,H03H,.3333333432674408
nm,5.02,C08,C08G,.3333333432674408
hy,1.06,A23,A23F,.3333333432674408
ht,1.06,B60,B60N,.3333333432674408
fe,5.05,C08,C08G,.3333333432674408
fy,3.02,B81,B81B,.3333333432674408
js,6.04,F03,F03D,.3333333432674408
lj,3.02,B60,B60T,.3333333432674408
gu,1.06,B07,B07B,.3333333432674408
sa,3.03,C09,C09F,.3333333432674408
js,6.04,B09,B09C,.3333333432674408
ii,2.04,E05,E05F,.3333333432674408
rb,2.02,B09,B09B,.3333333432674408
zk,9,F21,F21S,.3333333432674408
ps,5.04,F02,F02M,.3333333432674408
wq,5.01,A61,A61G,.3333333432674408
jo,5.04,C11,C11D,.3333333432674408
jo,5.04,B60,B60R,.3333333432674408
jo,5.04,B60,B60N,.3333333432674408
xy,1.01,F23,F23R,.3333333432674408
ou,1.06,B42,B42D,.3333333432674408
jm,5.04,G01,G01B,.3333333432674408
ds,3.02,B33,B33Y,.3333333432674408
rx,3.02,F21,F21V,.3333333432674408
et,1.02,F24,F24D,.3333333432674408
qg,2.05,A21,A21B,.3333333432674408
qf,9,B05,B05C,.3333333432674408
ji,5.01,C25,C25C,.3333333432674408
ji,5.01,C03,C03B,.3333333432674408
le,1.05,B29,B29B,.3333333432674408
im,2.01,F27,F27D,.3333333432674408
ei,1.04,B31,B31B,.3333333432674408
ku,5.07,B23,B23B,.3333333432674408
ee,1.04,F23,F23N,.3333333432674408
fa,2.01,A01,A01B,.3333333432674408
wq,5.01,B41,B41M,.3333333432674408
ij,2.11,A22,A22C,.3333333432674408
jb,5.07,F25,F25J,.3333333432674408
eu,2.02,F28,F28D,.3333333432674408
jb,5.07,C12,C12M,.3333333432674408
wy,5.04,A23,A23C,.3333333432674408
fi,1.04,G08,G08G,.3333333432674408
jb,5.07,C01,C01D,.3333333432674408
ij,2.11,A47,A47D,.3333333432674408
oe,5.06,A41,A41D,.3333333432674408
ru,3.01,A23,A23N,.3333333432674408
bq,6.05,C06,C06C,.3333333432674408
vj,5.01,C01,C01F,.3333333432674408
qa,3.01,A44,A44B,.3333333432674408
pu,2.03,B27,B27G,.3333333432674408
un,1.03,B30,B30B,.3333333432674408
tm,3.01,B28,B28B,.3333333432674408
pa,6.02,E03,E03F,.3333333432674408
ub,1.03,A45,A45C,.3333333432674408
hi,5.01,C23,C23C,.3333333432674408
yp,3.02,F16,F16B,.3333333432674408
uq,5.07,G01,G01L,.3333333432674408
ja,1.05,B60,B60P,.3333333432674408
ql,9,E06,E06B,.3333333432674408
vp,3.03,B24,B24B,.3333333432674408
xa,5.04,C10,C10L,.3333333432674408
ij,2.11,D01,D01G,.3333333432674408
ah,4.01,D03,D03D,.3333333432674408
gu,1.06,E05,E05B,.3333333432674408
co,1.06,C08,C08C,.3333333432674408
ve,3.02,A01,A01B,.3333333432674408
gu,1.06,B62,B62B,.3333333432674408
nn,3.03,D06,D06C,.3333333432674408
dw,1.04,B60,B60P,.3333333432674408
ai,2.03,H05,H05F,.3333333432674408
yp,3.02,A01,A01B,.3333333432674408
ea,1.04,B61,B61D,.3333333432674408
zk,9,C22,C22C,.3333333432674408
ou,1.06,C07,C07F,.3333333432674408
rb,2.02,B22,B22F,.3333333432674408
om,5.05,C01,C01G,.3333333432674408
oy,9,A47,A47D,.3333333432674408
iu,2.03,G04,G04G,.3333333432674408
mw,5.09,A01,A01K,.3333333432674408
oi,3.02,F25,F25D,.3333333432674408
sr,2.07,E05,E05B,.3333333432674408
ru,3.01,A63,A63C,.3333333432674408
ik,2.11,A23,A23J,.3333333432674408
xa,5.04,B41,B41F,.3333333432674408
yp,3.02,C22,C22B,.3333333432674408
iu,2.03,B41,B41C,.3333333432674408
my,5.01,C08,C08K,.3333333432674408
dy,1.04,F21,F21L,.3333333432674408
td,3.02,H01,H01F,.3333333432674408
nn,3.03,B60,B60Q,.3333333432674408
xa,5.04,G21,G21K,.3333333432674408
iu,2.03,A41,A41C,.3333333432674408
pe,5.02,B44,B44C,.3333333432674408
iq,2.02,Y10,Y10S,.3333333432674408
dx,3.01,F28,F28F,.3333333432674408
dm,3.02,A21,A21B,.3333333432674408
yo,3.01,F03,F03B,.3333333432674408
da,1.06,F01,F01P,.3333333432674408
ea,1.04,G04,G04D,.3333333432674408
yr,2.01,A23,A23F,.3333333432674408
fa,2.01,A47,A47J,.3333333432674408
sr,2.07,G07,G07B,.3333333432674408
po,1.01,F03,F03B,.3333333432674408
yu,3.03,B60,B60C,.3333333432674408
nm,5.02,F02,F02B,.3333333432674408
xy,1.01,B23,B23C,.3333333432674408
db,2.08,B23,B23H,.3333333432674408
ik,2.11,C25,C25C,.3333333432674408
ew,1.02,F16,F16D,.3333333432674408
en,9,A01,A01H,.3333333432674408
ik,2.11,F01,F01M,.3333333432674408
mr,6.01,A62,A62B,.3333333432674408
ne,3.03,B31,B31F,.3333333432674408
wh,3.02,B05,B05B,.3333333432674408
da,1.06,B62,B62B,.3333333432674408
ye,2.02,A22,A22C,.3333333432674408
ij,2.11,A42,A42B,.3333333432674408
et,1.02,A62,A62C,.3333333432674408
xy,1.01,F16,F16M,.3333333432674408
ip,2.07,H03,H03F,.3333333432674408
pe,5.02,B21,B21C,.3333333432674408
ip,2.07,G10,G10H,.3333333432674408
si,1.05,E04,E04B,.3333333432674408
sy,1.03,E21,E21D,.3333333432674408
ff,3.02,C08,C08L,.3333333432674408
bm,5.07,B07,B07B,.3333333432674408
qg,2.05,A41,A41D,.3333333432674408
ip,2.07,B65,B65B,.3333333432674408
qu,1.06,H04,H04R,.3333333432674408
xq,2.11,F03,F03B,.3333333432674408
bm,5.07,C11,C11D,.3333333432674408
hl,3.03,G07,G07B,.3333333432674408
co,1.06,B62,B62K,.3333333432674408
im,2.01,H03,H03D,.3333333432674408
il,2.07,D07,D07B,.3333333432674408
li,3.02,B06,B06B,.3333333432674408
ti,9,D01,D01F,.3333333432674408
hy,1.06,G01,G01C,.3333333432674408
im,2.01,F28,F28C,.3333333432674408
hi,5.01,G01,G01V,.3333333432674408
hl,3.03,C09,C09B,.3333333432674408
im,2.01,F23,F23B,.3333333432674408
ip,2.07,H01,H01C,.3333333432674408
tm,3.01,B08,B08B,.3333333432674408
nn,3.03,B27,B27B,.3333333432674408
uk,1.03,D05,D05B,.3333333432674408
pe,5.02,F01,F01M,.3333333432674408
aa,1.03,B61,B61L,.3333333432674408
yy,5.07,A61,A61C,.3333333432674408
ad,4.02,H01,H01B,.3333333432674408
yo,3.01,H02,H02B,.3333333432674408
dt,2.03,A62,A62B,.3333333432674408
oy,9,F04,F04C,.3333333432674408
hi,5.01,D06,D06F,.3333333432674408
di,5.02,B42,B42F,.3333333432674408
le,1.05,F22,F22B,.3333333432674408
yq,5.07,B63,B63H,.3333333432674408
es,2.02,F16,F16P,.3333333432674408
op,3.03,A62,A62D,.3333333432674408
ac,2.02,A45,A45F,.3333333432674408
bp,6.04,E06,E06B,.3333333432674408
gm,3.03,E02,E02F,.3333333432674408
fy,3.02,F16,F16C,.3333333432674408
ht,1.06,D06,D06F,.3333333432674408
hq,1.04,F01,F01P,.3333333432674408
pn,1.01,C03,C03B,.3333333432674408
sy,1.03,B21,B21K,.3333333432674408
ai,2.03,B31,B31F,.3333333432674408
yp,3.02,D01,D01H,.3333333432674408
yp,3.02,B60,B60S,.3333333432674408
ht,1.06,B63,B63H,.3333333432674408
hl,3.03,B60,B60G,.3333333432674408
db,2.08,E03,E03F,.3333333432674408
bk,6.04,A63,A63G,.3333333432674408
ti,9,G02,G02C,.3333333432674408
km,1.06,D01,D01D,.3333333432674408
qj,2.05,A47,A47L,.3333333432674408
sd,3.02,A41,A41C,.3333333432674408
ht,1.06,C10,C10M,.3333333432674408
ex,1.02,E02,E02D,.3333333432674408
ku,5.07,H02,H02P,.3333333432674408
he,5.03,C08,C08K,.3333333432674408
hi,5.01,B24,B24B,.3333333432674408
vi,5.01,C10,C10M,.3333333432674408
js,6.04,B04,B04B,.3333333432674408
rz,3.03,F24,F24F,.3333333432674408
xy,1.01,D21,D21F,.3333333432674408
nu,5.08,H04,H04K,.3333333432674408
tq,3.02,H01,H01G,.3333333432674408
qj,2.05,B64,B64D,.3333333432674408
li,3.02,C21,C21B,.3333333432674408
dx,3.01,G03,G03B,.3333333432674408
gy,5.02,B61,B61B,.3333333432674408
hl,3.03,A21,A21B,.3333333432674408
rt,3.02,G21,G21K,.3333333432674408
hq,1.04,F02,F02K,.3333333432674408
yr,2.01,B28,B28C,.3333333432674408
ii,2.04,B21,B21J,.3333333432674408
qq,1.05,B27,B27F,.3333333432674408
jy,4.05,H03,H03D,.3333333432674408
dx,3.01,A45,A45B,.3333333432674408
fs,6.04,B01,B01L,.3333333432674408
ne,3.03,F16,F16G,.3333333432674408
ml,9,G03,G03G,.3333333432674408
iu,2.03,B31,B31D,.3333333432674408
hy,1.06,B06,B06B,.3333333432674408
ex,1.02,A62,A62C,.3333333432674408
hl,3.03,B64,B64C,.3333333432674408
qf,9,F03,F03D,.3333333432674408
ya,3.02,A41,A41F,.3333333432674408
iq,2.02,B61,B61H,.3333333432674408
py,3.02,F01,F01L,.3333333432674408
gm,3.03,H02,H02B,.3333333432674408
oi,3.02,A41,A41B,.3333333432674408
nn,3.03,G21,G21F,.3333333432674408
zr,1.05,B60,B60K,.3333333432674408
dx,3.01,C06,C06B,.3333333432674408
po,1.01,B31,B31F,.3333333432674408
fs,6.04,B09,B09B,.3333333432674408
js,6.04,B44,B44C,.3333333432674408
ni,3.01,B60,B60S,.3333333432674408
ev,1.02,A47,A47G,.3333333432674408
ze,1.06,F02,F02P,.3333333432674408
yq,5.07,F01,F01C,.3333333432674408
fs,6.04,F25,F25J,.3333333432674408
ka,4.01,E04,E04D,.3333333432674408
hl,3.03,B66,B66B,.3333333432674408
gc,1.05,F23,F23D,.3333333432674408
ia,3.02,E01,E01B,.3333333432674408
yq,5.07,E21,E21F,.3333333432674408
vm,5.06,A63,A63F,.3333333432674408
aa,1.03,A01,A01H,.3333333432674408
zr,1.05,G21,G21G,.3333333432674408
ga,3.02,E05,E05F,.3333333432674408
mm,6.01,F15,F15B,.3333333432674408
mu,4.01,F21,F21V,.3333333432674408
li,3.02,B08,B08B,.3333333432674408
pc,5.02,G03,G03C,.3333333432674408
up,1.03,B66,B66D,.3333333432674408
ht,1.06,B29,B29B,.3333333432674408
pm,2.05,B31,B31F,.3333333432674408
qk,6.01,G01,G01J,.3333333432674408
ga,3.02,G10,G10L,.3333333432674408
qh,2.05,B23,B23C,.3333333432674408
fy,3.02,G10,G10L,.3333333432674408
iu,2.03,E03,E03C,.3333333432674408
bi,6.01,C08,C08K,.3333333432674408
pu,2.03,E03,E03C,.3333333432674408
zk,9,B66,B66F,.3333333432674408
qu,1.06,G04,G04F,.3333333432674408
hy,1.06,G11,G11B,.3333333432674408
ps,5.04,H02,H02H,.3333333432674408
un,1.03,C12,C12R,.3333333432674408
im,2.01,F41,F41A,.3333333432674408
yo,3.01,A45,A45D,.3333333432674408
ht,1.06,B32,B32B,.3333333432674408
hl,3.03,F41,F41G,.3333333432674408
rx,3.02,C02,C02F,.3333333432674408
tq,3.02,D21,D21C,.3333333432674408
ga,3.02,B64,B64G,.3333333432674408
nu,5.08,B61,B61D,.3333333432674408
rp,6.04,B63,B63C,.3333333432674408
hi,5.01,B60,B60L,.3333333432674408
tm,3.01,A45,A45C,.3333333432674408
ha,5.03,G01,G01L,.3333333432674408
iu,2.03,F41,F41J,.3333333432674408
gm,3.03,G08,G08B,.3333333432674408
if,2.11,B60,B60H,.3333333432674408
ha,5.03,H03,H03J,.3333333432674408
po,1.01,C08,C08B,.3333333432674408
mr,6.01,E03,E03C,.3333333432674408
hi,5.01,F01,F01N,.3333333432674408
ew,1.02,A63,A63J,.3333333432674408
we,3.02,C10,C10L,.3333333432674408
qj,2.05,F16,F16K,.3333333432674408
ba,3.02,G21,G21K,.3333333432674408
zr,1.05,F01,F01M,.3333333432674408
ry,2.03,B31,B31B,.3333333432674408
hq,1.04,B60,B60G,.3333333432674408
ne,3.03,C10,C10K,.3333333432674408
kv,1.05,B66,B66B,.3333333432674408
hf,6.03,B60,B60J,.3333333432674408
rx,3.02,B60,B60W,.3333333432674408
ee,1.04,B25,B25B,.3333333432674408
ep,1.02,B23,B23F,.3333333432674408
gy,5.02,E21,E21D,.3333333432674408
mm,6.01,A62,A62B,.3333333432674408
ye,2.02,B21,B21F,.3333333432674408
bv,5.01,F16,F16F,.3333333432674408
ga,3.02,D06,D06N,.3333333432674408
om,5.05,B60,B60H,.3333333432674408
rx,3.02,A47,A47G,.3333333432674408
vy,3.02,A63,A63C,.3333333432674408
pk,2.05,D05,D05C,.3333333432674408
yi,6.03,F21,F21K,.3333333432674408
yi,6.03,B22,B22D,.3333333432674408
ju,4.01,A63,A63B,.3333333432674408
ee,1.04,G03,G03B,.3333333432674408
oy,9,A47,A47F,.3333333432674408
om,5.05,B60,B60N,.3333333432674408
mc,1.06,D21,D21F,.3333333432674408
ep,1.02,F04,F04F,.3333333432674408
om,5.05,F21,F21L,.3333333432674408
ja,1.05,G06,G06M,.3333333432674408
pt,3.03,B41,B41F,.3333333432674408
dk,5.02,B65,B65D,.3333333432674408
oz,6.02,B44,B44F,.3333333432674408
ae,4.05,D21,D21D,.3333333432674408
tc,3.02,E04,E04B,.3333333432674408
il,2.07,A01,A01C,.3333333432674408
rt,3.02,B60,B60B,.3333333432674408
ha,5.03,C22,C22B,.3333333432674408
vj,5.01,E04,E04D,.3333333432674408
gy,5.02,B03,B03D,.3333333432674408
om,5.05,F28,F28F,.3333333432674408
qe,2.09,B42,B42D,.3333333432674408
ni,3.01,B25,B25B,.3333333432674408
ut,6.02,G09,G09F,.3333333432674408
cq,1.06,C09,C09H,.3333333432674408
ox,6.02,D06,D06B,.3333333432674408
oz,6.02,B67,B67D,.3333333432674408
ad,4.02,C12,C12G,.3333333432674408
iy,1.06,F23,F23L,.3333333432674408
rb,2.02,F04,F04D,.3333333432674408
jb,5.07,A01,A01M,.3333333432674408
ij,2.11,F16,F16M,.3333333432674408
si,1.05,F01,F01D,.3333333432674408
ji,5.01,A42,A42B,.3333333432674408
rt,3.02,B23,B23B,.3333333432674408
hq,1.04,B26,B26F,.3333333432674408
yp,3.02,C06,C06B,.3333333432674408
kv,1.05,H01,H01H,.3333333432674408
km,1.06,B23,B23H,.3333333432674408
xa,5.04,A43,A43B,.3333333432674408
pm,2.05,A63,A63J,.3333333432674408
qu,1.06,B63,B63J,.3333333432674408
vs,5.01,A24,A24F,.3333333432674408
bq,6.05,B05,B05C,.3333333432674408
wh,3.02,A47,A47J,.3333333432674408
ex,1.02,B61,B61K,.3333333432674408
yg,6.04,B60,B60K,.3333333432674408
oy,9,E05,E05B,.3333333432674408
yq,5.07,C09,C09D,.3333333432674408
pe,5.02,C07,C07J,.3333333432674408
ja,1.05,H02,H02B,.3333333432674408
vi,5.01,B66,B66F,.3333333432674408
ff,3.02,D21,D21H,.3333333432674408
dq,9,A01,A01M,.3333333432674408
ra,2.11,G21,G21C,.3333333432674408
ye,2.02,D06,D06P,.3333333432674408
pq,1.01,B63,B63G,.3333333432674408
oz,6.02,F24,F24D,.3333333432674408
de,1.06,C06,C06D,.3333333432674408
mu,4.01,A47,A47F,.3333333432674408
hi,5.01,C22,C22C,.3333333432674408
jb,5.07,H02,H02P,.3333333432674408
pa,6.02,B61,B61D,.3333333432674408
qa,3.01,F17,F17C,.3333333432674408
cn,5.01,B60,B60R,.3333333432674408
il,2.07,H02,H02H,.3333333432674408
pa,6.02,F01,F01M,.3333333432674408
af,4.05,G10,G10D,.3333333432674408
ni,3.01,H01,H01T,.3333333432674408
hq,1.04,B04,B04C,.3333333432674408
rt,3.02,A01,A01L,.3333333432674408
rt,3.02,C22,C22F,.3333333432674408
ra,2.11,B66,B66B,.3333333432674408
pk,2.05,D21,D21F,.3333333432674408
ji,5.01,D03,D03D,.3333333432674408
eu,2.02,B21,B21J,.3333333432674408
ya,3.02,D02,D02G,.3333333432674408
eq,3.01,C25,C25D,.3333333432674408
pe,5.02,G21,G21F,.3333333432674408
vp,3.03,A61,A61G,.3333333432674408
tm,3.01,B61,B61D,.3333333432674408
ig,2.06,D02,D02J,.3333333432674408
da,1.06,E01,E01C,.3333333432674408
wv,3.03,A01,A01B,.3333333432674408
ka,4.01,F23,F23G,.3333333432674408
zd,9,A62,A62B,.3333333432674408
aa,1.03,F23,F23N,.3333333432674408
hi,5.01,B25,B25J,.3333333432674408
li,3.02,C04,C04B,.3333333432674408
tm,3.01,E21,E21D,.3333333432674408
lq,3.03,F16,F16L,.3333333432674408
ti,9,A63,A63F,.3333333432674408
hq,1.04,B21,B21D,.3333333432674408
he,5.03,G09,G09G,.3333333432674408
pm,2.05,A42,A42C,.3333333432674408
pe,5.02,D21,D21H,.3333333432674408
ya,3.02,G01,G01W,.3333333432674408
ub,1.03,B65,B65F,.3333333432674408
pz,2.05,A21,A21B,.3333333432674408
un,1.03,H02,H02G,.3333333432674408
uy,1.04,C22,C22F,.3333333432674408
rx,3.02,B23,B23P,.3333333432674408
hl,3.03,C01,C01G,.3333333432674408
pn,1.01,F23,F23G,.3333333432674408
im,2.01,A21,A21D,.3333333432674408
rt,3.02,B21,B21C,.3333333432674408
ik,2.11,C23,C23D,.3333333432674408
yy,5.07,B41,B41J,.3333333432674408
dr,1.06,F41,F41F,.3333333432674408
vm,5.06,A01,A01D,.3333333432674408
ya,3.02,C10,C10L,.3333333432674408
fi,1.04,F23,F23C,.3333333432674408
xw,3.03,B63,B63G,.3333333432674408
uk,1.03,B61,B61L,.3333333432674408
il,2.07,F25,F25B,.3333333432674408
ma,3.02,F17,F17C,.3333333432674408
tq,3.02,D06,D06C,.3333333432674408
sd,3.02,B06,B06B,.3333333432674408
sa,3.03,H05,H05H,.3333333432674408
mm,6.01,B60,B60W,.3333333432674408
bv,5.01,F02,F02N,.3333333432674408
py,3.02,D07,D07B,.3333333432674408
hq,1.04,B24,B24C,.3333333432674408
tu,3.01,B44,B44B,.3333333432674408
my,5.01,G02,G02F,.3333333432674408
lq,3.03,C03,C03B,.3333333432674408
py,3.02,E01,E01B,.3333333432674408
ct,9,F16,F16K,.3333333432674408
mw,5.09,G07,G07G,.3333333432674408
im,2.01,B44,B44C,.3333333432674408
ro,1.07,E01,E01B,.3333333432674408
ki,3.02,A23,A23N,.3333333432674408
rt,3.02,C01,C01F,.3333333432674408
ah,4.01,C12,C12J,.3333333432674408
om,5.05,E21,E21D,.3333333432674408
nn,3.03,G04,G04F,.3333333432674408
ia,3.02,B64,B64C,.3333333432674408
qc,6.02,G04,G04C,.3333333432674408
xa,5.04,F28,F28F,.3333333432674408
pe,5.02,A45,A45C,.3333333432674408
ia,3.02,A47,A47L,.3333333432674408
gc,1.05,F16,F16T,.3333333432674408
ea,1.04,B43,B43K,.3333333432674408
vi,5.01,F25,F25B,.3333333432674408
ta,1.06,H01,H01M,.3333333432674408
qc,6.02,F16,F16G,.3333333432674408
de,1.06,C23,C23G,.3333333432674408
lq,3.03,A61,A61H,.3333333432674408
zr,1.05,D21,D21B,.3333333432674408
nq,5.01,A22,A22C,.3333333432674408
ah,4.01,A22,A22B,.3333333432674408
ea,1.04,B60,B60G,.3333333432674408
fy,3.02,E01,E01D,.3333333432674408
yq,5.07,B64,B64F,.3333333432674408
di,5.02,F41,F41C,.3333333432674408
ds,3.02,F01,F01P,.3333333432674408
dt,2.03,B60,B60C,.3333333432674408
ad,4.02,A63,A63B,.3333333432674408
ai,2.03,G10,G10G,.3333333432674408
mw,5.09,A21,A21C,.3333333432674408
ru,3.01,F28,F28F,.3333333432674408
im,2.01,H03,H03H,.3333333432674408
mm,6.01,F01,F01M,.3333333432674408
bk,6.04,G04,G04B,.3333333432674408
bq,6.05,B61,B61B,.3333333432674408
pc,5.02,A01,A01M,.3333333432674408
ga,3.02,H03,H03F,.3333333432674408
ql,9,F16,F16C,.3333333432674408
vy,3.02,B61,B61L,.3333333432674408
qc,6.02,C05,C05F,.3333333432674408
ga,3.02,B66,B66F,.3333333432674408
db,2.08,D21,D21D,.3333333432674408
bu,1.03,F03,F03G,.3333333432674408
fe,5.05,C11,C11D,.3333333432674408
si,1.05,F25,F25B,.3333333432674408
pz,2.05,E02,E02B,.3333333432674408
tc,3.02,E21,E21D,.3333333432674408
ps,5.04,B65,B65G,.3333333432674408
pe,5.02,A01,A01F,.3333333432674408
ph,6.02,F01,F01P,.3333333432674408
qa,3.01,B23,B23H,.3333333432674408
rx,3.02,B66,B66C,.3333333432674408
uk,1.03,C14,C14B,.3333333432674408
pu,2.03,F24,F24B,.3333333432674408
qu,1.06,B21,B21H,.3333333432674408
yr,2.01,B23,B23Q,.3333333432674408
ac,2.02,A24,A24F,.3333333432674408
nq,5.01,B22,B22D,.3333333432674408
iu,2.03,E21,E21D,.3333333432674408
nn,3.03,A47,A47D,.3333333432674408
ni,3.01,B30,B30B,.3333333432674408
cq,1.06,F41,F41F,.3333333432674408
pu,2.03,A63,A63C,.3333333432674408
ji,5.01,B62,B62J,.3333333432674408
yo,3.01,A43,A43B,.3333333432674408
ve,3.02,A21,A21C,.3333333432674408
yq,5.07,B60,B60P,.3333333432674408
pm,2.05,E21,E21D,.3333333432674408
ik,2.11,D07,D07B,.3333333432674408
bu,1.03,B08,B08B,.3333333432674408
dk,5.02,E04,E04D,.3333333432674408
ji,5.01,F25,F25B,.3333333432674408
ip,2.07,F16,F16N,.3333333432674408
fa,2.01,H01,H01G,.3333333432674408
il,2.07,G08,G08C,.3333333432674408
qa,3.01,A63,A63C,.3333333432674408
im,2.01,D06,D06N,.3333333432674408
za,3.02,E04,E04H,.3333333432674408
ya,3.02,D21,D21F,.3333333432674408
uq,5.07,A63,A63H,.3333333432674408
rq,1.06,C23,C23C,.3333333432674408
ea,1.04,G04,G04B,.3333333432674408
sd,3.02,C22,C22B,.3333333432674408
nu,5.08,B62,B62J,.3333333432674408
id,2.07,G04,G04C,.3333333432674408
yp,3.02,D02,D02G,.3333333432674408
ah,4.01,B41,B41M,.3333333432674408
ky,1.05,C09,C09B,.3333333432674408
dq,9,B61,B61D,.3333333432674408
cu,1.06,B67,B67C,.3333333432674408
pk,2.05,B27,B27B,.3333333432674408
bu,1.03,B66,B66D,.3333333432674408
wc,3.03,A45,A45C,.3333333432674408
cu,1.06,B27,B27N,.3333333432674408
xe,4.01,C23,C23F,.3333333432674408
dt,2.03,F28,F28G,.3333333432674408
iq,2.02,A41,A41C,.3333333432674408
dr,1.06,F04,F04C,.3333333432674408
pe,5.02,F23,F23R,.3333333432674408
yp,3.02,F17,F17C,.3333333432674408
mm,6.01,B44,B44F,.3333333432674408
ij,2.11,D07,D07B,.3333333432674408
ka,4.01,B44,B44C,.3333333432674408
cn,5.01,F25,F25D,.3333333432674408
we,3.02,G01,G01V,.3333333432674408
uh,1.03,F01,F01C,.3333333432674408
ig,2.06,H03,H03C,.3333333432674408
de,1.06,F16,F16M,.3333333432674408
om,5.05,F42,F42D,.3333333432674408
qa,3.01,F16,F16F,.3333333432674408
ry,2.03,C14,C14C,.3333333432674408
jm,5.04,G01,G01J,.3333333432674408
ur,1.01,D21,D21F,.3333333432674408
gu,1.06,G04,G04F,.3333333432674408
oy,9,B44,B44F,.3333333432674408
oe,5.06,B23,B23B,.3333333432674408
ut,6.02,E01,E01B,.3333333432674408
ql,9,C23,C23C,.3333333432674408
xe,4.01,B62,B62K,.3333333432674408
tc,3.02,D06,D06P,.3333333432674408
ip,2.07,G06,G06G,.3333333432674408
oe,5.06,F42,F42D,.3333333432674408
qa,3.01,A47,A47C,.3333333432674408
uu,5.06,B03,B03D,.3333333432674408
jy,4.05,G08,G08G,.3333333432674408
qk,6.01,H02,H02J,.3333333432674408
rx,3.02,C21,C21D,.3333333432674408
bv,5.01,H04,H04J,.3333333432674408
ia,3.02,F25,F25D,.3333333432674408
rp,6.04,A47,A47G,.3333333432674408
pe,5.02,D05,D05C,.3333333432674408
cn,5.01,E04,E04B,.3333333432674408
pk,2.05,A63,A63J,.3333333432674408
lq,3.03,B60,B60T,.3333333432674408
il,2.07,A62,A62D,.3333333432674408
yo,3.01,G01,G01B,.3333333432674408
zq,2.07,B28,B28B,.3333333432674408
pe,5.02,F24,F24S,.3333333432674408
pd,6.02,A01,A01N,.3333333432674408
rp,6.04,C21,C21B,.3333333432674408
rz,3.03,C06,C06D,.3333333432674408
er,1.02,A23,A23L,.3333333432674408
lq,3.03,G01,G01V,.3333333432674408
fa,2.01,H03,H03H,.3333333432674408
mw,5.09,B60,B60G,.3333333432674408
ea,1.04,E05,E05B,.3333333432674408
uu,5.06,F25,F25D,.3333333432674408
ql,9,F16,F16L,.3333333432674408
ii,2.04,B61,B61C,.3333333432674408
ij,2.11,B61,B61H,.3333333432674408
ep,1.02,B27,B27M,.3333333432674408
pe,5.02,B44,B44D,.3333333432674408
ry,2.03,H02,H02G,.3333333432674408
ih,2.07,B61,B61C,.3333333432674408
zr,1.05,B60,B60P,.3333333432674408
pa,6.02,F01,F01P,.3333333432674408
jo,5.04,H03,H03M,.3333333432674408
oz,6.02,B60,B60F,.3333333432674408
yi,6.03,F27,F27D,.3333333432674408
rx,3.02,A63,A63B,.3333333432674408
vx,5.01,H01,H01M,.3333333432674408
zr,1.05,B24,B24D,.3333333432674408
le,1.05,B60,B60C,.3333333432674408
ru,3.01,F04,F04C,.3333333432674408
yu,3.03,D01,D01F,.3333333432674408
jo,5.04,G01,G01S,.3333333432674408
ad,4.02,B66,B66D,.3333333432674408
wy,5.04,C07,C07F,.3333333432674408
pk,2.05,E02,E02B,.3333333432674408
fi,1.04,D03,D03D,.3333333432674408
sy,1.03,E04,E04H,.3333333432674408
pk,2.05,C10,C10B,.3333333432674408
ru,3.01,E05,E05D,.3333333432674408
bu,1.03,C09,C09C,.3333333432674408
rz,3.03,D21,D21C,.3333333432674408
sy,1.03,B60,B60B,.3333333432674408
ua,6.03,A62,A62D,.3333333432674408
ub,1.03,C14,C14B,.3333333432674408
po,1.01,F16,F16K,.3333333432674408
en,9,H01,H01J,.3333333432674408
bk,6.04,G21,G21K,.3333333432674408
dx,3.01,F16,F16C,.3333333432674408
yg,6.04,B01,B01L,.3333333432674408
ve,3.02,F23,F23R,.3333333432674408
sd,3.02,F16,F16C,.3333333432674408
po,1.01,F02,F02F,.3333333432674408
cn,5.01,F02,F02N,.3333333432674408
fa,2.01,A47,A47L,.3333333432674408
ru,3.01,C23,C23D,.3333333432674408
oy,9,A23,A23P,.3333333432674408
ql,9,F02,F02D,.3333333432674408
rt,3.02,B60,B60G,.3333333432674408
rx,3.02,H01,H01B,.3333333432674408
ns,2.01,E02,E02F,.3333333432674408
qh,2.05,F01,F01C,.3333333432674408
dr,1.06,F24,F24C,.3333333432674408
oy,9,E06,E06B,.3333333432674408
pf,6.02,C07,C07F,.3333333432674408
tq,3.02,F24,F24S,.3333333432674408
ui,1.03,D04,D04B,.3333333432674408
ix,2.07,H02,H02P,.3333333432674408
my,5.01,H02,H02H,.3333333432674408
ha,5.03,B62,B62H,.3333333432674408
qu,1.06,F16,F16D,.3333333432674408
dx,3.01,H04,H04S,.3333333432674408
un,1.03,B41,B41J,.3333333432674408
py,3.02,B07,B07C,.3333333432674408
pn,1.01,E04,E04D,.3333333432674408
da,1.06,F04,F04C,.3333333432674408
ki,3.02,G01,G01H,.3333333432674408
bf,5.04,G10,G10L,.3333333432674408
mm,6.01,C23,C23G,.3333333432674408
ha,5.03,H02,H02P,.3333333432674408
hi,5.01,F01,F01L,.3333333432674408
yg,6.04,B25,B25J,.3333333432674408
dq,9,B65,B65G,.3333333432674408
oa,2.11,E21,E21D,.3333333432674408
pk,2.05,E02,E02F,.3333333432674408
sy,1.03,G12,G12B,.3333333432674408
eq,3.01,G10,G10D,.3333333432674408
hl,3.03,B05,B05B,.3333333432674408
qg,2.05,C06,C06C,.3333333432674408
fi,1.04,F24,F24H,.3333333432674408
mu,4.01,G08,G08G,.3333333432674408
ee,1.04,A47,A47K,.3333333432674408
aa,1.03,A63,A63C,.3333333432674408
tq,3.02,D03,D03D,.3333333432674408
pn,1.01,G07,G07D,.3333333432674408
vx,5.01,F28,F28F,.3333333432674408
pm,2.05,B27,B27B,.3333333432674408
yq,5.07,B61,B61B,.3333333432674408
oz,6.02,B24,B24C,.3333333432674408
ac,2.02,A24,A24C,.3333333432674408
qj,2.05,C10,C10J,.3333333432674408
ep,1.02,C12,C12C,.3333333432674408
nq,5.01,B02,B02C,.3333333432674408
rx,3.02,B23,B23B,.3333333432674408
yr,2.01,A63,A63H,.3333333432674408
nm,5.02,F16,F16P,.3333333432674408
uk,1.03,A47,A47B,.3333333432674408
nu,5.08,A44,A44C,.3333333432674408
pc,5.02,B28,B28C,.3333333432674408
uq,5.07,C03,C03B,.3333333432674408
iu,2.03,E21,E21F,.3333333432674408
ne,3.03,B43,B43L,.3333333432674408
zr,1.05,F23,F23G,.3333333432674408
cl,9,F04,F04F,.3333333432674408
vj,5.01,B24,B24D,.3333333432674408
am,4.01,C25,C25F,.3333333432674408
ot,6.02,A47,A47F,.3333333432674408
jy,4.05,F16,F16M,.3333333432674408
pq,1.01,B30,B30B,.3333333432674408
rp,6.04,B22,B22C,.3333333432674408
wy,5.04,G03,G03F,.3333333432674408
sd,3.02,H01,H01H,.3333333432674408
or,5.09,E21,E21D,.3333333432674408
pf,6.02,G05,G05B,.3333333432674408
jm,5.04,B23,B23H,.3333333432674408
pk,2.05,B63,B63B,.3333333432674408
ry,2.03,E04,E04B,.3333333432674408
pk,2.05,B60,B60T,.3333333432674408
ot,6.02,B03,B03B,.3333333432674408
bv,5.01,C21,C21D,.3333333432674408
or,5.09,B03,B03C,.3333333432674408
ka,4.01,B61,B61L,.3333333432674408
jm,5.04,B41,B41J,.3333333432674408
si,1.05,H01,H01H,.3333333432674408
ni,3.01,F41,F41J,.3333333432674408
qj,2.05,F02,F02D,.3333333432674408
rb,2.02,D06,D06P,.3333333432674408
fe,5.05,C09,C09K,.3333333432674408
ns,2.01,A47,A47L,.3333333432674408
yg,6.04,B28,B28B,.3333333432674408
ns,2.01,B60,B60G,.3333333432674408
cl,9,E05,E05C,.3333333432674408
ye,2.02,B67,B67B,.3333333432674408
tq,3.02,F02,F02M,.3333333432674408
xy,1.01,F02,F02F,.3333333432674408
hq,1.04,B30,B30B,.3333333432674408
ei,1.04,D21,D21D,.3333333432674408
pk,2.05,F16,F16G,.3333333432674408
ht,1.06,B03,B03B,.3333333432674408
pz,2.05,A41,A41D,.3333333432674408
hl,3.03,B27,B27M,.3333333432674408
cu,1.06,H04,H04H,.3333333432674408
ga,3.02,C22,C22F,.3333333432674408
hf,6.03,A43,A43B,.3333333432674408
if,2.11,F01,F01M,.3333333432674408
ub,1.03,Y10,Y10S,.3333333432674408
qg,2.05,H02,H02P,.3333333432674408
am,4.01,C12,C12F,.3333333432674408
ii,2.04,B44,B44B,.3333333432674408
zr,1.05,F01,F01D,.3333333432674408
qj,2.05,A46,A46D,.3333333432674408
tq,3.02,G01,G01D,.3333333432674408
qg,2.05,H02,H02B,.3333333432674408
dq,9,G10,G10H,.3333333432674408
uu,5.06,B23,B23C,.3333333432674408
le,1.05,B66,B66B,.3333333432674408
dw,1.04,B60,B60H,.3333333432674408
tu,3.01,A01,A01B,.3333333432674408
pk,2.05,B23,B23D,.3333333432674408
qg,2.05,F41,F41G,.3333333432674408
pk,2.05,A47,A47K,.3333333432674408
wy,5.04,B07,B07C,.3333333432674408
ot,6.02,G06,G06J,.3333333432674408
yr,2.01,B21,B21D,.3333333432674408
yp,3.02,B60,B60B,.3333333432674408
ae,4.05,A42,A42B,.3333333432674408
vm,5.06,F16,F16H,.3333333432674408
gc,1.05,H05,H05G,.3333333432674408
iy,1.06,F02,F02K,.3333333432674408
bu,1.03,F16,F16B,.3333333432674408
hi,5.01,B60,B60R,.3333333432674408
lq,3.03,F25,F25B,.3333333432674408
td,3.02,A23,A23K,.3333333432674408
ta,1.06,H03,H03B,.3333333432674408
oe,5.06,A63,A63H,.3333333432674408
dw,1.04,D21,D21J,.3333333432674408
op,3.03,A45,A45B,.3333333432674408
ur,1.01,B60,B60K,.3333333432674408
li,3.02,B60,B60T,.3333333432674408
yo,3.01,F16,F16G,.3333333432674408
sd,3.02,B07,B07B,.3333333432674408
si,1.05,B64,B64F,.3333333432674408
qc,6.02,C12,C12M,.3333333432674408
qh,2.05,F23,F23D,.3333333432674408
ds,3.02,B66,B66F,.3333333432674408
qk,6.01,B41,B41J,.3333333432674408
ae,4.05,A47,A47C,.3333333432674408
fa,2.01,A61,A61C,.3333333432674408
rx,3.02,C22,C22F,.3333333432674408
er,1.02,F26,F26B,.3333333432674408
eu,2.02,A47,A47F,.3333333432674408
ih,2.07,E02,E02F,.3333333432674408
im,2.01,C21,C21C,.3333333432674408
di,5.02,E01,E01F,.3333333432674408
vi,5.01,C03,C03B,.3333333432674408
ps,5.04,A47,A47J,.3333333432674408
yp,3.02,B25,B25B,.3333333432674408
cn,5.01,E01,E01F,.3333333432674408
ai,2.03,B67,B67D,.3333333432674408
rt,3.02,G03,G03H,.3333333432674408
po,1.01,B60,B60K,.3333333432674408
vi,5.01,B60,B60B,.3333333432674408
ju,4.01,C12,C12F,.3333333432674408
dk,5.02,B32,B32B,.3333333432674408
vy,3.02,E01,E01C,.3333333432674408
bf,5.04,F24,F24F,.3333333432674408
lq,3.03,F04,F04B,.3333333432674408
zq,2.07,B26,B26F,.3333333432674408
ox,6.02,H02,H02H,.3333333432674408
xq,2.11,B41,B41B,.3333333432674408
oz,6.02,D02,D02J,.3333333432674408
rx,3.02,G01,G01L,.3333333432674408
qj,2.05,B24,B24B,.3333333432674408
de,1.06,F16,F16J,.3333333432674408
co,1.06,B66,B66D,.3333333432674408
ei,1.04,B60,B60G,.3333333432674408
oz,6.02,B05,B05C,.3333333432674408
ry,2.03,F01,F01C,.3333333432674408
ui,1.03,B66,B66D,.3333333432674408
ae,4.05,C21,C21C,.3333333432674408
ev,1.02,A23,A23F,.3333333432674408
ru,3.01,F02,F02P,.3333333432674408
ot,6.02,B44,B44F,.3333333432674408
uk,1.03,F22,F22B,.3333333432674408
si,1.05,F16,F16M,.3333333432674408
ta,1.06,G05,G05B,.3333333432674408
pc,5.02,F41,F41G,.3333333432674408
sr,2.07,F21,F21S,.3333333432674408
ya,3.02,A23,A23B,.3333333432674408
db,2.08,C09,C09G,.3333333432674408
pe,5.02,F23,F23D,.3333333432674408
wq,5.01,F41,F41H,.3333333432674408
ma,3.02,A47,A47G,.3333333432674408
pc,5.02,G21,G21F,.3333333432674408
um,3.01,G04,G04G,.3333333432674408
ut,6.02,H01,H01R,.3333333432674408
ev,1.02,F02,F02P,.3333333432674408
cn,5.01,G02,G02F,.3333333432674408
pa,6.02,G10,G10K,.3333333432674408
km,1.06,A47,A47G,.3333333432674408
wu,5.04,B62,B62H,.3333333432674408
wm,5.04,B04,B04B,.3333333432674408
hl,3.03,F02,F02C,.3333333432674408
ff,3.02,G01,G01D,.3333333432674408
qu,1.06,B60,B60J,.3333333432674408
ru,3.01,F16,F16D,.3333333432674408
ot,6.02,B60,B60H,.3333333432674408
ev,1.02,B27,B27M,.3333333432674408
ni,3.01,B26,B26B,.3333333432674408
ep,1.02,A45,A45F,.3333333432674408
aa,1.03,F04,F04F,.3333333432674408
nn,3.03,B30,B30B,.3333333432674408
pn,1.01,A41,A41C,.3333333432674408
pc,5.02,D05,D05C,.3333333432674408
ev,1.02,F41,F41J,.3333333432674408
ik,2.11,C05,C05F,.3333333432674408
ru,3.01,B04,B04C,.3333333432674408
mw,5.09,B41,B41F,.3333333432674408
za,3.02,H03,H03B,.3333333432674408
kv,1.05,E02,E02B,.3333333432674408
ku,5.07,B25,B25B,.3333333432674408
er,1.02,F01,F01C,.3333333432674408
ei,1.04,B63,B63H,.3333333432674408
li,3.02,C06,C06D,.3333333432674408
pi,1.06,C03,C03C,.3333333432674408
ni,3.01,B60,B60J,.3333333432674408
fi,1.04,F16,F16F,.3333333432674408
tu,3.01,A41,A41B,.3333333432674408
ur,1.01,H01,H01H,.3333333432674408
uu,5.06,F28,F28D,.3333333432674408
zr,1.05,G09,G09F,.3333333432674408
id,2.07,F03,F03H,.3333333432674408
er,1.02,A41,A41H,.3333333432674408
qa,3.01,B07,B07C,.3333333432674408
bu,1.03,G21,G21C,.3333333432674408
aa,1.03,A47,A47K,.3333333432674408
uh,1.03,B31,B31B,.3333333432674408
ur,1.01,A47,A47F,.3333333432674408
km,1.06,F03,F03G,.3333333432674408
da,1.06,F41,F41G,.3333333432674408
cu,1.06,G01,G01M,.3333333432674408
uq,5.07,H02,H02K,.3333333432674408
pf,6.02,G05,G05G,.3333333432674408
id,2.07,F16,F16N,.3333333432674408
mr,6.01,G03,G03B,.3333333432674408
py,3.02,H03,H03C,.3333333432674408
zd,9,G05,G05G,.3333333432674408
ub,1.03,F16,F16P,.3333333432674408
uq,5.07,D01,D01F,.3333333432674408
ac,2.02,C10,C10B,.3333333432674408
si,1.05,G21,G21G,.3333333432674408
or,5.09,F16,F16P,.3333333432674408
yr,2.01,C10,C10J,.3333333432674408
uq,5.07,D21,D21H,.3333333432674408
pg,6.02,B41,B41F,.3333333432674408
pc,5.02,A47,A47D,.3333333432674408
im,2.01,C06,C06D,.3333333432674408
ev,1.02,A41,A41D,.3333333432674408
zr,1.05,B63,B63H,.3333333432674408
lq,3.03,F27,F27D,.3333333432674408
ui,1.03,B61,B61C,.3333333432674408
uf,1.03,F22,F22B,.3333333432674408
ns,2.01,F02,F02P,.3333333432674408
tm,3.01,B67,B67C,.3333333432674408
pq,1.01,C11,C11C,.3333333432674408
vy,3.02,A47,A47G,.3333333432674408
sa,3.03,C12,C12J,.3333333432674408
id,2.07,B25,B25B,.3333333432674408
ma,3.02,F04,F04C,.3333333432674408
ze,1.06,B30,B30B,.3333333432674408
ni,3.01,B21,B21J,.3333333432674408
ql,9,G09,G09G,.3333333432674408
ye,2.02,A41,A41C,.3333333432674408
er,1.02,A63,A63D,.3333333432674408
ze,1.06,B65,B65G,.3333333432674408
bv,5.01,F15,F15B,.3333333432674408
dx,3.01,G09,G09F,.3333333432674408
cn,5.01,H02,H02P,.3333333432674408
vm,5.06,A47,A47C,.3333333432674408
ot,6.02,F02,F02P,.3333333432674408
po,1.01,B21,B21J,.3333333432674408
cu,1.06,F16,F16B,.3333333432674408
qu,1.06,B41,B41C,.3333333432674408
dx,3.01,F23,F23N,.3333333432674408
ni,3.01,B21,B21H,.3333333432674408
ze,1.06,F41,F41J,.3333333432674408
um,3.01,B63,B63H,.3333333432674408
ml,9,A41,A41D,.3333333432674408
up,1.03,A23,A23F,.3333333432674408
vx,5.01,G06,G06J,.3333333432674408
hi,5.01,C22,C22B,.3333333432674408
ze,1.06,F42,F42B,.3333333432674408
qa,3.01,A23,A23B,.3333333432674408
uq,5.07,G09,G09G,.3333333432674408
sd,3.02,D01,D01F,.3333333432674408
vx,5.01,F16,F16M,.3333333432674408
ad,4.02,C23,C23G,.3333333432674408
ha,5.03,F01,F01D,.3333333432674408
rx,3.02,F16,F16J,.3333333432674408
jy,4.05,B05,B05C,.3333333432674408
ka,4.01,F16,F16J,.3333333432674408
il,2.07,B64,B64F,.3333333432674408
le,1.05,F02,F02B,.3333333432674408
qe,2.09,G01,G01V,.3333333432674408
sy,1.03,C05,C05G,.3333333432674408
af,4.05,A01,A01M,.3333333432674408
jo,5.04,A01,A01G,.3333333432674408
bi,6.01,A45,A45D,.3333333432674408
ry,2.03,B03,B03B,.3333333432674408
jb,5.07,F02,F02B,.3333333432674408
bm,5.07,H03,H03D,.3333333432674408
uu,5.06,A24,A24D,.3333333432674408
my,5.01,C01,C01G,.3333333432674408
pm,2.05,B65,B65F,.3333333432674408
uq,5.07,B21,B21D,.3333333432674408
vx,5.01,B65,B65H,.3333333432674408
oa,2.11,C12,C12C,.3333333432674408
gc,1.05,G07,G07F,.3333333432674408
hq,1.04,A43,A43B,.3333333432674408
ea,1.04,E02,E02F,.3333333432674408
dx,3.01,F21,F21S,.3333333432674408
sy,1.03,F41,F41B,.3333333432674408
ya,3.02,D01,D01H,.3333333432674408
eq,3.01,B25,B25J,.3333333432674408
aq,3.02,G01,G01B,.3333333432674408
pu,2.03,G12,G12B,.3333333432674408
su,3.02,C25,C25B,.3333333432674408
hy,1.06,G08,G08B,.3333333432674408
pg,6.02,B60,B60P,.3333333432674408
ae,4.05,C01,C01C,.3333333432674408
pc,5.02,B42,B42F,.3333333432674408
im,2.01,A47,A47B,.3333333432674408
ea,1.04,F03,F03D,.3333333432674408
po,1.01,E04,E04H,.3333333432674408
qa,3.01,A24,A24C,.3333333432674408
we,3.02,D04,D04C,.3333333432674408
mu,4.01,B61,B61B,.3333333432674408
eu,2.02,B66,B66B,.3333333432674408
cu,1.06,B62,B62M,.3333333432674408
oz,6.02,A23,A23J,.3333333432674408
pf,6.02,C04,C04B,.3333333432674408
ja,1.05,B66,B66F,.3333333432674408
bv,5.01,G01,G01H,.3333333432674408
hy,1.06,B60,B60R,.3333333432674408
mr,6.01,E03,E03F,.3333333432674408
lj,3.02,B61,B61L,.3333333432674408
tc,3.02,A43,A43C,.3333333432674408
db,2.08,F21,F21S,.3333333432674408
dr,1.06,A24,A24C,.3333333432674408
za,3.02,A41,A41F,.3333333432674408
tq,3.02,F16,F16J,.3333333432674408
ji,5.01,A23,A23F,.3333333432674408
vm,5.06,B63,B63C,.3333333432674408
pz,2.05,B60,B60Q,.3333333432674408
qf,9,H02,H02P,.3333333432674408
rb,2.02,B23,B23F,.3333333432674408
hi,5.01,H01,H01S,.3333333432674408
cn,5.01,F01,F01D,.3333333432674408
eq,3.01,B60,B60B,.3333333432674408
iq,2.02,C14,C14B,.3333333432674408
mm,6.01,B28,B28B,.3333333432674408
pk,2.05,B21,B21K,.3333333432674408
cn,5.01,F02,F02P,.3333333432674408
pg,6.02,G05,G05F,.3333333432674408
zr,1.05,G21,G21C,.3333333432674408
zr,1.05,B66,B66F,.3333333432674408
hi,5.01,F01,F01D,.3333333432674408
zq,2.07,F16,F16P,.3333333432674408
ze,1.06,E21,E21B,.3333333432674408
tu,3.01,G04,G04F,.3333333432674408
fa,2.01,B44,B44C,.3333333432674408
ad,4.02,G09,G09B,.3333333432674408
ps,5.04,H04,H04R,.3333333432674408
ae,4.05,F01,F01K,.3333333432674408
yi,6.03,C23,C23G,.3333333432674408
cl,9,F28,F28D,.3333333432674408
ae,4.05,C23,C23F,.3333333432674408
qh,2.05,D01,D01B,.3333333432674408
pe,5.02,F04,F04C,.3333333432674408
da,1.06,E04,E04F,.3333333432674408
nn,3.03,F42,F42B,.3333333432674408
my,5.01,A43,A43D,.3333333432674408
pc,5.02,F16,F16K,.3333333432674408
up,1.03,B61,B61H,.3333333432674408
or,5.09,H03,H03M,.3333333432674408
qq,1.05,B24,B24B,.3333333432674408
pq,1.01,G07,G07D,.3333333432674408
ml,9,F16,F16H,.3333333432674408
rp,6.04,A23,A23D,.3333333432674408
uy,1.04,B41,B41K,.3333333432674408
uk,1.03,A01,A01B,.3333333432674408
pf,6.02,H01,H01S,.3333333432674408
za,3.02,B21,B21G,.3333333432674408
dw,1.04,B63,B63H,.3333333432674408
yi,6.03,B61,B61F,.3333333432674408
oy,9,D06,D06M,.3333333432674408
iq,2.02,E21,E21F,.3333333432674408
cu,1.06,B28,B28B,.3333333432674408
ns,2.01,Y10,Y10S,.3333333432674408
yi,6.03,B08,B08B,.3333333432674408
nn,3.03,B62,B62B,.3333333432674408
vm,5.06,E04,E04C,.3333333432674408
ur,1.01,B61,B61L,.3333333432674408
vm,5.06,B07,B07C,.3333333432674408
wh,3.02,G01,G01D,.3333333432674408
yq,5.07,B60,B60H,.3333333432674408
dx,3.01,B44,B44B,.3333333432674408
er,1.02,B60,B60J,.3333333432674408
vi,5.01,F16,F16M,.3333333432674408
wu,5.04,F41,F41G,.3333333432674408
nu,5.08,F23,F23D,.3333333432674408
or,5.09,E05,E05B,.3333333432674408
yq,5.07,H05,H05G,.3333333432674408
fi,1.04,F25,F25C,.3333333432674408
tq,3.02,F16,F16B,.3333333432674408
ji,5.01,B66,B66F,.3333333432674408
pw,2.06,C10,C10G,.3333333432674408
ni,3.01,G01,G01W,.3333333432674408
ry,2.03,C05,C05G,.3333333432674408
hq,1.04,B25,B25B,.3333333432674408
ae,4.05,B04,B04B,.3333333432674408
hl,3.03,C03,C03B,.3333333432674408
ba,3.02,B04,B04C,.3333333432674408
dx,3.01,B30,B30B,.3333333432674408
wm,5.04,B03,B03B,.3333333432674408
pk,2.05,F41,F41C,.3333333432674408
wm,5.04,B67,B67D,.3333333432674408
ea,1.04,B63,B63J,.3333333432674408
uq,5.07,C22,C22F,.3333333432674408
ih,2.07,B07,B07B,.3333333432674408
jo,5.04,E04,E04D,.3333333432674408
yq,5.07,B05,B05B,.3333333432674408
yu,3.03,G02,G02C,.3333333432674408
zc,4.03,C12,C12G,.3333333432674408
uu,5.06,F16,F16B,.3333333432674408
vj,5.01,A62,A62B,.3333333432674408
ky,1.05,B22,B22D,.3333333432674408
yq,5.07,A61,A61C,.3333333432674408
pc,5.02,B60,B60J,.3333333432674408
am,4.01,F02,F02C,.3333333432674408
te,1.05,F02,F02B,.3333333432674408
ry,2.03,B60,B60Q,.3333333432674408
ev,1.02,F42,F42C,.3333333432674408
ik,2.11,F15,F15C,.3333333432674408
po,1.01,A61,A61G,.3333333432674408
fi,1.04,D01,D01B,.3333333432674408
wv,3.03,B60,B60L,.3333333432674408
un,1.03,B61,B61H,.3333333432674408
yi,6.03,C12,C12M,.3333333432674408
li,3.02,H01,H01G,.3333333432674408
gy,5.02,B21,B21J,.3333333432674408
km,1.06,B03,B03B,.3333333432674408
ot,6.02,E05,E05B,.3333333432674408
jb,5.07,G01,G01B,.3333333432674408
cu,1.06,F24,F24C,.3333333432674408
pw,2.06,B61,B61D,.3333333432674408
zc,4.03,H01,H01T,.3333333432674408
su,3.02,G07,G07C,.3333333432674408
lq,3.03,B62,B62D,.3333333432674408
dm,3.02,C14,C14C,.3333333432674408
dr,1.06,A44,A44B,.3333333432674408
rt,3.02,A47,A47K,.3333333432674408
cq,1.06,F23,F23Q,.3333333432674408
ni,3.01,B65,B65H,.3333333432674408
pm,2.05,E06,E06C,.3333333432674408
xa,5.04,C21,C21C,.3333333432674408
oe,5.06,B05,B05B,.3333333432674408
or,5.09,B24,B24C,.3333333432674408
bi,6.01,H04,H04K,.3333333432674408
pi,1.06,E02,E02D,.3333333432674408
cn,5.01,G01,G01H,.3333333432674408
sd,3.02,G09,G09F,.3333333432674408
aq,3.02,B21,B21D,.3333333432674408
qu,1.06,H01,H01T,.3333333432674408
yp,3.02,H01,H01C,.3333333432674408
iu,2.03,A23,A23J,.3333333432674408
zr,1.05,F02,F02P,.3333333432674408
hl,3.03,B60,B60T,.3333333432674408
nq,5.01,A42,A42B,.3333333432674408
td,3.02,B60,B60T,.3333333432674408
xw,3.03,A43,A43C,.3333333432674408
ju,4.01,A61,A61Q,.3333333432674408
ex,1.02,F24,F24C,.3333333432674408
rx,3.02,A47,A47K,.3333333432674408
ia,3.02,C22,C22B,.3333333432674408
oz,6.02,A24,A24F,.3333333432674408
xe,4.01,H01,H01F,.3333333432674408
up,1.03,C10,C10C,.3333333432674408
bu,1.03,B64,B64C,.3333333432674408
qk,6.01,C30,C30B,.3333333432674408
my,5.01,A61,A61C,.3333333432674408
li,3.02,H02,H02H,.3333333432674408
zr,1.05,A63,A63F,.3333333432674408
nq,5.01,C25,C25C,.3333333432674408
rt,3.02,F16,F16J,.3333333432674408
qj,2.05,B28,B28B,.3333333432674408
ns,2.01,A23,A23F,.3333333432674408
ub,1.03,E06,E06C,.3333333432674408
bq,6.05,B21,B21K,.3333333432674408
hi,5.01,F04,F04B,.3333333432674408
zc,4.03,F41,F41A,.3333333432674408
hb,5.03,F03,F03D,.3333333432674408
et,1.02,E01,E01H,.3333333432674408
ve,3.02,E05,E05F,.3333333432674408
ka,4.01,H01,H01F,.3333333432674408
pz,2.05,F02,F02N,.3333333432674408
zd,9,F16,F16B,.3333333432674408
ew,1.02,F02,F02K,.3333333432674408
hq,1.04,A21,A21B,.3333333432674408
ve,3.02,C10,C10J,.3333333432674408
yp,3.02,F02,F02K,.3333333432674408
vy,3.02,B62,B62B,.3333333432674408
wu,5.04,F27,F27D,.3333333432674408
di,5.02,B60,B60J,.3333333432674408
qu,1.06,E01,E01D,.3333333432674408
di,5.02,A23,A23J,.3333333432674408
ky,1.05,H02,H02M,.3333333432674408
yr,2.01,F24,F24F,.3333333432674408
ba,3.02,D04,D04H,.3333333432674408
wf,1.06,C08,C08J,.3333333432674408
uq,5.07,H01,H01T,.3333333432674408
wc,3.03,B64,B64F,.3333333432674408
co,1.06,E04,E04H,.3333333432674408
gu,1.06,B62,B62K,.3333333432674408
zq,2.07,H03,H03D,.3333333432674408
tu,3.01,E05,E05G,.3333333432674408
ve,3.02,B25,B25J,.3333333432674408
ka,4.01,A46,A46B,.3333333432674408
ka,4.01,F23,F23L,.3333333432674408
re,1.05,G08,G08B,.3333333432674408
uh,1.03,B21,B21F,.3333333432674408
tq,3.02,B21,B21C,.3333333432674408
nn,3.03,F28,F28F,.3333333432674408
ni,3.01,A47,A47D,.3333333432674408
db,2.08,D02,D02G,.3333333432674408
nm,5.02,B22,B22D,.3333333432674408
sr,2.07,A41,A41H,.3333333432674408
ya,3.02,C06,C06B,.3333333432674408
ye,2.02,F21,F21K,.3333333432674408
ka,4.01,G01,G01K,.3333333432674408
vs,5.01,B60,B60R,.3333333432674408
ev,1.02,B31,B31F,.3333333432674408
cq,1.06,B43,B43K,.3333333432674408
si,1.05,B60,B60H,.3333333432674408
vi,5.01,B62,B62J,.3333333432674408
lj,3.02,C05,C05C,.3333333432674408
ik,2.11,F03,F03H,.3333333432674408
ye,2.02,F01,F01P,.3333333432674408
rx,3.02,B26,B26F,.3333333432674408
hl,3.03,E21,E21D,.3333333432674408
zr,1.05,B62,B62K,.3333333432674408
zq,2.07,F22,F22B,.3333333432674408
wq,5.01,G03,G03F,.3333333432674408
cn,5.01,C09,C09K,.3333333432674408
ru,3.01,A01,A01L,.3333333432674408
wv,3.03,F42,F42D,.3333333432674408
yr,2.01,H02,H02S,.3333333432674408
cn,5.01,F16,F16L,.3333333432674408
qa,3.01,H02,H02P,.3333333432674408
bv,5.01,G01,G01D,.3333333432674408
we,3.02,F41,F41A,.3333333432674408
hf,6.03,A21,A21C,.3333333432674408
cu,1.06,B62,B62B,.3333333432674408
yi,6.03,B22,B22F,.3333333432674408
dk,5.02,B08,B08B,.3333333432674408
ff,3.02,H03,H03K,.3333333432674408
su,3.02,F23,F23R,.3333333432674408
dk,5.02,D02,D02G,.3333333432674408
bd,1.06,G09,G09F,.3333333432674408
dk,5.02,C09,C09C,.3333333432674408
gy,5.02,B60,B60G,.3333333432674408
qq,1.05,B66,B66C,.3333333432674408
bq,6.05,H03,H03C,.3333333432674408
co,1.06,H02,H02S,.3333333432674408
co,1.06,H04,H04H,.3333333432674408
zc,4.03,A63,A63H,.3333333432674408
mq,6.01,F42,F42D,.3333333432674408
af,4.05,F27,F27D,.3333333432674408
es,2.02,E21,E21C,.3333333432674408
uq,5.07,B64,B64D,.3333333432674408
yr,2.01,A47,A47J,.3333333432674408
fa,2.01,G03,G03B,.3333333432674408
fs,6.04,E06,E06B,.3333333432674408
pz,2.05,D21,D21F,.3333333432674408
ae,4.05,B28,B28B,.3333333432674408
ue,2.11,B60,B60B,.3333333432674408
pm,2.05,D06,D06H,.3333333432674408
di,5.02,G04,G04F,.3333333432674408
tc,3.02,A47,A47J,.3333333432674408
wc,3.03,A47,A47D,.3333333432674408
hi,5.01,B60,B60W,.3333333432674408
bv,5.01,F01,F01B,.3333333432674408
su,3.02,B60,B60C,.3333333432674408
ac,2.02,D01,D01B,.3333333432674408
xa,5.04,C13,C13K,.3333333432674408
wh,3.02,A21,A21D,.3333333432674408
yp,3.02,C03,C03C,.3333333432674408
yo,3.01,B60,B60L,.3333333432674408
ry,2.03,B24,B24D,.3333333432674408
gu,1.06,F17,F17D,.3333333432674408
uh,1.03,C05,C05G,.3333333432674408
ep,1.02,F24,F24H,.3333333432674408
yo,3.01,F03,F03D,.3333333432674408
up,1.03,B30,B30B,.3333333432674408
iq,2.02,B67,B67B,.3333333432674408
sd,3.02,A47,A47K,.3333333432674408
gu,1.06,B29,B29B,.3333333432674408
fi,1.04,F16,F16J,.3333333432674408
ye,2.02,B60,B60B,.3333333432674408
yy,5.07,B07,B07B,.3333333432674408
ii,2.04,B31,B31F,.3333333432674408
bv,5.01,D06,D06P,.3333333432674408
id,2.07,E06,E06C,.3333333432674408
qh,2.05,F15,F15B,.3333333432674408
ih,2.07,A23,A23N,.3333333432674408
mu,4.01,C12,C12J,.3333333432674408
yp,3.02,B23,B23F,.3333333432674408
wq,5.01,B60,B60R,.3333333432674408
or,5.09,B61,B61D,.3333333432674408
qj,2.05,B62,B62D,.3333333432674408
ve,3.02,B64,B64G,.3333333432674408
ua,6.03,B64,B64G,.3333333432674408
yo,3.01,F16,F16D,.3333333432674408
mu,4.01,F42,F42B,.3333333432674408
ac,2.02,F04,F04F,.3333333432674408
yq,5.07,C23,C23F,.3333333432674408
jb,5.07,C10,C10M,.3333333432674408
nm,5.02,G06,G06N,.3333333432674408
cu,1.06,F23,F23Q,.3333333432674408
ex,1.02,F41,F41J,.3333333432674408
dr,1.06,E01,E01H,.3333333432674408
ye,2.02,B61,B61F,.3333333432674408
ti,9,H04,H04M,.3333333432674408
pq,1.01,H01,H01P,.3333333432674408
pa,6.02,F24,F24D,.3333333432674408
yg,6.04,A61,A61J,.3333333432674408
ba,3.02,C06,C06B,.3333333432674408
xa,5.04,B64,B64C,.3333333432674408
ha,5.03,A47,A47L,.3333333432674408
ep,1.02,B09,B09B,.3333333432674408
dr,1.06,E01,E01F,.3333333432674408
wq,5.01,H01,H01Q,.3333333432674408
gu,1.06,G01,G01H,.3333333432674408
zq,2.07,F16,F16T,.3333333432674408
up,1.03,B60,B60N,.3333333432674408
wc,3.03,E05,E05C,.3333333432674408
ji,5.01,F24,F24C,.3333333432674408
et,1.02,B61,B61D,.3333333432674408
ya,3.02,A01,A01B,.3333333432674408
pd,6.02,H05,H05K,.3333333432674408
hl,3.03,B21,B21B,.3333333432674408
qc,6.02,G08,G08C,.3333333432674408
uu,5.06,B23,B23B,.3333333432674408
ip,2.07,C25,C25D,.3333333432674408
ja,1.05,B66,B66B,.3333333432674408
kv,1.05,F01,F01K,.3333333432674408
ha,5.03,B42,B42F,.3333333432674408
yi,6.03,E02,E02D,.3333333432674408
yr,2.01,B61,B61F,.3333333432674408
qa,3.01,F41,F41F,.3333333432674408
cn,5.01,B60,B60L,.3333333432674408
yr,2.01,B29,B29B,.3333333432674408
ea,1.04,B25,B25B,.3333333432674408
ev,1.02,B05,B05C,.3333333432674408
ja,1.05,F23,F23B,.3333333432674408
ze,1.06,B60,B60N,.3333333432674408
qk,6.01,F24,F24C,.3333333432674408
de,1.06,E02,E02F,.3333333432674408
dr,1.06,C21,C21B,.3333333432674408
pi,1.06,B42,B42D,.3333333432674408
ku,5.07,G10,G10K,.3333333432674408
bv,5.01,B01,B01J,.3333333432674408
wq,5.01,C22,C22C,.3333333432674408
su,3.02,F24,F24F,.3333333432674408
su,3.02,C12,C12C,.3333333432674408
zq,2.07,H02,H02G,.3333333432674408
iy,1.06,G06,G06E,.3333333432674408
cn,5.01,F16,F16F,.3333333432674408
oz,6.02,G10,G10K,.3333333432674408
ep,1.02,A45,A45C,.3333333432674408
wq,5.01,G01,G01Q,.3333333432674408
ai,2.03,C25,C25F,.3333333432674408
er,1.02,B62,B62J,.3333333432674408
ff,3.02,B28,B28C,.3333333432674408
vm,5.06,H01,H01T,.3333333432674408
zc,4.03,B61,B61G,.3333333432674408
wq,5.01,E01,E01B,.3333333432674408
nn,3.03,B21,B21H,.3333333432674408
bu,1.03,D21,D21F,.3333333432674408
im,2.01,A23,A23F,.3333333432674408
qc,6.02,D07,D07B,.3333333432674408
pd,6.02,G02,G02F,.3333333432674408
ye,2.02,E01,E01H,.3333333432674408
yp,3.02,F02,F02D,.3333333432674408
hl,3.03,E02,E02F,.3333333432674408
ox,6.02,B60,B60P,.3333333432674408
ne,3.03,F28,F28C,.3333333432674408
qa,3.01,G21,G21C,.3333333432674408
uf,1.03,A23,A23N,.3333333432674408
ru,3.01,A45,A45C,.3333333432674408
hi,5.01,B61,B61D,.3333333432674408
ry,2.03,H05,H05F,.3333333451300859
uu,5.06,H01,H01G,.3333333451300859
ae,4.05,E04,E04H,.3333333469927311
su,3.02,A01,A01M,.3333333469927311
sr,2.07,F02,F02K,.3333333507180214
nn,3.03,G01,G01J,.3333658559713513
py,3.02,G01,G01T,.3337357994168997
oa,2.11,B03,B03B,.3338064749259502
cu,1.06,B07,B07C,.3338235383853316
jb,5.07,A47,A47G,.3339285776019096
ew,1.02,F22,F22B,.3340053758583963
dm,3.02,G02,G02C,.3346153893508017
es,2.02,B63,B63C,.3347222283482552
vi,5.01,G01,G01T,.3348861383274198
qa,3.01,A43,A43B,.3351648451061919
vy,3.02,F28,F28F,.3351648468524218
lq,3.03,C07,C07H,.3352006785571575
ik,2.11,C12,C12P,.3352969354018569
ee,1.04,A01,A01C,.3353670872747898
ff,3.02,C08,C08G,.3354455484077334
hf,6.03,B32,B32B,.3357142880558968
pi,1.06,B03,B03D,.3357142899185419
ue,2.11,B63,B63B,.3357142936438322
uk,1.03,D21,D21B,.3358209053985775
xy,1.01,H02,H02K,.3358649888541549
js,6.04,B63,B63C,.3361111134290695
ih,2.07,H05,H05H,.3361111134290695
qf,9,H03,H03L,.3361111134290695
pu,2.03,E04,E04F,.3361111171543598
pm,2.05,B63,B63G,.3362318892031908
ew,1.02,B41,B41N,.3362403200007975
hq,1.04,G03,G03H,.3368386304937303
ba,3.02,A61,A61D,.3369565233588219
ml,9,A63,A63F,.337009813869372
ya,3.02,A46,A46B,.3370370306074619
yr,2.01,G07,G07G,.3370370417833328
da,1.06,C23,C23F,.337037046905607
qq,1.05,C25,C25B,.3372518308460712
qq,1.05,H02,H02S,.3373015969991684
cu,1.06,B08,B08B,.3375000101514161
cu,1.06,C03,C03C,.3376068477518857
aa,1.03,C07,C07H,.3378450572490692
ia,3.02,A62,A62D,.3380503244698048
wc,3.03,B82,B82Y,.3380555622279644
tu,3.01,B64,B64B,.3380952477455139
hy,1.06,A23,A23J,.3381944452412426
zr,1.05,H03,H03M,.3382353042252362
tu,3.01,G07,G07C,.3383333431556821
ve,3.02,C01,C01G,.3383838483132422
ti,9,B82,B82Y,.3385321395471692
ph,6.02,C12,C12P,.3385416767559946
di,5.02,C11,C11B,.338568945415318
ra,2.11,G06,G06N,.3387766019441187
cu,1.06,A43,A43B,.3388278489001095
wu,5.04,H03,H03G,.3388888910412788
sr,2.07,B41,B41J,.3388888910412788
dx,3.01,A45,A45C,.338888892903924
sr,2.07,F16,F16C,.3388888947665691
rb,2.02,D05,D05B,.3388888989575207
mc,1.06,A61,A61Q,.3389783271122724
uf,1.03,F28,F28C,.3390804696828127
ze,1.06,G01,G01J,.3391109618823975
io,2.07,F03,F03G,.3392857182770967
er,1.02,E05,E05F,.3392857201397419
dt,2.03,C21,C21B,.3392857201397419
ik,2.11,C07,C07H,.3392857243306935
er,1.02,F16,F16F,.3394230827689171
ai,2.03,H03,H03B,.3395061828196049
ha,5.03,A23,A23D,.339622643776238
ue,2.11,E02,E02F,.3399766944348812
pn,1.01,G01,G01Q,.3400647528469563
ru,3.01,B66,B66C,.3400901001878083
qq,1.05,B05,B05D,.3401988735422492
en,9,G07,G07C,.3402777835726738
qf,9,F21,F21K,.3402777877636254
ni,3.01,B05,B05B,.3402777877636254
ye,2.02,F16,F16J,.3402777877636254
ea,1.04,A47,A47G,.3402812213171273
ja,1.05,C23,C23G,.3404255416244268
qe,2.09,D02,D02G,.3404762004502118
sr,2.07,H01,H01H,.3404917595908046
re,1.05,C07,C07K,.3404931540717371
sa,3.03,E06,E06B,.3405797183513641
mu,4.01,D01,D01F,.3406862844713032
te,1.05,C23,C23C,.3406862844713032
ra,2.11,F02,F02D,.3407407505437732
ii,2.04,F01,F01B,.3407738208770752
te,1.05,B01,B01J,.3409090936183929
zk,9,F24,F24S,.3409090936183929
nn,3.03,C01,C01G,.3409091010689735
vj,5.01,C07,C07H,.3410220458172262
wy,5.04,C12,C12N,.3410989535041153
er,1.02,B63,B63B,.3411172181367874
qa,3.01,G01,G01Q,.3411276389379054
cq,1.06,A23,A23N,.3411458432674408
lq,3.03,C09,C09J,.3412698516622186
hl,3.03,C09,C09J,.3412698516622186
ou,1.06,B64,B64C,.3413338554091752
tm,3.01,B26,B26D,.3413978517055511
km,1.06,B27,B27N,.3413978591561317
li,3.02,C08,C08F,.3413978591561317
qa,3.01,A47,A47G,.3413978591561317
ia,3.02,C25,C25B,.3413992933928967
wc,3.03,C04,C04B,.3414168236777186
po,1.01,C08,C08K,.3416666686534882
qa,3.01,A45,A45D,.3416666723787785
iu,2.03,G03,G03H,.3416666742414236
qc,6.02,H05,H05H,.3416666761040688
dt,2.03,C08,C08C,.3416666770353913
ue,2.11,A61,A61L,.3418466043658555
hl,3.03,H01,H01Q,.3419071882963181
pz,2.05,C08,C08B,.3419117648154497
js,6.04,D01,D01F,.3420289950445294
fi,1.04,B05,B05C,.3420289950445294
bu,1.03,C07,C07H,.3420431772246957
ni,3.01,G01,G01T,.3420634940266609
um,3.01,G01,G01Q,.3420661548152566
aa,1.03,C12,C12P,.3422439182177186
ht,1.06,C05,C05F,.3422619150951505
hq,1.04,B62,B62D,.3423280459828675
fi,1.04,B28,B28D,.3423423450440168
ga,3.02,G08,G08C,.3423423524945974
mc,1.06,G08,G08G,.3423611121252179
ur,1.01,B22,B22F,.3424031510949135
rb,2.02,B42,B42D,.3424242520704865
yr,2.01,F16,F16F,.3425661949440837
sr,2.07,C12,C12N,.3428259224165231
km,1.06,F41,F41H,.3428571503609419
ja,1.05,B62,B62D,.342857152223587
ay,3.01,G07,G07F,.342857152223587
xw,3.03,C09,C09K,.3428795235231519
id,2.07,C05,C05G,.3430849984288216
ra,2.11,A61,A61H,.3431372651830316
pm,2.05,H04,H04S,.3431372651830316
ky,1.05,C01,C01F,.3433062881231308
ga,3.02,A22,A22C,.3433333430439234
vi,5.01,H01,H01M,.343434345908463
rx,3.02,G21,G21K,.3434343533590436
dk,5.02,G01,G01M,.3434988204389811
vx,5.01,A01,A01H,.3435406759381294
ji,5.01,A47,A47C,.3437500093132257
qj,2.05,C12,C12M,.3437500102445483
ea,1.04,B62,B62K,.3437500102445483
uk,1.03,B26,B26D,.3440708252601326
ra,2.11,H01,H01R,.3440860314294696
ei,1.04,H03,H03L,.3441745804157108
ot,6.02,C12,C12P,.3441774437669665
co,1.06,B64,B64G,.3442029086872935
bp,6.04,B05,B05D,.3442029086872935
bq,6.05,C11,C11B,.3442307729274035
ai,2.03,B23,B23Q,.3444444499909878
ja,1.05,C12,C12F,.3444444537162781
wc,3.03,C23,C23C,.3444444546476007
pe,5.02,C12,C12M,.3444444546476007
zc,4.03,G01,G01Q,.3444444546476007
iq,2.02,C10,C10B,.3448275960981846
rt,3.02,C12,C12C,.3448275960981846
rb,2.02,A45,A45F,.3448810577392578
ye,2.02,D21,D21F,.3449494987726212
zq,2.07,A61,A61M,.3450769344344735
re,1.05,C11,C11B,.345238097012043
il,2.07,G09,G09B,.3452380988746881
gm,3.03,A24,A24D,.3454545512795448
ac,2.02,H05,H05G,.3455284647643566
hi,5.01,G03,G03B,.3458333434537053
tm,3.01,F16,F16K,.3458333434537053
ml,9,H04,H04J,.3458333434537053
ze,1.06,G11,G11C,.3458333434537053
um,3.01,G03,G03G,.3459401768632233
qa,3.01,A47,A47B,.3461538562551141
cl,9,F42,F42D,.3461538590490818
ky,1.05,C12,C12N,.3462356943637133
uk,1.03,B21,B21F,.3463541767559946
si,1.05,H04,H04H,.346570672467351
ki,3.02,A47,A47J,.3466666769236326
qf,9,H02,H02H,.3466666769236326
oe,5.06,B64,B64C,.3468254059553146
ma,3.02,C12,C12R,.3471021712757647
ev,1.02,D21,D21C,.3472222276031971
oa,2.11,F21,F21S,.3472222313284874
xa,5.04,B42,B42D,.34722223225981
tc,3.02,D04,D04C,.34722223225981
qj,2.05,H04,H04M,.34722223225981
ad,4.02,C10,C10J,.3474178500473499
dx,3.01,B23,B23K,.3475177399814129
id,2.07,D06,D06P,.3476190529763699
zr,1.05,F25,F25J,.3476190576329827
ea,1.04,G04,G04G,.3476190576329827
rb,2.02,B05,B05B,.3476190604269505
rx,3.02,G11,G11B,.3478260971605778
wv,3.03,G06,G06N,.3479166701436043
vy,3.02,C25,C25C,.3480392182245851
yp,3.02,A23,A23K,.3480392256751657
ns,2.01,B26,B26D,.3480747635476291
iu,2.03,C13,C13K,.3480904251337051
iy,1.06,D01,D01D,.3481481540948153
zk,9,G09,G09B,.3481671586632729
ee,1.04,G01,G01G,.3482012576423585
qe,2.09,H02,H02N,.3482142873108387
uf,1.03,B65,B65G,.3484848588705063
ru,3.01,H01,H01B,.3484848588705063
dx,3.01,A61,A61D,.3484848588705063
mu,4.01,G01,G01J,.3484848588705063
ep,1.02,B66,B66D,.3484848588705063
rx,3.02,G09,G09G,.3484848588705063
ns,2.01,A61,A61H,.3485714327543974
ve,3.02,C40,C40B,.3487155195325613
ii,2.04,G10,G10H,.3487179586663842
pk,2.05,A47,A47G,.3487179586663842
ka,4.01,B09,B09C,.348741845227778
qh,2.05,E04,E04H,.3489011060446501
um,3.01,H02,H02M,.3489784803241491
sy,1.03,A62,A62D,.3490709792822599
kv,1.05,B01,B01J,.3492063526064157
im,2.01,B81,B81B,.3492063526064157
we,3.02,F16,F16M,.3492063544690609
er,1.02,B21,B21D,.3492063581943512
ub,1.03,E02,E02F,.3492063581943512
kv,1.05,H03,H03M,.3492189184762537
ea,1.04,G03,G03B,.3493285458534956
ur,1.01,C07,C07F,.3494221095461398
dr,1.06,B27,B27N,.3494623750448227
rt,3.02,C11,C11C,.3496732129715383
zc,4.03,C07,C07J,.3496970660053194
ct,9,G05,G05B,.34974359953776
dm,3.02,C30,C30B,.3498438145034015
ev,1.02,H03,H03C,.3500000014901161
ex,1.02,A23,A23K,.3500000014901161
ma,3.02,B24,B24B,.3500000014901161
xw,3.03,F24,F24F,.3500000014901161
sr,2.07,F15,F15B,.3500000014901161
wc,3.03,C22,C22F,.3500000014901161
he,5.03,B82,B82Y,.3500000014901161
pc,5.02,F16,F16G,.3500000014901161
dt,2.03,F23,F23Q,.3500000014901161
if,2.11,F21,F21L,.3500000014901161
bi,6.01,G01,G01K,.3500000014901161
ji,5.01,E06,E06B,.3500000014901161
id,2.07,F23,F23Q,.3500000014901161
vj,5.01,B66,B66C,.3500000014901161
yg,6.04,C12,C12R,.3500000014901161
ij,2.11,F42,F42B,.3500000014901161
ja,1.05,B23,B23P,.3500000014901161
fs,6.04,H04,H04J,.3500000014901161
wu,5.04,G01,G01T,.3500000014901161
ip,2.07,B05,B05D,.3500000014901161
ru,3.01,F42,F42B,.3500000014901161
ii,2.04,F23,F23Q,.3500000014901161
mq,6.01,F01,F01D,.3500000014901161
ub,1.03,F16,F16N,.3500000014901161
vi,5.01,H01,H01G,.3500000014901161
oa,2.11,A01,A01M,.3500000014901161
ml,9,G08,G08B,.3500000014901161
aq,3.02,B05,B05B,.3500000014901161
ky,1.05,C08,C08F,.3500000014901161
kv,1.05,B65,B65D,.3500000014901161
dx,3.01,B22,B22D,.3500000014901161
ph,6.02,H04,H04W,.3500000014901161
hl,3.03,G07,G07D,.3500000014901161
bu,1.03,C22,C22C,.3500000014901161
dt,2.03,G10,G10K,.3500000014901161
am,4.01,F16,F16F,.3500000014901161
um,3.01,F02,F02D,.3500000014901161
ei,1.04,F23,F23R,.3500000014901161
qg,2.05,F23,F23R,.3500000052154064
tc,3.02,A42,A42B,.3500000052154064
op,3.03,C01,C01B,.3500000052154064
tc,3.02,F04,F04F,.3500000052154064
cq,1.06,F23,F23G,.3500000089406967
or,5.09,C12,C12R,.3500000089406967
dq,9,G05,G05G,.3500000108033419
ep,1.02,G04,G04F,.3500000108033419
dw,1.04,F41,F41H,.3500000108033419
bm,5.07,H03,H03K,.3500000108033419
dr,1.06,B29,B29B,.3500000108033419
pw,2.06,G01,G01B,.3501015515066683
dq,9,G11,G11C,.3501035291701555
vy,3.02,A01,A01G,.3501831600442529
op,3.03,C07,C07J,.3503694785758853
td,3.02,H05,H05B,.3503787964582443
yq,5.07,H01,H01L,.3504380788654089
sr,2.07,C07,C07F,.3504529050551355
yu,3.03,C07,C07F,.3505397546105087
wh,3.02,H01,H01Q,.3505747225135565
rb,2.02,C08,C08J,.3505747225135565
ih,2.07,C14,C14C,.3508403394371271
rb,2.02,B25,B25B,.3508772030472755
zq,2.07,F16,F16L,.3508772030472755
bu,1.03,C22,C22B,.3509804010391235
yo,3.01,G02,G02F,.3510101027786732
pd,6.02,B29,B29C,.3510101027786732
mr,6.01,A61,A61M,.3511677831411362
ya,3.02,F41,F41H,.351190485060215
le,1.05,B63,B63C,.3511904869228601
pc,5.02,B21,B21D,.3511904869228601
ja,1.05,C10,C10C,.3511904869228601
fy,3.02,F24,F24F,.3511904869228601
qu,1.06,E06,E06B,.3514492809772491
ep,1.02,C23,C23F,.3515151608735323
ex,1.02,B24,B24D,.3518518544733524
su,3.02,C05,C05F,.351851861923933
rx,3.02,H01,H01M,.351851861923933
ei,1.04,G16,G16H,.3518643898423761
ns,2.01,B21,B21B,.3519635647535324
pz,2.05,C09,C09B,.3519841358065605
fe,5.05,C07,C07K,.3520165422232822
tc,3.02,B08,B08B,.3520833435468376
ec,1.04,B01,B01L,.3521299855783582
aa,1.03,F26,F26B,.3522222265601158
az,3.02,G06,G06K,.3524351269006729
wv,3.03,G07,G07B,.352564113214612
hf,6.03,G07,G07B,.352564113214612
nn,3.03,C05,C05D,.3529411777853966
qj,2.05,D06,D06F,.3529411870986223
dm,3.02,G01,G01Q,.3530884184874594
cn,5.01,G03,G03F,.3531746044754982
hi,5.01,H03,H03F,.3531746044754982
sr,2.07,H05,H05H,.3533333353698254
vy,3.02,C22,C22F,.353333342820406
ep,1.02,B03,B03C,.3533696858212352
co,1.06,C23,C23F,.3535714384634048
pq,1.01,C12,C12R,.3536186143755913
sr,2.07,F16,F16F,.3537037074565887
yr,2.01,A63,A63G,.3537157364189625
he,5.03,C12,C12N,.3539203759282827
js,6.04,C12,C12Y,.3539902251213789
pm,2.05,C12,C12H,.3541349668521434
hb,5.03,C06,C06B,.3541666716337204
tu,3.01,B61,B61G,.3541666716337204
lj,3.02,H01,H01S,.3541666716337204
ih,2.07,G01,G01B,.3541666716337204
ee,1.04,A41,A41D,.3541666767559946
ye,2.02,B28,B28C,.3541666772216558
li,3.02,B01,B01L,.3541666772216558
ki,3.02,H04,H04Q,.3541666772216558
yr,2.01,G05,G05G,.3541666772216558
co,1.06,F01,F01K,.3541666772216558
lq,3.03,H01,H01P,.3541666772216558
hq,1.04,H01,H01T,.3541666772216558
da,1.06,F04,F04F,.3542207796126604
ns,2.01,B26,B26B,.3544561509042978
cn,5.01,F15,F15B,.3546195756644011
py,3.02,G21,G21G,.3546568714082241
om,5.05,A45,A45D,.3547008633613586
hb,5.03,B62,B62D,.3547619096934795
xy,1.01,B64,B64G,.3547619134187698
qj,2.05,A61,A61N,.3550478415563703
gc,1.05,H03,H03F,.3550724666565657
if,2.11,F41,F41A,.3550724666565657
li,3.02,G09,G09G,.3550724741071463
pw,2.06,B25,B25J,.3550948174670339
ky,1.05,G06,G06Q,.3553164382465184
ru,3.01,C08,C08H,.3555065495893359
bu,1.03,C03,C03C,.3555555567145348
bv,5.01,A23,A23C,.3555555567145348
aa,1.03,C01,C01F,.3555555585771799
ij,2.11,A62,A62C,.3555555660277605
ee,1.04,C05,C05D,.3555555660277605
eq,3.01,A43,A43B,.3555555660277605
im,2.01,F23,F23J,.3555555660277605
ev,1.02,E03,E03F,.3555555660277605
xw,3.03,C07,C07H,.3559047817252576
ea,1.04,F02,F02G,.3559643356129527
oo,3.03,G11,G11C,.3560606073588133
tu,3.01,F02,F02K,.3560606092214584
ev,1.02,F16,F16B,.3560606092214584
ea,1.04,A61,A61D,.356060616672039
xe,4.01,G01,G01C,.356060616672039
dy,1.04,A61,A61D,.356060616672039
up,1.03,H03,H03B,.356060616672039
un,1.03,B65,B65D,.356097562238574
ya,3.02,F26,F26B,.3562500057742
pw,2.06,A23,A23C,.3564745262265205
bq,6.05,A24,A24F,.3565891571342945
yr,2.01,A01,A01K,.3566137668676674
aq,3.02,C08,C08B,.3567467755638063
tm,3.01,G08,G08B,.3567921537905931
qq,1.05,G21,G21K,.3569299289956689
im,2.01,G01,G01Q,.3569444492459297
hy,1.06,C10,C10L,.3571156375110149
pj,2.05,F02,F02B,.3571428675204515
fa,2.01,B65,B65H,.3571428675204515
li,3.02,H05,H05B,.3571428675204515
qj,2.05,B44,B44D,.3571428675204515
su,3.02,D21,D21H,.3571428675204515
dw,1.04,B44,B44D,.3571428675204515
rq,1.06,H01,H01L,.3571428675204515
or,5.09,A01,A01H,.3571428675204515
qu,1.06,D21,D21G,.357142873108387
co,1.06,F15,F15D,.357190327718854
yp,3.02,C11,C11D,.3572942805476487
yu,3.03,A01,A01M,.3574550542980433
ja,1.05,A23,A23J,.3575293850153685
ae,4.05,F23,F23G,.3575757741928101
sa,3.03,H01,H01Q,.3577235862612724
cu,1.06,C07,C07B,.3579101567156613
ik,2.11,G03,G03H,.3579365154728293
im,2.01,C12,C12R,.3579782899469137
ae,4.05,F42,F42B,.3580247014760971
vx,5.01,G01,G01F,.3581349272280931
ij,2.11,A23,A23G,.3583333436399698
my,5.01,C12,C12P,.3583333436399698
cu,1.06,A45,A45F,.3584603033959866
fe,5.05,A61,A61N,.3584656096063554
nu,5.08,G03,G03H,.3585497960448265
dx,3.01,C03,C03C,.3586973450146616
sa,3.03,C12,C12F,.3589743627235293
ay,3.01,B23,B23K,.3589743692427874
cu,1.06,H04,H04S,.3589743692427874
di,5.02,B05,B05B,.3589743692427874
ih,2.07,B65,B65B,.3590425522997975
sy,1.03,B41,B41D,.3591397805139422
ex,1.02,B01,B01F,.3595117907971144
ni,3.01,D01,D01D,.3595201345160604
fi,1.04,B23,B23B,.3595238253474236
td,3.02,B25,B25J,.3596382569521666
es,2.02,A63,A63G,.3596491329371929
ec,1.04,A24,A24D,.3596491329371929
re,1.05,F16,F16L,.3596491329371929
ev,1.02,A63,A63H,.3597883619368076
yy,5.07,G01,G01D,.3597883731126785
ma,3.02,G01,G01K,.3599394042976201
yo,3.01,D21,D21H,.359952962026
ui,1.03,B65,B65B,.3600000105798244
ou,1.06,H04,H04W,.360082782804966
nn,3.03,C11,C11B,.3601151568582281
di,5.02,C07,C07H,.3602564185857773
fu,5.04,G06,G06K,.3603059365414083
af,4.05,A23,A23B,.3603670741431415
si,1.05,B63,B63J,.3604798056185246
ja,1.05,F15,F15D,.3607769524678588
gu,1.06,G16,G16H,.3610215100925416
ee,1.04,E04,E04C,.3611111119389534
uf,1.03,G01,G01H,.3611111119389534
ni,3.01,F02,F02M,.3611111119389534
ij,2.11,H03,H03D,.3611111119389534
es,2.02,F15,F15B,.3611111119389534
bk,6.04,G07,G07D,.3611111119389534
ro,1.07,G21,G21H,.3611111119389534
ix,2.07,C09,C09D,.3611111119389534
ue,2.11,E01,E01C,.3611111119389534
xq,2.11,E01,E01C,.3611111119389534
ve,3.02,A01,A01M,.3611111119389534
hf,6.03,B01,B01L,.3611111119389534
sr,2.07,H02,H02N,.3611111119389534
ki,3.02,G07,G07D,.3611111119389534
gu,1.06,B60,B60P,.3611111119389534
ye,2.02,B26,B26B,.3611111119389534
le,1.05,E04,E04H,.3611111119389534
bf,5.04,G07,G07C,.3611111119389534
wy,5.04,A61,A61M,.3611111119389534
gy,5.02,B63,B63H,.3611111119389534
if,2.11,D06,D06H,.3611111119389534
ur,1.01,F17,F17D,.3611111119389534
ja,1.05,B25,B25B,.3611111119389534
nn,3.03,A01,A01J,.3611111119389534
da,1.06,B24,B24C,.3611111119389534
wu,5.04,A23,A23B,.3611111119389534
ev,1.02,B61,B61C,.3611111119389534
af,4.05,C11,C11B,.3611111119389534
wv,3.03,B01,B01L,.3611111119389534
uk,1.03,C06,C06D,.3611111119389534
ig,2.06,G21,G21H,.3611111119389534
ig,2.06,D06,D06Q,.3611111138015985
hq,1.04,F27,F27B,.3611111138015985
ue,2.11,H01,H01H,.3611111138015985
ii,2.04,B66,B66C,.3611111156642437
im,2.01,D01,D01F,.361111119389534
im,2.01,A23,A23C,.361111119389534
ae,4.05,G09,G09B,.361111119389534
ik,2.11,C09,C09B,.361111119389534
wc,3.03,G01,G01F,.361111119389534
rt,3.02,E05,E05B,.361111119389534
po,1.01,C22,C22C,.3611111212521791
re,1.05,B04,B04C,.3611111212521791
pk,2.05,G01,G01H,.3611111212521791
ik,2.11,B65,B65F,.3611111212521791
dt,2.03,A24,A24B,.3611111212521791
ih,2.07,C10,C10C,.3612914970144629
ot,6.02,H04,H04Q,.3613782078027725
xq,2.11,C01,C01F,.361795294098556
il,2.07,H01,H01F,.3619047719985247
ky,1.05,G02,G02B,.3619047719985247
hq,1.04,F41,F41A,.3620600523427129
cn,5.01,C12,C12Y,.3620831326115876
vi,5.01,H04,H04H,.3622222226113081
mw,5.09,A63,A63B,.3622311875224113
uk,1.03,A23,A23P,.3623024709522724
zr,1.05,C06,C06B,.3623188510537148
ub,1.03,C05,C05G,.3623737478628755
tu,3.01,Y02,Y02A,.3624183060601354
da,1.06,F03,F03G,.3625000044703484
ih,2.07,F41,F41H,.3626984152942896
qq,1.05,D21,D21H,.3626984162256122
uh,1.03,G01,G01W,.3627451006323099
ay,3.01,C08,C08B,.3627451080828905
uf,1.03,A01,A01C,.3627451080828905
nn,3.03,C30,C30B,.3628156618215144
ti,9,C40,C40B,.3629400828504004
il,2.07,B25,B25J,.3629629723727703
zm,1.06,F01,F01N,.3630952462553978
sr,2.07,C03,C03B,.3631911296397448
up,1.03,C22,C22C,.3634058032184839
sd,3.02,B03,B03C,.363549969624728
pu,2.03,H03,H03L,.3635551962070167
dx,3.01,B09,B09C,.3636078806594014
zq,2.07,B21,B21C,.3636363670229912
aa,1.03,A46,A46B,.3636363744735718
ds,3.02,C12,C12P,.3637557404581457
io,2.07,A61,A61F,.3638888904824853
uf,1.03,B21,B21D,.363888893276453
dq,9,A47,A47G,.3641025740653276
di,5.02,H02,H02M,.3641237877309322
oi,3.02,G02,G02B,.3643578737974167
es,2.02,B03,B03C,.3643790874630213
eo,6.02,C07,C07H,.3645833432674408
pd,6.02,C02,C02F,.3645833432674408
ij,2.11,B65,B65F,.3645833432674408
lq,3.03,A01,A01G,.3645833432674408
gc,1.05,A23,A23G,.3645833432674408
ma,3.02,C03,C03C,.3645833432674408
es,2.02,B60,B60B,.3645833432674408
ix,2.07,C12,C12N,.364874261431396
uk,1.03,F41,F41A,.3649068363010883
sr,2.07,F02,F02D,.364935071207583
jy,4.05,A61,A61C,.3650000020861626
op,3.03,F02,F02K,.3650793731212616
dk,5.02,G01,G01D,.3650793731212616
wf,1.06,A23,A23J,.3651175242848694
uh,1.03,G06,G06E,.3651315793395042
ac,2.02,B61,B61B,.3653846196830273
za,3.02,G01,G01L,.3655914068222046
dy,1.04,A61,A61G,.3655914077535272
pt,3.03,H02,H02K,.3659147899597883
mc,1.06,C11,C11D,.3659754343098029
ue,2.11,G01,G01G,.3661002377048135
yq,5.07,G16,G16H,.3663224552292377
vj,5.01,C12,C12R,.36634461581707
ae,4.05,H01,H01G,.366376037709415
dq,9,H02,H02N,.3665845654904842
aa,1.03,A22,A22C,.3666666708886623
ue,2.11,F01,F01D,.3666666708886623
da,1.06,A01,A01J,.3666666708886623
az,3.02,H04,H04M,.3666666746139526
bk,6.04,B60,B60L,.3666666746139526
pa,6.02,B05,B05D,.3666666746139526
qa,3.01,C10,C10G,.3666666746139526
ig,2.06,B24,B24B,.3666666746139526
zr,1.05,A47,A47G,.3666666746139526
ry,2.03,G12,G12B,.3666666746139526
vm,5.06,C09,C09J,.3666666746139526
qq,1.05,E03,E03B,.3666666746139526
zc,4.03,F16,F16C,.3666666746139526
zc,4.03,F25,F25B,.3666666746139526
uk,1.03,A24,A24F,.3666666746139526
id,2.07,E03,E03B,.3666666746139526
oe,5.06,G01,G01D,.3666666746139526
pk,2.05,G10,G10H,.3666666746139526
tm,3.01,C10,C10M,.3666666746139526
ua,6.03,A23,A23C,.3666666746139526
pw,2.06,C11,C11C,.3666666746139526
bd,1.06,A23,A23K,.3666666746139526
ja,1.05,E02,E02F,.3666666746139526
wh,3.02,C25,C25F,.3666666746139526
js,6.04,H03,H03H,.3666666746139526
xa,5.04,C22,C22B,.3666666746139526
sa,3.03,G01,G01F,.3666666746139526
ew,1.02,C10,C10B,.3666666746139526
ex,1.02,B43,B43L,.3666666783392429
ij,2.11,A45,A45C,.3666666783392429
um,3.01,G05,G05G,.3666666783392429
ni,3.01,H01,H01C,.3666666783392429
ih,2.07,E06,E06B,.3666666820645332
am,4.01,B82,B82Y,.3667984241619706
ct,9,A61,A61Q,.3670833390206099
xq,2.11,F17,F17C,.367146915756166
dw,1.04,G01,G01P,.367307698354125
uf,1.03,F27,F27D,.3676470592617989
fs,6.04,H03,H03F,.3676470592617989
oe,5.06,B62,B62D,.3678161017596722
ne,3.03,G10,G10K,.36783217638731
dk,5.02,A01,A01D,.36783217638731
ct,9,B05,B05D,.3678571507334709
td,3.02,B24,B24B,.3678571507334709
dr,1.06,A41,A41C,.3680555657483637
ih,2.07,C08,C08H,.3681122222915292
dx,3.01,F21,F21K,.3681372655555606
cl,9,A01,A01N,.3682033102959394
dy,1.04,B23,B23H,.3682290930300951
oa,2.11,A47,A47B,.368589754216373
su,3.02,G08,G08C,.3686868716031313
td,3.02,F16,F16K,.3687770664691925
ia,3.02,A61,A61G,.3688381612300873
am,4.01,A62,A62D,.3688417887315154
ba,3.02,H01,H01Q,.3690476231276989
cl,9,H01,H01M,.3690476305782795
es,2.02,D06,D06P,.3690476305782795
aq,3.02,H04,H04J,.3690476305782795
rb,2.02,B23,B23H,.3690476305782795
zq,2.07,F02,F02K,.3690476305782795
ac,2.02,A62,A62D,.3690476305782795
uq,5.07,G11,G11C,.3690476305782795
wv,3.03,B60,B60R,.3690476305782795
oa,2.11,D06,D06P,.3690476305782795
rt,3.02,F25,F25B,.3692291602492332
dr,1.06,H03,H03G,.3693957142531872
sr,2.07,G03,G03C,.3694444494321942
dm,3.02,G10,G10K,.3694500830024481
lj,3.02,C12,C12P,.3701017624698579
if,2.11,A01,A01C,.3703703731298447
ds,3.02,D01,D01D,.3703703805804253
ex,1.02,E04,E04C,.3703703805804253
yr,2.01,H01,H01H,.3703703805804253
pk,2.05,B64,B64D,.3703703805804253
ph,6.02,C07,C07H,.3703703805804253
yo,3.01,G07,G07F,.3703703805804253
dr,1.06,G10,G10H,.370454553514719
ac,2.02,C03,C03C,.3706310978159308
ev,1.02,H02,H02S,.370741268619895
er,1.02,B42,B42D,.370753969065845
ur,1.01,F16,F16F,.3709017224609852
ns,2.01,C07,C07J,.3710565879009664
xy,1.01,C08,C08B,.3710642963415012
tu,3.01,D21,D21C,.3710826318711042
am,4.01,G07,G07D,.3711309619247913
zr,1.05,G07,G07D,.3711309619247913
ja,1.05,G07,G07B,.37127286195755
jm,5.04,B23,B23Q,.3713235296308994
ht,1.06,G06,G06N,.3713670736178756
tc,3.02,G01,G01V,.3714285753667355
dx,3.01,H05,H05H,.3715873062610626
ec,1.04,F02,F02C,.3717948831617832
ds,3.02,G01,G01F,.3717948831617832
ur,1.01,C10,C10L,.3717948831617832
zq,2.07,G06,G06N,.3718254007399082
po,1.01,C08,C08J,.372619048692286
dy,1.04,F16,F16N,.372727282345295
bq,6.05,G01,G01T,.3733333349227905
oe,5.06,B01,B01F,.3733333423733711
ni,3.01,A47,A47J,.3733333442360163
hy,1.06,G16,G16H,.373511909507215
de,1.06,A45,A45D,.3736559227108955
ei,1.04,A61,A61G,.3736559227108955
db,2.08,C10,C10C,.3737373817712069
rq,1.06,C11,C11B,.373780460562557
dk,5.02,A47,A47L,.3738035801798105
pm,2.05,F25,F25J,.3738095317967236
wv,3.03,A63,A63B,.37380953412503
uk,1.03,B60,B60K,.3738095350563526
qa,3.01,G01,G01L,.3738501397892833
io,2.07,G06,G06N,.3739087386056781
zq,2.07,C08,C08K,.3740030592307448
pk,2.05,D02,D02G,.3743589892983437
pe,5.02,A61,A61L,.3745039184577763
wm,5.04,B82,B82Y,.3745179637335241
uh,1.03,H02,H02K,.3746031792834401
af,4.05,G06,G06T,.3746867273002863
il,2.07,A61,A61K,.3747333623468876
pu,2.03,B21,B21B,.3748274762183428
hf,6.03,H05,H05B,.375
wv,3.03,B01,B01F,.375
un,1.03,F23,F23G,.375
eq,3.01,B41,B41J,.375
ne,3.03,G21,G21G,.375
ea,1.04,A41,A41C,.375
bd,1.06,B01,B01D,.375
hl,3.03,H02,H02M,.375
cl,9,A42,A42B,.375
zq,2.07,B22,B22C,.375
pi,1.06,C30,C30B,.375
ii,2.04,B63,B63C,.375
rb,2.02,F28,F28F,.375
wv,3.03,G01,G01L,.375
gy,5.02,H03,H03G,.375
vy,3.02,A23,A23B,.375
uk,1.03,D06,D06B,.375
qu,1.06,C01,C01D,.375
zk,9,H02,H02J,.375
ad,4.02,F17,F17D,.375
et,1.02,B61,B61B,.375
zr,1.05,H02,H02S,.375
ix,2.07,G06,G06N,.375
ai,2.03,F23,F23L,.375
ij,2.11,B27,B27K,.375
zm,1.06,G01,G01L,.375
qq,1.05,F03,F03B,.375
ro,1.07,Y02,Y02E,.375
pm,2.05,A01,A01J,.375
dw,1.04,B31,B31F,.375
wv,3.03,H05,H05B,.375
es,2.02,A23,A23K,.375
wm,5.04,D06,D06P,.375
uh,1.03,C12,C12C,.375
hf,6.03,G09,G09F,.375
fu,5.04,H04,H04Q,.375
wv,3.03,A47,A47C,.375
hf,6.03,A47,A47C,.375
qg,2.05,D06,D06B,.375
mr,6.01,G07,G07C,.375
uf,1.03,B24,B24C,.375
oo,3.03,H02,H02M,.375
pt,3.03,D06,D06F,.375
un,1.03,F03,F03B,.375
hb,5.03,B64,B64G,.375
sd,3.02,B62,B62B,.375
er,1.02,D06,D06F,.375
pt,3.03,G03,G03G,.375
mc,1.06,D04,D04H,.375
ew,1.02,D21,D21C,.375
eu,2.02,B67,B67D,.375
oi,3.02,G05,G05F,.375
oo,3.03,A47,A47C,.375
mc,1.06,D06,D06F,.375
vi,5.01,B66,B66B,.375
pu,2.03,C12,C12C,.375
oo,3.03,B01,B01F,.375
tm,3.01,G08,G08G,.375
ki,3.02,F41,F41G,.375
jb,5.07,F24,F24F,.375
up,1.03,F04,F04B,.375
oo,3.03,F04,F04B,.375
rz,3.03,A61,A61C,.375
hy,1.06,G06,G06G,.375
oo,3.03,C22,C22C,.375
ki,3.02,A61,A61G,.375
wv,3.03,G09,G09F,.375
ju,4.01,C30,C30B,.375
wm,5.04,D02,D02G,.375
li,3.02,G08,G08G,.375
qg,2.05,A47,A47F,.375
pj,2.05,G01,G01H,.375
wu,5.04,E05,E05B,.375
ex,1.02,D21,D21C,.375
ii,2.04,A47,A47B,.375
ig,2.06,B62,B62J,.375
wv,3.03,F04,F04B,.375
uk,1.03,C12,C12C,.375
bv,5.01,D21,D21H,.375
pc,5.02,F02,F02C,.375
oo,3.03,H05,H05B,.375
ry,2.03,F03,F03G,.375
qu,1.06,B29,B29B,.375
up,1.03,B07,B07C,.375
wm,5.04,D21,D21F,.375
un,1.03,H04,H04M,.375
ue,2.11,E02,E02D,.375
uu,5.06,F21,F21K,.375
km,1.06,G06,G06G,.375
pk,2.05,C06,C06C,.375
wc,3.03,G09,G09F,.375
uh,1.03,D06,D06F,.375
qg,2.05,C21,C21C,.375
kv,1.05,B01,B01F,.375
mw,5.09,G01,G01V,.375
oo,3.03,G09,G09F,.375
wf,1.06,B62,B62B,.375
dm,3.02,B61,B61L,.375
pm,2.05,C12,C12C,.375
ui,1.03,A23,A23D,.375
qc,6.02,A61,A61Q,.375
wv,3.03,H02,H02M,.375
li,3.02,H02,H02J,.375
un,1.03,F16,F16C,.3750000037252903
oo,3.03,F25,F25D,.3750000037252903
ij,2.11,B60,B60M,.3750000037252903
kv,1.05,G05,G05B,.3750000037252903
qg,2.05,G01,G01G,.3750000037252903
wm,5.04,F25,F25D,.3750000037252903
sr,2.07,B60,B60T,.3750000074505806
mc,1.06,B62,B62K,.3750000074505806
ij,2.11,C25,C25F,.3750000074505806
ue,2.11,H03,H03C,.3750000074505806
il,2.07,F16,F16F,.3750000074505806
jm,5.04,G06,G06N,.3750000074505806
un,1.03,G09,G09B,.3750000074505806
ry,2.03,B03,B03C,.3750000074505806
ep,1.02,A22,A22C,.3750000102445483
ns,2.01,F16,F16G,.3750000111758709
rq,1.06,A01,A01C,.3750000111758709
dx,3.01,G01,G01P,.3750000111758709
ei,1.04,E21,E21C,.3750000111758709
lq,3.03,B05,B05B,.3750000111758709
jw,6.02,G11,G11C,.3750000111758709
pa,6.02,E21,E21D,.3750000111758709
di,5.02,D21,D21C,.3750000111758709
lq,3.03,A61,A61G,.3750000111758709
pt,3.03,B64,B64C,.3750000111758709
pc,5.02,H01,H01P,.3750000111758709
ik,2.11,H04,H04S,.3750000111758709
ba,3.02,C12,C12P,.3750000111758709
yr,2.01,E04,E04F,.3750000111758709
pe,5.02,B02,B02C,.3750000111758709
pe,5.02,F16,F16L,.3750000111758709
fe,5.05,B01,B01J,.3750000111758709
nq,5.01,C04,C04B,.3750000111758709
pe,5.02,G07,G07D,.3750000111758709
yr,2.01,H03,H03B,.3750000111758709
ro,1.07,E21,E21D,.3750000111758709
wv,3.03,C08,C08J,.3750000111758709
ye,2.02,E04,E04F,.3750000111758709
qh,2.05,H02,H02J,.3750953231938183
ra,2.11,B41,B41M,.3753472249954939
pw,2.06,A61,A61J,.3754115491174161
ji,5.01,C12,C12N,.3754573781043291
if,2.11,F42,F42D,.3756613861769438
um,3.01,A62,A62D,.3758169943466783
xq,2.11,C23,C23F,.3759259362705052
cu,1.06,G02,G02F,.3760101087391376
sr,2.07,H03,H03B,.3760155076161027
km,1.06,F25,F25B,.3761904910206795
ue,2.11,A01,A01C,.3762820651754737
ik,2.11,G07,G07G,.3764285799115896
yo,3.01,A61,A61H,.3764471244066954
pz,2.05,G02,G02F,.3765843082219362
qk,6.01,C08,C08B,.3768116049468517
op,3.03,B29,B29B,.3768116049468517
dq,9,H01,H01H,.3768116049468517
vi,5.01,A61,A61J,.3768127785297111
ai,2.03,H01,H01B,.376860124990344
ja,1.05,F24,F24T,.3769841343164444
pu,2.03,A61,A61H,.3772344379685819
ha,5.03,C08,C08J,.3772946894168854
qe,2.09,B65,B65B,.3773116357624531
co,1.06,G07,G07D,.3773351684212685
gu,1.06,B25,B25J,.3774396236985922
uu,5.06,B25,B25J,.3775062765926123
qa,3.01,H03,H03F,.377560961060226
li,3.02,A23,A23C,.3777777794748545
rt,3.02,B05,B05D,.3777777850627899
pe,5.02,H01,H01B,.3777777850627899
pa,6.02,G07,G07G,.3777777850627899
ec,1.04,F01,F01D,.3777777850627899
dw,1.04,H05,H05H,.3777777887880802
qh,2.05,G11,G11C,.3779539288952947
bd,1.06,C12,C12R,.377976194024086
zr,1.05,C13,C13K,.3780212900601327
pz,2.05,G03,G03H,.3781746122986078
xq,2.11,H05,H05F,.3782051410526037
ql,9,H04,H04M,.3783524911850691
ye,2.02,F22,F22B,.378494631499052
db,2.08,A47,A47G,.3784946324303746
iy,1.06,C10,C10M,.3786231884732842
ye,2.02,C40,C40B,.3787849871441722
yu,3.03,C12,C12M,.3787878826260567
re,1.05,B21,B21C,.3787878826260567
wm,5.04,H01,H01F,.3787878826260567
ya,3.02,B30,B30B,.3787878900766373
ii,2.04,H03,H03F,.3787878900766373
im,2.01,B21,B21C,.3787878900766373
vy,3.02,B22,B22F,.3788248402997851
iu,2.03,C06,C06C,.3788888938724995
hq,1.04,B22,B22C,.3791666720062494
wv,3.03,A23,A23L,.3793176356703043
um,3.01,G10,G10K,.3794117737561464
le,1.05,F17,F17C,.3796296343207359
za,3.02,B24,B24B,.3798449710011482
nq,5.01,A61,A61H,.3799401638098061
ub,1.03,D02,D02J,.3799999924376607
wu,5.04,C07,C07J,.3800991028547287
xy,1.01,A01,A01G,.3802673898171633
kv,1.05,E21,E21B,.3803571471944451
rt,3.02,C08,C08B,.3804009791929275
ur,1.01,G01,G01L,.3804112672805786
dt,2.03,H05,H05G,.3805555626749992
lj,3.02,G10,G10L,.3807423040270805
az,3.02,H04,H04B,.3809523889794946
oe,5.06,A47,A47B,.3809523917734623
qj,2.05,H04,H04B,.3809523917734623
pk,2.05,G07,G07C,.3809523917734623
cq,1.06,B61,B61D,.3809523917734623
qf,9,E04,E04H,.3809523917734623
db,2.08,C01,C01C,.3809523917734623
qa,3.01,B61,B61D,.3809523917734623
ex,1.02,F01,F01L,.3809523917734623
dr,1.06,B61,B61D,.3809523917734623
im,2.01,E05,E05F,.3809523917734623
pi,1.06,A22,A22B,.3809523954987526
ju,4.01,C08,C08J,.3811594322323799
dm,3.02,C05,C05F,.3817982599139214
hy,1.06,A01,A01C,.3818414062261581
qe,2.09,A22,A22C,.3818518500775099
pc,5.02,A23,A23L,.3819758780300617
cl,9,H05,H05B,.3820346370339394
mc,1.06,G01,G01T,.3821560686919838
pu,2.03,F28,F28C,.3822751343250275
co,1.06,C06,C06B,.3823529444634914
fi,1.04,C23,C23F,.3824593219906092
le,1.05,C11,C11B,.382539686281234
cn,5.01,H05,H05B,.382623229175806
ox,6.02,G09,G09G,.3828125
uh,1.03,B24,B24D,.3828502427786589
rb,2.02,H03,H03B,.3828502427786589
dw,1.04,G02,G02C,.382867144420743
er,1.02,H04,H04K,.3829365149140358
ea,1.04,A45,A45D,.3830645158886909
ot,6.02,A61,A61L,.383134133880958
ju,4.01,A21,A21D,.3832751408917829
if,2.11,E02,E02B,.3833333346992731
po,1.01,B64,B64D,.3833333365619183
af,4.05,G07,G07F,.3833333402872086
qq,1.05,E04,E04F,.3833333402872086
hb,5.03,A23,A23G,.3833333440124989
pe,5.02,F23,F23N,.3833333440124989
cn,5.01,G01,G01M,.3833333440124989
ia,3.02,B02,B02C,.3833333440124989
ec,1.04,B05,B05B,.3833333440124989
ii,2.04,A01,A01D,.3833333440124989
qf,9,G08,G08G,.3833333440124989
ae,4.05,C07,C07J,.3833333440124989
fy,3.02,C25,C25D,.3833333440124989
cn,5.01,A61,A61D,.3833333440124989
hq,1.04,B66,B66C,.3833333440124989
ji,5.01,F15,F15B,.3833333440124989
he,5.03,A01,A01N,.3833333440124989
ou,1.06,C08,C08J,.3833333440124989
pm,2.05,E05,E05F,.3833333440124989
oy,9,C25,C25B,.3833333440124989
ub,1.03,F23,F23R,.3833333440124989
gc,1.05,E04,E04B,.3833333440124989
pw,2.06,B41,B41J,.3833333440124989
pk,2.05,B60,B60W,.3833333440124989
sr,2.07,H03,H03D,.3833397049456835
hl,3.03,B22,B22F,.3834745762869716
si,1.05,H01,H01J,.3838307112455368
ya,3.02,B21,B21D,.3839285718277097
ur,1.01,G01,G01H,.3839285746216774
ii,2.04,B28,B28D,.3840090092271566
fi,1.04,F41,F41H,.3842506320215762
cn,5.01,A23,A23D,.3846153896301985
ru,3.01,A23,A23F,.3847033781930804
dx,3.01,D01,D01F,.3849123390391469
my,5.01,A61,A61L,.3850697372108698
ma,3.02,A47,A47J,.385128216817975
id,2.07,G21,G21B,.3855266571044922
si,1.05,C08,C08B,.3856837674975395
uh,1.03,B02,B02C,.3857142981141806
ja,1.05,E21,E21C,.3858695765957236
pa,6.02,C05,C05G,.385964922606945
qf,9,C25,C25B,.3859940525144339
rb,2.02,C40,C40B,.3860759963281453
vi,5.01,B64,B64D,.3861111160367727
iu,2.03,G16,G16H,.3862510295584798
pt,3.03,H04,H04S,.3863053740933537
jb,5.07,G07,G07C,.38636364787817
wm,5.04,B25,B25J,.3869010112248361
ds,3.02,G11,G11C,.3869047621265054
tu,3.01,H01,H01S,.3869714066386223
ve,3.02,A24,A24D,.3871212191879749
ub,1.03,A23,A23P,.3874597027897835
qq,1.05,B63,B63G,.3875000029802322
ig,2.06,C05,C05G,.3875000029802322
if,2.11,G03,G03C,.3875000034458935
qe,2.09,C13,C13K,.3880425160750747
ye,2.02,C01,C01G,.3880445826798677
km,1.06,G05,G05D,.3881381470710039
um,3.01,F24,F24F,.3882205532863736
qe,2.09,A23,A23K,.3882478675805032
er,1.02,G01,G01H,.3883333336561918
ev,1.02,C03,C03B,.3884058054536581
es,2.02,B09,B09C,.3884630668908358
cn,5.01,G08,G08B,.3885555630549788
oa,2.11,C12,C12R,.3886002991348505
ht,1.06,A23,A23L,.3887384661938995
ye,2.02,A63,A63G,.388803455978632
pu,2.03,G21,G21D,.3888888899236917
ai,2.03,A61,A61G,.3888888917863369
iu,2.03,F42,F42C,.3888888917863369
oa,2.11,G04,G04R,.3888888917863369
ix,2.07,G08,G08B,.3888888917863369
co,1.06,E04,E04C,.3888888917863369
fa,2.01,E01,E01B,.3888888955116272
ij,2.11,B24,B24C,.3888888955116272
ht,1.06,H04,H04J,.3888888955116272
sd,3.02,B64,B64C,.3888888955116272
ns,2.01,C21,C21C,.3888888955116272
zq,2.07,G21,G21D,.3888888955116272
ai,2.03,D21,D21F,.3888888955116272
uh,1.03,F01,F01K,.3888888955116272
pu,2.03,B21,B21K,.3888888955116272
yq,5.07,H03,H03C,.3888888955116272
im,2.01,B60,B60N,.3888888992369175
cu,1.06,F01,F01L,.3888888992369175
ae,4.05,C12,C12C,.3888888992369175
po,1.01,A61,A61C,.3888888992369175
er,1.02,B07,B07C,.3888888992369175
co,1.06,F04,F04F,.3888888992369175
ga,3.02,A23,A23D,.3888888992369175
wu,5.04,C10,C10L,.3888888992369175
bd,1.06,B63,B63B,.3888888992369175
ky,1.05,B01,B01J,.3888888992369175
dw,1.04,F23,F23L,.3888888992369175
im,2.01,C22,C22F,.3888888992369175
ru,3.01,F26,F26B,.3888888992369175
fs,6.04,G05,G05D,.3888888992369175
qa,3.01,F03,F03G,.3888888992369175
zm,1.06,C10,C10L,.3888888992369175
qq,1.05,C11,C11B,.3888888992369175
pq,1.01,G03,G03H,.3888888992369175
di,5.02,G01,G01B,.3888888992369175
yr,2.01,A47,A47K,.3888888992369175
co,1.06,B41,B41F,.3888888992369175
mm,6.01,C03,C03C,.3888888992369175
ew,1.02,F17,F17D,.3888888992369175
ve,3.02,B06,B06B,.3888888992369175
ye,2.02,A47,A47K,.3888888992369175
pm,2.05,D01,D01C,.3888888992369175
di,5.02,B65,B65H,.3888888992369175
mu,4.01,A01,A01K,.3890915997326374
un,1.03,F24,F24S,.3893939424306154
di,5.02,H03,H03H,.3896011505275965
ht,1.06,B25,B25J,.389634745195508
et,1.02,F03,F03G,.3896353715099394
ip,2.07,A61,A61F,.3896520268172026
zr,1.05,H04,H04B,.3897347438614815
ev,1.02,E21,E21C,.3898809552192688
ma,3.02,A01,A01H,.3899729009717703
ah,4.01,A61,A61M,.3899749470874667
te,1.05,A61,A61M,.390043300576508
pn,1.01,B66,B66B,.3901515156030655
qf,9,H02,H02M,.3902369304560125
rb,2.02,G01,G01G,.3904312700033188
xa,5.04,H03,H03H,.3904761988669634
vx,5.01,A61,A61H,.3905819794163108
um,3.01,B05,B05B,.3911851304583251
iy,1.06,C10,C10L,.3912226231768727
xq,2.11,C05,C05F,.3912393227219582
lj,3.02,C08,C08J,.3914141524583101
li,3.02,C08,C08J,.3914141524583101
dr,1.06,B05,B05D,.3915682116057724
aa,1.03,C10,C10G,.3916666693985462
mu,4.01,G05,G05D,.3916666731238365
ya,3.02,E04,E04B,.3916666731238365
yp,3.02,E04,E04B,.3916666731238365
vi,5.01,C23,C23C,.3916666731238365
ja,1.05,E06,E06B,.3916666731238365
cq,1.06,C25,C25C,.3916666731238365
mu,4.01,C11,C11D,.3916666740551591
il,2.07,G01,G01W,.3916666768491268
nq,5.01,F21,F21V,.391666678711772
rt,3.02,C40,C40B,.3918634746223688
sd,3.02,C08,C08H,.3919491535052657
op,3.03,G01,G01B,.3921568654477596
ka,4.01,B22,B22F,.3921568728983402
fy,3.02,D04,D04H,.3921568728983402
uh,1.03,G07,G07B,.3921568728983402
ae,4.05,F02,F02C,.3923077043145895
dt,2.03,F01,F01B,.3923611119389534
lq,3.03,C12,C12P,.3924218341708183
tm,3.01,A61,A61C,.3925471561960876
oo,3.03,B01,B01D,.3928571436554193
sy,1.03,C08,C08B,.3928571455180645
bk,6.04,F42,F42B,.3928571492433548
fy,3.02,H03,H03F,.3928571492433548
dk,5.02,B60,B60W,.3928571492433548
su,3.02,C01,C01G,.3928571492433548
aq,3.02,C08,C08J,.3928571492433548
uf,1.03,D21,D21H,.3928571492433548
yi,6.03,H02,H02M,.3928571492433548
ex,1.02,B63,B63B,.3928571492433548
ub,1.03,B26,B26F,.3928571511059999
mm,6.01,C25,C25B,.3933473490178585
dw,1.04,F01,F01K,.3936508037149906
xq,2.11,G01,G01G,.3938172040507197
ox,6.02,C12,C12N,.3938729106448591
re,1.05,G01,G01F,.3939393982291222
qa,3.01,H02,H02M,.3939394056797028
pq,1.01,C12,C12Y,.3940594238229096
su,3.02,G01,G01C,.3941569002345204
rt,3.02,C07,C07B,.3942952277138829
pe,5.02,B01,B01L,.3942965713795274
iy,1.06,H03,H03G,.3944327831268311
uu,5.06,C10,C10M,.394444452598691
ip,2.07,B82,B82Y,.3945215661078691
gc,1.05,C07,C07F,.3946886565536261
ka,4.01,B30,B30B,.3948412798345089
yp,3.02,G01,G01L,.3950724732130766
we,3.02,A24,A24D,.3954545482993126
ds,3.02,A24,A24D,.3954545482993126
iu,2.03,E01,E01F,.3956521898508072
un,1.03,H02,H02S,.395833333954215
re,1.05,H01,H01S,.3958333358168602
ew,1.02,A63,A63C,.3958333358168602
ub,1.03,B61,B61D,.3958333358168602
vy,3.02,B26,B26F,.3958333432674408
ac,2.02,A23,A23K,.3958333432674408
pe,5.02,C08,C08K,.3958333432674408
gc,1.05,C10,C10J,.3958333432674408
ml,9,G08,G08G,.3958333432674408
ih,2.07,B23,B23H,.3958333432674408
pz,2.05,C07,C07J,.3958333432674408
ka,4.01,G01,G01H,.3958333432674408
ou,1.06,H04,H04M,.3958333432674408
vy,3.02,F02,F02K,.3958333432674408
zd,9,B29,B29D,.3958333432674408
qf,9,F41,F41H,.3958333432674408
vm,5.06,C08,C08F,.3958333432674408
fi,1.04,C08,C08C,.3958333446644247
ns,2.01,E04,E04H,.3958333451300859
dt,2.03,A23,A23C,.3960114065557718
yr,2.01,C12,C12M,.3960114065557718
ev,1.02,A23,A23C,.3964266814291477
ky,1.05,C12,C12Q,.396521377377212
qa,3.01,C11,C11C,.3965686378069222
dx,3.01,B03,B03C,.396706847473979
ot,6.02,H01,H01P,.3967391308397055
ip,2.07,E21,E21D,.3967803148552775
fs,6.04,A47,A47C,.396825410425663
ds,3.02,C08,C08H,.3969090380705893
ee,1.04,G06,G06N,.3971386784687638
cn,5.01,H04,H04H,.3976190499961376
dm,3.02,C25,C25D,.3976190574467182
fi,1.04,G01,G01P,.3976608291268349
wv,3.03,H01,H01R,.3977272734045982
ad,4.02,C13,C13K,.3977571404539049
ze,1.06,C08,C08F,.3978689149953425
cq,1.06,B03,B03D,.3979853531345725
wv,3.03,C09,C09K,.3980392189696431
up,1.03,H02,H02K,.3981481492519379
rb,2.02,A01,A01M,.3981481585651636
oo,3.03,B32,B32B,.3982142880558968
qh,2.05,C08,C08C,.3983516655862331
ei,1.04,F04,F04D,.3984547257423401
ya,3.02,G06,G06G,.398729951120913
qf,9,G05,G05F,.3988372199237347
hb,5.03,G03,G03H,.3992324620485306
qj,2.05,A61,A61M,.3993824021890759
ub,1.03,A46,A46B,.3996913582086563
dk,5.02,G07,G07C,.3997326232492924
zd,9,C09,C09B,.400000000372529
ua,6.03,F21,F21V,.4000000059604645
uy,1.04,F03,F03B,.4000000059604645
sr,2.07,C08,C08K,.4000000059604645
ad,4.02,F04,F04D,.4000000059604645
fe,5.05,H05,H05C,.4000000059604645
qq,1.05,B21,B21B,.4000000059604645
ph,6.02,B25,B25J,.4000000059604645
sd,3.02,G01,G01K,.4000000059604645
xa,5.04,C02,C02F,.4000000059604645
ii,2.04,D01,D01G,.4000000059604645
gc,1.05,A21,A21B,.4000000059604645
ex,1.02,C21,C21B,.4000000059604645
ve,3.02,E03,E03B,.4000000059604645
qq,1.05,B22,B22C,.4000000059604645
uf,1.03,D04,D04C,.4000000059604645
dr,1.06,A22,A22B,.4000000059604645
di,5.02,C21,C21B,.4000000059604645
pe,5.02,B81,B81C,.4000000059604645
ma,3.02,A22,A22B,.4000000059604645
bf,5.04,C03,C03C,.4000000059604645
az,3.02,B04,B04B,.4000000059604645
sr,2.07,C09,C09C,.4000000059604645
mu,4.01,C22,C22B,.4000000059604645
mm,6.01,B42,B42F,.4000000059604645
le,1.05,F24,F24C,.4000000059604645
om,5.05,H05,H05C,.4000000059604645
sy,1.03,C01,C01D,.4000000059604645
sr,2.07,A01,A01N,.4000000059604645
qq,1.05,G10,G10H,.4000000059604645
ct,9,A22,A22B,.4000000059604645
ku,5.07,C09,C09C,.4000000059604645
ha,5.03,D06,D06L,.4000000059604645
ka,4.01,C25,C25D,.4000000059604645
pu,2.03,D07,D07B,.4000000059604645
bk,6.04,C22,C22B,.4000000059604645
ku,5.07,C08,C08K,.4000000059604645
sy,1.03,H05,H05C,.4000000059604645
dm,3.02,A22,A22B,.4000000059604645
pk,2.05,F25,F25D,.4000000059604645
ro,1.07,H05,H05C,.4000000059604645
ku,5.07,B02,B02C,.4000000059604645
ry,2.03,B05,B05B,.4000000059604645
ky,1.05,A61,A61F,.4000000059604645
uf,1.03,B09,B09B,.4000000059604645
iq,2.02,H05,H05C,.4000000059604645
uy,1.04,G21,G21H,.4000000059604645
xw,3.03,F04,F04F,.4000000059604645
uf,1.03,D07,D07B,.4000000059604645
vy,3.02,F24,F24F,.4000000096857548
pm,2.05,B27,B27C,.4000000134110451
ct,9,F01,F01N,.4000000134110451
bv,5.01,B29,B29C,.4000000134110451
vy,3.02,F16,F16C,.4000000134110451
pw,2.06,G01,G01T,.4000000134110451
fi,1.04,F28,F28D,.4000000134110451
lq,3.03,G08,G08B,.4000000134110451
xa,5.04,E04,E04C,.4000000134110451
ns,2.01,G08,G08G,.4000000134110451
bu,1.03,G04,G04F,.4000000134110451
op,3.03,F41,F41H,.4000000134110451
yo,3.01,G01,G01S,.4000000134110451
da,1.06,F16,F16J,.4000000134110451
tm,3.01,F41,F41H,.4000000134110451
dk,5.02,A62,A62C,.4000000134110451
ma,3.02,G10,G10H,.4000000134110451
ns,2.01,B27,B27C,.4000000134110451
fa,2.01,F04,F04D,.4000000134110451
qu,1.06,B64,B64D,.4000000134110451
pu,2.03,G21,G21F,.4000000134110451
ht,1.06,G08,G08B,.4000000134110451
rp,6.04,B01,B01F,.4000000134110451
ui,1.03,C06,C06D,.4000000134110451
yr,2.01,B60,B60J,.4000000134110451
po,1.01,C09,C09D,.4000000134110451
ah,4.01,C12,C12F,.4000000143423676
ct,9,C40,C40B,.4000355154857971
ih,2.07,C12,C12Y,.4001111355610192
ew,1.02,F03,F03G,.4002777840942144
ik,2.11,B05,B05C,.4003623267635703
az,3.02,G07,G07F,.4004329144954681
qc,6.02,C07,C07H,.4004385992884636
ox,6.02,C12,C12P,.4005776424892247
hl,3.03,G05,G05D,.4006602405570447
ue,2.11,A01,A01N,.4007639191113412
zk,9,A61,A61Q,.4011357533745468
if,2.11,C11,C11B,.4011427317745984
ih,2.07,A21,A21D,.4012978239916265
ij,2.11,A61,A61J,.4014880975009874
ig,2.06,A61,A61D,.4015151560306549
gm,3.03,C07,C07F,.4015287193469703
td,3.02,A63,A63F,.4015542678534985
un,1.03,C08,C08G,.4015754333231598
pi,1.06,C12,C12Y,.4016134066041559
uy,1.04,H03,H03L,.4016666729003191
de,1.06,C10,C10B,.40189118986018
vj,5.01,G07,G07C,.4019230827689171
cu,1.06,C11,C11C,.4023003233596683
qh,2.05,C11,C11D,.4023809656500816
ip,2.07,A23,A23L,.4027777835726738
cl,9,B81,B81B,.4027777854353189
pt,3.03,B62,B62K,.4027777854353189
fa,2.01,F02,F02M,.4027777872979641
er,1.02,H03,H03F,.402958159102127
xy,1.01,H04,H04S,.4030448831617832
si,1.05,C25,C25B,.403314042603597
zc,4.03,G21,G21K,.4034090936183929
rb,2.02,A63,A63G,.4035087823867798
qg,2.05,F41,F41A,.4037267090752721
pu,2.03,B28,B28D,.4037434058263898
hf,6.03,H05,H05K,.4037698432803154
po,1.01,F02,F02D,.4037698516622186
ka,4.01,A23,A23L,.403947377577424
bm,5.07,C07,C07K,.4039571159519255
hf,6.03,C22,C22C,.4045289950445294
uf,1.03,G08,G08B,.4045291654765606
bf,5.04,A63,A63B,.4045893736183643
om,5.05,G10,G10H,.4047619104385376
dr,1.06,F04,F04D,.4047619178891182
ps,5.04,E04,E04B,.4047619178891182
ei,1.04,C23,C23D,.4047619178891182
mc,1.06,F04,F04D,.4047619178891182
km,1.06,B26,B26B,.4047619178891182
yi,6.03,F21,F21V,.4047619178891182
vx,5.01,C07,C07J,.4047619178891182
ds,3.02,F41,F41H,.4047619178891182
vs,5.01,H04,H04M,.4047619178891182
ua,6.03,G01,G01K,.4047619178891182
hl,3.03,C22,C22B,.4047619178891182
ye,2.02,G05,G05G,.4047619178891182
kv,1.05,A61,A61C,.4047619178891182
ma,3.02,B41,B41M,.4047619178891182
da,1.06,F25,F25D,.4050179272890091
pi,1.06,B64,B64C,.4053379525430501
dt,2.03,G01,G01W,.4055555574595928
xe,4.01,A61,A61M,.4055555574595928
hf,6.03,A23,A23L,.4056450999341905
sr,2.07,B02,B02C,.4061728455126286
un,1.03,F24,F24D,.40625
wf,1.06,G01,G01R,.40625
ip,2.07,B03,B03B,.4064102699048817
un,1.03,B01,B01L,.4065789496526122
cl,9,B82,B82Y,.4068181850016117
yy,5.07,C07,C07K,.4068955935072154
er,1.02,G05,G05F,.4069264112040401
ec,1.04,C13,C13K,.4069264186546206
cq,1.06,A47,A47B,.4070512941107154
pz,2.05,G06,G06G,.4071327690035105
cq,1.06,Y02,Y02P,.4071428596507758
wv,3.03,H04,H04J,.4072358217090368
ro,1.07,F03,F03H,.4072580710053444
bu,1.03,G07,G07F,.4072681814432144
pe,5.02,E02,E02F,.4074074141681194
mc,1.06,H03,H03H,.4075851860688999
pu,2.03,G03,G03H,.4077777871862054
pi,1.06,G01,G01C,.4079702571034431
si,1.05,C09,C09D,.4080026531592011
mc,1.06,B01,B01F,.4084637649357319
we,3.02,H04,H04R,.4087024219334126
pi,1.06,C09,C09J,.4088180758990347
sr,2.07,H04,H04K,.4089372083544731
xw,3.03,C12,C12M,.4089427762664855
po,1.01,B23,B23K,.4089912381023169
xe,4.01,A01,A01D,.4090909138321877
dx,3.01,A47,A47L,.4090909222140908
qe,2.09,G01,G01M,.4094827622175217
dx,3.01,B63,B63B,.4095238158479333
ew,1.02,A23,A23J,.4095238223671913
pu,2.03,F02,F02P,.4097222238779068
ik,2.11,A01,A01G,.4097222294658422
uf,1.03,C08,C08G,.4097272315993905
yr,2.01,H05,H05H,.4098515640944242
ma,3.02,B62,B62D,.4102564230561256
li,3.02,H04,H04J,.4102564230561256
mm,6.01,H04,H04S,.4102564230561256
dx,3.01,A61,A61H,.4105148790404201
cu,1.06,A47,A47J,.4106349274516106
re,1.05,G01,G01B,.4107142873108387
if,2.11,A61,A61J,.410714291036129
iy,1.06,G06,G06N,.4107142984867096
ep,1.02,B09,B09C,.4108115583658218
if,2.11,F15,F15C,.4108497106935829
ac,2.02,B65,B65F,.4108796324580908
cq,1.06,E02,E02F,.4111111126840115
ct,9,G03,G03F,.4111111173406243
gc,1.05,D21,D21H,.4112523552030325
yo,3.01,G01,G01V,.4112554155290127
ec,1.04,C12,C12Y,.4113621395081282
cq,1.06,A47,A47G,.4116182210855186
wh,3.02,A23,A23C,.4118993170559406
eq,3.01,C07,C07J,.4120370373129845
ew,1.02,B24,B24D,.4120370410382748
pu,2.03,B02,B02C,.4120370484888554
ns,2.01,A62,A62B,.4122474789619446
hy,1.06,C01,C01B,.4123376756906509
iq,2.02,A23,A23D,.4125000014901161
sr,2.07,C03,C03C,.4125000014901161
rx,3.02,C09,C09J,.4125000052154064
hq,1.04,F25,F25D,.4125000089406967
ji,5.01,F21,F21V,.412500012665987
ev,1.02,G03,G03H,.4125000131316483
ee,1.04,G09,G09B,.4125494351610541
my,5.01,G06,G06N,.4125998830422759
un,1.03,C01,C01D,.4126984179019928
vy,3.02,D04,D04G,.4126984216272831
td,3.02,G01,G01F,.4126984290778637
zc,4.03,C11,C11C,.4128908256534487
ue,2.11,B22,B22F,.4131955150514841
iu,2.03,C06,C06D,.4133333340287209
uk,1.03,C13,C13K,.4133333414793015
jb,5.07,A47,A47C,.4133333414793015
es,2.02,F01,F01D,.4133333470672369
vx,5.01,G01,G01V,.4133403468877077
vy,3.02,G10,G10H,.4134214287623763
ih,2.07,A01,A01M,.4134615398943424
ac,2.02,A01,A01C,.413461551303044
dr,1.06,D21,D21C,.4134912500157952
ns,2.01,G21,G21G,.4134920723736286
gu,1.06,A01,A01B,.4138888940215111
sr,2.07,B01,B01D,.4140645404113457
pd,6.02,C08,C08L,.4142857231199741
yo,3.01,F01,F01N,.4142857268452644
aa,1.03,F42,F42D,.4146062415093184
ex,1.02,B22,B22F,.4146446101367474
pk,2.05,F24,F24F,.4147058958187699
pu,2.03,G16,G16H,.4147547029424459
da,1.06,B06,B06B,.4147727396339178
rb,2.02,B22,B22C,.4149999991059303
dt,2.03,B25,B25J,.4150326875969768
et,1.02,G21,G21G,.4152777809649706
id,2.07,D01,D01D,.4152777828276157
ns,2.01,G08,G08C,.415873026009649
ij,2.11,H01,H01P,.4158730283379555
yr,2.01,C07,C07K,.4159138599643484
cl,9,F41,F41H,.4161290340125561
fi,1.04,D21,D21H,.4161518700420856
if,2.11,F17,F17D,.4162698499858379
ih,2.07,C21,C21D,.4165204698219895
un,1.03,F23,F23J,.4166666679084301
ur,1.01,G01,G01K,.4166666679084301
ea,1.04,F27,F27B,.4166666697710752
vi,5.01,B07,B07C,.4166666716337204
yq,5.07,H02,H02K,.4166666716337204
cn,5.01,H01,H01R,.4166666716337204
aa,1.03,B29,B29D,.4166666716337204
er,1.02,A47,A47C,.4166666716337204
hq,1.04,B09,B09C,.4166666716337204
ev,1.02,F27,F27D,.4166666716337204
bm,5.07,D01,D01F,.4166666716337204
uf,1.03,E01,E01C,.4166666716337204
pt,3.03,F21,F21V,.4166666716337204
hf,6.03,D21,D21G,.4166666716337204
er,1.02,F16,F16C,.4166666716337204
aq,3.02,B29,B29C,.4166666716337204
zd,9,E04,E04B,.4166666716337204
lq,3.03,B01,B01F,.4166666716337204
dt,2.03,F25,F25C,.4166666716337204
zr,1.05,C25,C25F,.4166666716337204
un,1.03,H04,H04Q,.4166666716337204
aq,3.02,B32,B32B,.4166666716337204
pk,2.05,F17,F17C,.4166666716337204
gu,1.06,G08,G08G,.4166666716337204
jo,5.04,A01,A01H,.4166666716337204
vy,3.02,D21,D21D,.4166666716337204
oa,2.11,F42,F42D,.4166666716337204
wc,3.03,B60,B60L,.4166666716337204
sy,1.03,F23,F23G,.4166666716337204
pq,1.01,C06,C06B,.4166666716337204
oy,9,G16,G16H,.4166666716337204
mr,6.01,H03,H03K,.4166666716337204
ye,2.02,F01,F01K,.4166666716337204
po,1.01,H03,H03K,.4166666716337204
ja,1.05,B60,B60S,.4166666716337204
ip,2.07,H04,H04Q,.4166666716337204
ix,2.07,G11,G11B,.4166666716337204
pz,2.05,B04,B04C,.4166666716337204
ac,2.02,A01,A01J,.4166666716337204
ew,1.02,F01,F01K,.4166666716337204
ma,3.02,E04,E04B,.4166666716337204
ia,3.02,B23,B23Q,.4166666716337204
fa,2.01,B64,B64C,.4166666716337204
ig,2.06,B60,B60H,.4166666716337204
ma,3.02,C25,C25F,.4166666716337204
cl,9,B64,B64D,.4166666716337204
if,2.11,F16,F16G,.4166666716337204
bp,6.04,B25,B25J,.4166666716337204
wq,5.01,B60,B60W,.4166666716337204
ga,3.02,B62,B62K,.4166666716337204
ha,5.03,H03,H03G,.4166666716337204
fs,6.04,G01,G01C,.4166666716337204
ye,2.02,B23,B23P,.4166666716337204
mm,6.01,H01,H01P,.4166666716337204
hi,5.01,G03,G03F,.4166666716337204
ua,6.03,B44,B44C,.4166666716337204
pt,3.03,F16,F16H,.4166666716337204
zr,1.05,H05,H05K,.4166666716337204
hl,3.03,C01,C01B,.4166666716337204
di,5.02,A01,A01C,.4166666716337204
vi,5.01,C02,C02F,.4166666716337204
uu,5.06,D21,D21F,.4166666716337204
jb,5.07,E02,E02F,.4166666716337204
gu,1.06,B61,B61L,.4166666716337204
dw,1.04,G07,G07C,.4166666716337204
db,2.08,F42,F42D,.4166666716337204
hl,3.03,H02,H02P,.4166666716337204
zm,1.06,H01,H01P,.4166666716337204
vp,3.03,G01,G01F,.4166666716337204
vx,5.01,B07,B07C,.4166666716337204
pc,5.02,H02,H02N,.4166666716337204
ia,3.02,B64,B64G,.4166666716337204
qg,2.05,G10,G10K,.4166666716337204
rb,2.02,A47,A47C,.4166666716337204
ad,4.02,G01,G01F,.4166666716337204
dw,1.04,C21,C21B,.4166666716337204
ki,3.02,E04,E04F,.4166666716337204
zk,9,F25,F25B,.4166666716337204
bp,6.04,F02,F02G,.4166666716337204
sy,1.03,F01,F01B,.4166666716337204
aa,1.03,D21,D21D,.4166666716337204
lj,3.02,A23,A23G,.4166666716337204
ea,1.04,C12,C12J,.4166666716337204
dt,2.03,B09,B09B,.4166666716337204
pm,2.05,F23,F23Q,.4166666716337204
mr,6.01,B01,B01D,.4166666716337204
qh,2.05,A01,A01G,.4166666716337204
di,5.02,H02,H02N,.4166666716337204
if,2.11,B27,B27K,.4166666716337204
oo,3.03,F25,F25J,.4166666716337204
jb,5.07,B01,B01L,.4166666716337204
pc,5.02,E04,E04C,.4166666716337204
qg,2.05,E04,E04F,.4166666716337204
hq,1.04,F23,F23N,.4166666716337204
pe,5.02,F16,F16G,.4166666716337204
tc,3.02,C22,C22B,.4166666716337204
sa,3.03,G09,G09F,.4166666716337204
zc,4.03,C11,C11B,.4166666716337204
da,1.06,G21,G21F,.4166666716337204
iq,2.02,A01,A01F,.4166666716337204
ja,1.05,F41,F41C,.4166666716337204
vx,5.01,F21,F21V,.4166666716337204
vj,5.01,F04,F04B,.4166666716337204
qq,1.05,F21,F21V,.4166666716337204
pm,2.05,E01,E01H,.4166666716337204
yi,6.03,F25,F25D,.4166666716337204
sr,2.07,G05,G05F,.4166666716337204
ry,2.03,E04,E04C,.4166666716337204
za,3.02,F28,F28F,.4166666716337204
pf,6.02,G01,G01V,.4166666716337204
wm,5.04,F25,F25J,.4166666716337204
fu,5.04,A61,A61N,.4166666716337204
po,1.01,B65,B65B,.4166666716337204
gu,1.06,F04,F04C,.4166666716337204
ot,6.02,G21,G21C,.4166666716337204
ox,6.02,B44,B44C,.4166666716337204
bk,6.04,B25,B25J,.4166666716337204
hf,6.03,F25,F25J,.4166666716337204
ve,3.02,F24,F24C,.4166666716337204
xe,4.01,F16,F16K,.4166666716337204
vy,3.02,F24,F24H,.4166666716337204
up,1.03,G01,G01H,.4166666716337204
ry,2.03,F02,F02D,.4166666716337204
ac,2.02,C11,C11B,.4166666716337204
un,1.03,G01,G01H,.4166666716337204
qf,9,B25,B25J,.4166666716337204
my,5.01,A24,A24F,.4166666716337204
wv,3.03,F25,F25J,.4166666716337204
er,1.02,B26,B26D,.4166666716337204
qh,2.05,D01,D01G,.4166666716337204
xq,2.11,G07,G07D,.4166666716337204
qe,2.09,F16,F16C,.4166666716337204
ig,2.06,F42,F42B,.4166666734963655
ns,2.01,H03,H03J,.4166666734963655
ky,1.05,D21,D21H,.4166666772216558
er,1.02,A01,A01D,.4166666772216558
er,1.02,A01,A01G,.4166666772216558
ui,1.03,A61,A61J,.4166666772216558
nn,3.03,G07,G07D,.416666679084301
ae,4.05,C12,C12F,.416666679084301
ix,2.07,F03,F03B,.416666679084301
hi,5.01,G01,G01S,.416666679084301
ur,1.01,B62,B62D,.416666679084301
vp,3.03,G01,G01N,.416666679084301
ai,2.03,B23,B23C,.416666679084301
er,1.02,G09,G09F,.416666679084301
gu,1.06,H03,H03H,.416666679084301
qf,9,E04,E04G,.416666679084301
ju,4.01,G06,G06K,.416666679084301
fe,5.05,H01,H01R,.416666679084301
po,1.01,C11,C11B,.416666679084301
ac,2.02,F23,F23J,.416666679084301
po,1.01,H02,H02H,.416666679084301
ei,1.04,A63,A63C,.416666679084301
bv,5.01,B68,B68B,.416666679084301
nu,5.08,H03,H03D,.416666679084301
vx,5.01,B68,B68B,.416666679084301
vi,5.01,E05,E05F,.416666679084301
di,5.02,G02,G02C,.416666679084301
jy,4.05,A47,A47F,.416666679084301
pu,2.03,A47,A47J,.416666679084301
gu,1.06,G05,G05F,.416666679084301
oa,2.11,F41,F41J,.416666679084301
cn,5.01,B68,B68B,.416666679084301
ah,4.01,C09,C09F,.416666679084301
db,2.08,H02,H02H,.416666679084301
cl,9,G07,G07F,.416666679084301
pk,2.05,B60,B60J,.416666679084301
up,1.03,A45,A45D,.416666679084301
rb,2.02,B65,B65D,.416666679084301
le,1.05,F17,F17D,.416666679084301
po,1.01,E04,E04C,.416666679084301
sy,1.03,F41,F41J,.416666679084301
iq,2.02,D21,D21B,.416666679084301
ac,2.02,C07,C07J,.416666679084301
zd,9,B02,B02C,.416666679084301
pe,5.02,C25,C25D,.416666679084301
pn,1.01,B30,B30B,.416666679084301
cn,5.01,B64,B64D,.416666679084301
oa,2.11,B63,B63J,.416666679084301
za,3.02,C10,C10G,.416666679084301
af,4.05,G01,G01R,.416666679084301
ae,4.05,E02,E02D,.416666679084301
td,3.02,G01,G01J,.416666679084301
yo,3.01,E03,E03B,.416666679084301
uk,1.03,G04,G04C,.416666679084301
gu,1.06,H02,H02K,.416666679084301
ve,3.02,B41,B41M,.416666679084301
sr,2.07,F03,F03B,.416666679084301
vi,5.01,H02,H02J,.416666679084301
yr,2.01,F25,F25B,.416666679084301
jb,5.07,B23,B23B,.416666679084301
yu,3.03,D06,D06M,.4166666828095913
lj,3.02,A61,A61H,.4168644393794239
pn,1.01,C25,C25B,.4169349148869514
sa,3.03,A61,A61D,.4171447758562863
up,1.03,C12,C12N,.4174733629915863
vy,3.02,H01,H01G,.4175526914186776
ni,3.01,H03,H03F,.4175724741071463
bu,1.03,H03,H03D,.4176522176712751
pw,2.06,C07,C07B,.4179361294955015
we,3.02,G05,G05D,.4179894365370274
er,1.02,B81,B81C,.4186692102812231
qa,3.01,D01,D01F,.4188020960427821
si,1.05,B25,B25J,.4188060825690627
za,3.02,G01,G01G,.4188679307699203
dt,2.03,C06,C06C,.4188888929784298
wc,3.03,G05,G05D,.4189201882109046
hb,5.03,A01,A01H,.4189935079775751
ns,2.01,B26,B26F,.4190476257354021
qe,2.09,G11,G11B,.4190476275980473
ht,1.06,C22,C22B,.4190476313233376
qq,1.05,C10,C10J,.4192097140476108
dy,1.04,B41,B41D,.4193548397161067
yo,3.01,H01,H01G,.4193965569138527
ev,1.02,C12,C12R,.4199194204993546
ik,2.11,H01,H01T,.419934643432498
le,1.05,C05,C05D,.4201388992369175
yu,3.03,C07,C07H,.420172221492976
xa,5.04,A23,A23K,.4202847816050053
pn,1.01,A23,A23L,.4203869178891182
eu,2.02,C12,C12P,.4208189633209258
aq,3.02,C09,C09K,.4210784342139959
mc,1.06,C09,C09D,.4212719360366464
yq,5.07,A61,A61B,.4212807731237262
pq,1.01,A23,A23F,.4214285761117935
ue,2.11,B44,B44C,.4214285779744387
ns,2.01,F03,F03B,.4214285789057612
zm,1.06,G01,G01W,.4215686377137899
or,5.09,A61,A61F,.4216673066839576
da,1.06,H01,H01S,.4218032446224242
sr,2.07,A61,A61L,.4219921864569187
uh,1.03,D02,D02G,.4220279771834612
aq,3.02,C40,C40B,.4221488593611866
nn,3.03,D06,D06M,.422222226858139
ad,4.02,D06,D06L,.422222226858139
eo,6.02,B01,B01D,.422222226858139
fy,3.02,D06,D06M,.422222226858139
bf,5.04,C22,C22B,.4222222305834293
uk,1.03,H03,H03J,.4224537070840597
ru,3.01,B29,B29D,.4225075375288725
uk,1.03,A47,A47G,.4225304331630468
ne,3.03,C05,C05F,.4225394725799561
uk,1.03,B24,B24C,.4226190485060215
uk,1.03,F02,F02K,.4226190596818924
az,3.02,A61,A61D,.4226293954998255
gc,1.05,B01,B01L,.4227272793650627
nn,3.03,A23,A23D,.4227919979020953
pu,2.03,A47,A47G,.4228205177932978
wc,3.03,C08,C08J,.4228991689160466
yq,5.07,G06,G06G,.4229166731238365
ku,5.07,G01,G01B,.4232026268728077
pe,5.02,G03,G03B,.423611119389534
tc,3.02,A41,A41C,.4236111217178404
tc,3.02,A47,A47L,.4238095288164914
pt,3.03,G01,G01M,.4240196202881634
rt,3.02,G01,G01G,.4240740779787302
hi,5.01,C12,C12Q,.4241323107853532
er,1.02,F02,F02C,.4242063574492931
ae,4.05,B25,B25J,.4242424294352531
rp,6.04,C01,C01F,.4242424368858337
zr,1.05,B29,B29B,.4242424368858337
uu,5.06,C22,C22F,.4242424368858337
dt,2.03,G07,G07C,.4244444463402033
nu,5.08,H03,H03B,.4250000007450581
oe,5.06,A23,A23K,.4250000026077032
nu,5.08,G01,G01Q,.4250000081956387
im,2.01,H01,H01G,.4250000109896064
ma,3.02,D21,D21H,.425141247920692
dm,3.02,C06,C06B,.4254902042448521
ei,1.04,G06,G06G,.4256334092933685
qj,2.05,G01,G01P,.425641031935811
cu,1.06,C12,C12H,.4257990913465619
hy,1.06,B01,B01J,.4259626364801079
im,2.01,B63,B63J,.4261363744735718
ur,1.01,G07,G07C,.4262820603325963
rt,3.02,H01,H01P,.4263285044580698
rt,3.02,G01,G01D,.4264705888926983
ij,2.11,G06,G06G,.4265301395207644
um,3.01,G01,G01D,.4269509967416525
ct,9,C08,C08F,.4269799650646746
sr,2.07,B61,B61L,.4270676765590906
ur,1.01,G01,G01Q,.4270911058411002
yr,2.01,B01,B01L,.4272523286053911
ns,2.01,C05,C05G,.4272727342322469
po,1.01,G11,G11C,.4272920335642993
qf,9,F28,F28D,.4273284394294024
fe,5.05,E21,E21B,.4273504391312599
ds,3.02,A61,A61D,.427515646442771
xy,1.01,B25,B25J,.4275889066047966
pf,6.02,C12,C12N,.4277156572788954
co,1.06,G21,G21H,.4277777913957834
io,2.07,C09,C09K,.4278109055012465
cq,1.06,C10,C10B,.4278992973268032
zk,9,A01,A01N,.4280303083360195
om,5.05,B01,B01F,.4282945860177279
pm,2.05,A23,A23P,.428416826762259
tq,3.02,A23,A23F,.4284313777461648
cu,1.06,C07,C07G,.4284797250293195
uh,1.03,B29,B29B,.4285714402794838
yr,2.01,H01,H01F,.4285714402794838
bk,6.04,C11,C11D,.4285714477300644
si,1.05,A47,A47B,.4285714477300644
ya,3.02,A47,A47D,.4285714477300644
uk,1.03,A61,A61H,.4287815252318978
ij,2.11,A23,A23C,.4287878833711147
ka,4.01,C13,C13K,.4289800832048059
ku,5.07,G08,G08G,.4291666718199849
ig,2.06,F02,F02D,.4291666718199849
dm,3.02,F02,F02C,.4291666764765978
yr,2.01,B81,B81C,.429344741627574
pu,2.03,E06,E06B,.4294117670506239
ip,2.07,C09,C09C,.4294871846213937
bq,6.05,C12,C12Y,.4295454593375325
qe,2.09,C12,C12R,.4297933429479599
qa,3.01,A61,A61G,.4300595382228494
ji,5.01,G02,G02F,.4301282130181789
xa,5.04,A23,A23L,.4301667399704456
uf,1.03,A01,A01K,.4303030371665955
dr,1.06,H04,H04S,.4304029438644648
ew,1.02,C10,C10L,.4305555559694767
mw,5.09,G01,G01S,.4305555559694767
ih,2.07,C09,C09J,.4305555578321218
kv,1.05,B60,B60R,.4305555615574121
ns,2.01,G21,G21B,.4305555634200573
jb,5.07,G08,G08C,.4305555634200573
ub,1.03,B60,B60B,.4305555634200573
ra,2.11,C40,C40B,.4305662927217782
qa,3.01,D01,D01D,.4307378814555705
xe,4.01,A61,A61Q,.4312500022351742
mq,6.01,H01,H01P,.4315476305782795
ve,3.02,G01,G01B,.431644881144166
un,1.03,H03,H03H,.4317307714372873
cq,1.06,C05,C05B,.4318181872367859
mc,1.06,B01,B01D,.4318428235128522
ac,2.02,G07,G07G,.4319841377437115
te,1.05,A01,A01N,.4319908898323774
aa,1.03,G01,G01T,.4320268982555717
ns,2.01,F24,F24S,.4322090051136911
ac,2.02,G07,G07B,.4322344437241554
le,1.05,F26,F26B,.4325396884232759
yq,5.07,C12,C12N,.4327281248988584
su,3.02,B01,B01L,.4327456089667976
xw,3.03,B25,B25J,.4327629576437175
ns,2.01,D21,D21C,.4328272491693497
da,1.06,B65,B65B,.4331865457352251
yu,3.03,C12,C12R,.4332868801429868
pi,1.06,A23,A23C,.4333333373069763
uf,1.03,A61,A61Q,.4333333373069763
vm,5.06,C07,C07F,.4333333373069763
si,1.05,H03,H03D,.4333333447575569
bv,5.01,C23,C23C,.4333333447575569
ex,1.02,B27,B27C,.4333333447575569
bp,6.04,B82,B82Y,.4333333447575569
ev,1.02,B27,B27C,.4333333447575569
id,2.07,E05,E05F,.4333333447575569
vy,3.02,B66,B66C,.4333333447575569
ku,5.07,C11,C11C,.4333333447575569
vm,5.06,C12,C12P,.4333333447575569
sa,3.03,B02,B02B,.4333333447575569
qq,1.05,B66,B66F,.4333333447575569
oz,6.02,C10,C10M,.4333333447575569
yr,2.01,F17,F17C,.4333333447575569
pq,1.01,G01,G01F,.4333333447575569
yi,6.03,C08,C08F,.4333333447575569
yy,5.07,C08,C08K,.4333333447575569
mq,6.01,C10,C10L,.4333333447575569
bu,1.03,F02,F02C,.4333333447575569
id,2.07,F41,F41B,.4333333447575569
ah,4.01,B62,B62D,.4333333447575569
es,2.02,F24,F24C,.4333333447575569
qq,1.05,B22,B22D,.4333333447575569
yp,3.02,B26,B26B,.4333333447575569
uq,5.07,G08,G08B,.4333333447575569
il,2.07,F02,F02B,.4333333447575569
ns,2.01,A01,A01B,.4333333447575569
ur,1.01,C08,C08B,.4333333447575569
km,1.06,B22,B22C,.4333333447575569
mm,6.01,C08,C08B,.4333333447575569
ig,2.06,B41,B41F,.4333333447575569
ue,2.11,A41,A41D,.4333333447575569
co,1.06,H01,H01P,.4333333484828472
ep,1.02,B29,B29D,.4333333484828472
qe,2.09,B29,B29B,.4334807032719254
ds,3.02,B01,B01L,.4337327404646203
io,2.07,B23,B23K,.433771938085556
ah,4.01,B07,B07C,.4339869394898415
ka,4.01,C10,C10B,.4343069270253181
ve,3.02,G01,G01F,.4345238152891397
ig,2.06,B21,B21D,.4345238152891397
rp,6.04,A23,A23B,.4345238208770752
bi,6.01,G10,G10L,.4345238208770752
zd,9,A61,A61C,.4345607105642557
jb,5.07,C01,C01B,.4346814546734095
co,1.06,B26,B26D,.4351466288790107
ec,1.04,H02,H02M,.4351561479270458
ne,3.03,A23,A23J,.4351851902902126
le,1.05,B02,B02C,.4351851902902126
im,2.01,D21,D21C,.4351851977407932
xq,2.11,H03,H03B,.4352272786200047
ne,3.03,B22,B22F,.4352661073207855
ry,2.03,C07,C07J,.4356317790225148
pn,1.01,B60,B60D,.4358974490314722
yo,3.01,B09,B09B,.4359649196267128
dx,3.01,A62,A62D,.4360387846827507
jy,4.05,C01,C01G,.4361009495332837
pi,1.06,C05,C05F,.4361111177131534
ue,2.11,B66,B66F,.4361111242324114
sy,1.03,B63,B63G,.4362318981438875
ru,3.01,A61,A61D,.4364075660705566
ev,1.02,B07,B07C,.436507947742939
xy,1.01,F02,F02D,.4365079486742616
mm,6.01,C07,C07J,.4366013193503022
af,4.05,A61,A61F,.4366522412747145
uh,1.03,F04,F04B,.436697016004473
hf,6.03,G01,G01S,.4370986488647759
pk,2.05,B21,B21J,.4371693255379796
we,3.02,C12,C12Y,.4373443715739995
hq,1.04,H04,H04J,.4374549617059529
ia,3.02,B25,B25F,.4374805893748999
sy,1.03,E02,E02D,.4375
qe,2.09,G07,G07F,.4375
id,2.07,B21,B21J,.4375
um,3.01,C12,C12G,.4375
il,2.07,B64,B64G,.4375
wv,3.03,H02,H02K,.4375000037252903
qe,2.09,D01,D01C,.4375000055879354
oa,2.11,B60,B60B,.4375000055879354
eu,2.02,B25,B25J,.4375000055879354
zr,1.05,B41,B41M,.4375529335811734
am,4.01,C10,C10J,.4375652163289487
mw,5.09,G01,G01N,.4377788063138723
gy,5.02,H01,H01F,.4378921841271222
dk,5.02,H01,H01S,.4379432685673237
jy,4.05,H01,H01F,.4380952455103397
xw,3.03,F04,F04D,.43809524923563
vi,5.01,G01,G01L,.4381410293281078
ns,2.01,H01,H01K,.4381481558084488
di,5.02,H01,H01F,.4382353057153523
oa,2.11,D06,D06M,.4383003227412701
my,5.01,C08,C08L,.4384615533053875
kv,1.05,A01,A01K,.4384702397510409
pu,2.03,A23,A23J,.4384920764714479
za,3.02,C40,C40B,.4390435605309904
qu,1.06,G01,G01B,.4391544526442885
dr,1.06,B42,B42D,.4392592702060938
pc,5.02,C07,C07H,.4393540523014963
ya,3.02,C01,C01G,.4393939450383186
pi,1.06,G05,G05B,.4393939450383186
op,3.03,A01,A01K,.4394007467199117
ae,4.05,A62,A62D,.4394085938110948
nq,5.01,H05,H05K,.4394841305911541
ot,6.02,C01,C01B,.4395417384803295
su,3.02,C04,C04B,.4396017612889409
nm,5.02,G01,G01N,.4398495135828853
da,1.06,A23,A23F,.4400796643458307
le,1.05,B63,B63G,.4402174074202776
pc,5.02,B25,B25J,.4402897860854864
cu,1.06,C23,C23C,.4403594899922609
ev,1.02,G01,G01Q,.4404209267813712
ra,2.11,C12,C12Y,.4404483512043953
de,1.06,E02,E02B,.4404762051999569
ig,2.06,G10,G10H,.4407339626923203
zr,1.05,B22,B22F,.4408974475227296
om,5.05,C12,C12M,.4409090951085091
pm,2.05,A46,A46B,.4413580298423767
il,2.07,C21,C21D,.4415204683318734
ep,1.02,A43,A43D,.4416666701436043
um,3.01,F28,F28F,.4416666757315397
vi,5.01,F21,F21K,.4416666775941849
il,2.07,H04,H04J,.44166667945683
ex,1.02,B22,B22C,.4416666813194752
qf,9,B24,B24D,.4420042531564832
ml,9,G09,G09B,.4422619137912989
yg,6.04,C12,C12Q,.4422636432573199
mu,4.01,G01,G01R,.4423077031970024
rb,2.02,B61,B61B,.4423077087849379
ac,2.02,F22,F22G,.4427083358168602
sy,1.03,B21,B21F,.4427083460614085
ta,1.06,C12,C12N,.4427979183383286
if,2.11,C10,C10J,.4430555617436767
ur,1.01,G01,G01D,.4440133161842823
cu,1.06,C08,C08H,.4444374395534396
ik,2.11,H03,H03C,.4444444477558136
ig,2.06,D21,D21C,.4444444477558136
le,1.05,H01,H01F,.4444444477558136
lq,3.03,B01,B01L,.4444444477558136
zr,1.05,B22,B22D,.4444444477558136
ui,1.03,G04,G04R,.4444444477558136
uf,1.03,C10,C10K,.4444444496184587
pj,2.05,F03,F03G,.4444444552063942
er,1.02,F03,F03D,.4444444552063942
dt,2.03,H01,H01K,.4444444552063942
im,2.01,C09,C09B,.4444444552063942
da,1.06,B64,B64C,.4444444552063942
tu,3.01,B60,B60S,.4444444552063942
vy,3.02,B60,B60G,.4444444552063942
qj,2.05,F03,F03G,.4444444552063942
cq,1.06,G21,G21C,.4444444552063942
uk,1.03,E04,E04B,.4444444552063942
or,5.09,F24,F24F,.4444444552063942
id,2.07,A47,A47C,.4444444552063942
mc,1.06,F03,F03D,.4444444552063942
id,2.07,A01,A01D,.4444444552063942
jo,5.04,G11,G11B,.4444444552063942
fi,1.04,C21,C21D,.4444444552063942
my,5.01,G01,G01R,.4444444552063942
hl,3.03,F16,F16F,.4444444552063942
pg,6.02,A63,A63F,.4444444552063942
ai,2.03,C10,C10J,.4444444552063942
ye,2.02,B60,B60J,.4444444552063942
ac,2.02,D21,D21H,.4444444552063942
or,5.09,B41,B41F,.4444444552063942
jy,4.05,A63,A63C,.4444444552063942
le,1.05,B60,B60P,.4444444552063942
yr,2.01,A41,A41D,.4444444552063942
gy,5.02,A63,A63C,.4444444552063942
fa,2.01,F24,F24C,.4444444552063942
rz,3.03,H01,H01B,.4444444552063942
vy,3.02,E05,E05B,.4444444552063942
ui,1.03,E01,E01C,.4444444552063942
pk,2.05,G07,G07F,.4444444552063942
dw,1.04,B21,B21C,.4444444552063942
iu,2.03,B27,B27G,.4444444552063942
pn,1.01,E02,E02D,.4444444552063942
ei,1.04,G08,G08G,.4444444552063942
ra,2.11,C25,C25F,.4444444552063942
ip,2.07,F01,F01C,.4444444552063942
hq,1.04,H02,H02B,.4444444552063942
id,2.07,H04,H04S,.4444444552063942
gu,1.06,B63,B63J,.4444444552063942
pu,2.03,H01,H01K,.4444444552063942
zr,1.05,F42,F42B,.4444444552063942
hi,5.01,C09,C09K,.4444444552063942
yp,3.02,H04,H04Q,.4444444552063942
ev,1.02,F24,F24C,.4444444552063942
xa,5.04,C09,C09B,.4444444552063942
zq,2.07,G21,G21G,.4444444552063942
af,4.05,A63,A63C,.4444444552063942
nn,3.03,H02,H02G,.4444444552063942
ml,9,G07,G07F,.4444444552063942
ew,1.02,E02,E02D,.4444444552063942
fa,2.01,F01,F01K,.4444444570690393
bm,5.07,A61,A61L,.444724558852613
fi,1.04,G05,G05D,.4448908851481974
fs,6.04,G06,G06N,.445039689540863
qf,9,B23,B23C,.4452381078153849
ex,1.02,B44,B44C,.4452381078153849
ra,2.11,C08,C08B,.4452838879078627
pk,2.05,C11,C11C,.4453441426157951
qg,2.05,A61,A61J,.445436523295939
po,1.01,F01,F01D,.4454545490443707
de,1.06,C07,C07B,.4455928863026202
sa,3.03,B01,B01L,.4457014345098287
pw,2.06,H04,H04R,.4459013324230909
ix,2.07,A61,A61K,.4459682803135365
wq,5.01,C07,C07K,.4459903256502002
uf,1.03,F23,F23C,.4464285783469677
gy,5.02,B81,B81C,.4467289391905069
pu,2.03,F01,F01L,.4472222253680229
ma,3.02,F04,F04B,.4472222272306681
gm,3.03,G01,G01V,.4472402669489384
pj,2.05,C12,C12M,.447417851537466
qa,3.01,B05,B05B,.4478148594498634
ps,5.04,G11,G11B,.4479166716337204
db,2.08,F41,F41H,.4480952466838062
co,1.06,A63,A63F,.4481209192890674
id,2.07,B81,B81B,.4481921843253076
lj,3.02,A23,A23L,.4484049815218896
hf,6.03,C12,C12Q,.4488670715363696
qj,2.05,A23,A23L,.4492753730155528
uf,1.03,B07,B07B,.4493464138358831
ij,2.11,H02,H02N,.4495370462536812
hb,5.03,G01,G01M,.4497810658067465
bu,1.03,E04,E04C,.4500000029802322
qu,1.06,E04,E04B,.4500000029802322
cn,5.01,B25,B25F,.4500000029802322
sr,2.07,B65,B65D,.4500000029802322
aa,1.03,B65,B65D,.4500000029802322
nu,5.08,C05,C05B,.4500000029802322
ha,5.03,H01,H01S,.4500000029802322
ik,2.11,B03,B03D,.4500000029802322
iu,2.03,D03,D03D,.4500000029802322
zr,1.05,C08,C08C,.4500000029802322
nq,5.01,H03,H03F,.4500000029802322
wc,3.03,C01,C01B,.4500000029802322
ma,3.02,F24,F24F,.4500000029802322
ue,2.11,D06,D06F,.4500000029802322
le,1.05,E04,E04C,.4500000029802322
lj,3.02,H02,H02G,.4500000029802322
rb,2.02,F15,F15D,.4500000029802322
bq,6.05,G01,G01J,.4500000029802322
vj,5.01,C10,C10M,.4500000029802322
oe,5.06,F21,F21S,.4500000029802322
si,1.05,D06,D06F,.4500000029802322
ew,1.02,B28,B28B,.4500000029802322
yp,3.02,B60,B60R,.4500000029802322
um,3.01,G21,G21C,.4500000029802322
ui,1.03,A47,A47C,.4500000029802322
nu,5.08,B42,B42C,.4500000029802322
eo,6.02,A63,A63C,.4500000029802322
fe,5.05,A01,A01N,.4500000029802322
qq,1.05,D06,D06P,.4500000029802322
vm,5.06,A63,A63C,.4500000029802322
eo,6.02,A61,A61Q,.4500000029802322
qh,2.05,G01,G01S,.4500000029802322
zk,9,H04,H04J,.4500000029802322
bq,6.05,F16,F16F,.4500000029802322
pe,5.02,A23,A23B,.4500000067055225
qq,1.05,F16,F16G,.4500000067055225
qh,2.05,F16,F16H,.4500000067055225
qf,9,C25,C25C,.4500000067055225
ac,2.02,B03,B03D,.4500000104308128
jy,4.05,H04,H04R,.4500000104308128
im,2.01,F28,F28F,.4500000104308128
oe,5.06,A43,A43B,.4500000104308128
ma,3.02,A45,A45C,.4500000104308128
eu,2.02,B01,B01D,.4500000104308128
ee,1.04,F17,F17D,.4500000104308128
vy,3.02,B03,B03B,.4500000104308128
il,2.07,F02,F02K,.4500000141561031
qq,1.05,B09,B09B,.4500000141561031
ih,2.07,F01,F01M,.4500000141561031
pu,2.03,G02,G02C,.4500733185559511
ee,1.04,A61,A61J,.4501859368756413
ik,2.11,C07,C07F,.4507069997489452
qe,2.09,G01,G01J,.4507655408233404
uh,1.03,G07,G07F,.4509157566353679
dx,3.01,B81,B81C,.4509157678112388
rz,3.03,C12,C12Y,.4509185329079628
zr,1.05,F27,F27B,.4510256526991725
ex,1.02,G01,G01H,.4510822556912899
ml,9,G16,G16H,.4512459514662623
uh,1.03,A21,A21D,.4512829435989261
yo,3.01,B05,B05B,.4513888945803046
ex,1.02,B03,B03C,.4513888992369175
yo,3.01,B08,B08B,.4515036842785776
qj,2.05,B65,B65B,.4515366535633802
sy,1.03,A62,A62C,.4518518634140491
rx,3.02,C12,C12Q,.451914984616451
pi,1.06,A21,A21D,.4519885991467163
sd,3.02,G10,G10H,.4520202111452818
up,1.03,H05,H05B,.4523809589445591
nu,5.08,B61,B61L,.4523809589445591
di,5.02,G10,G10H,.4523809663951397
ii,2.04,F24,F24T,.45238097012043
ue,2.11,H01,H01G,.4524853928014636
za,3.02,A23,A23G,.4526154529303312
pm,2.05,C07,C07G,.4527243692427874
ei,1.04,B26,B26B,.4529132759198546
ea,1.04,A01,A01D,.4529914632439613
ot,6.02,H01,H01S,.453145164065063
dt,2.03,G21,G21K,.4531609211117029
sy,1.03,F15,F15D,.4532894766889513
uh,1.03,H01,H01C,.4533508261665702
qh,2.05,F03,F03B,.4535714350640774
tm,3.01,B05,B05D,.4536187667399645
id,2.07,A21,A21D,.4536996334791183
qu,1.06,F42,F42B,.4537037070840597
qu,1.06,A46,A46B,.4537037089467049
uy,1.04,G07,G07F,.4537037089467049
ee,1.04,B29,B29D,.4537037163972855
ct,9,C07,C07H,.4542846997501329
vm,5.06,A01,A01K,.4544094915036112
ij,2.11,B28,B28D,.4547413792461157
da,1.06,F04,F04B,.4549313136376441
ps,5.04,C07,C07K,.4549600938335061
uf,1.03,F16,F16F,.4550646189600229
cl,9,C23,C23C,.4551282189786434
nq,5.01,B25,B25J,.4551632450893521
yr,2.01,H01,H01B,.4551971452310681
co,1.06,G01,G01D,.4553043767809868
we,3.02,G01,G01B,.4553708769381046
am,4.01,H01,H01B,.4555555675178766
jo,5.04,C09,C09D,.4555555693805218
ay,3.01,C01,C01B,.4555555693805218
if,2.11,B04,B04C,.4555555693805218
ai,2.03,A23,A23L,.4556151116266847
qj,2.05,G01,G01C,.4559387098997831
ba,3.02,A41,A41D,.4560091271996498
mr,6.01,G07,G07D,.4560825694352388
cu,1.06,A23,A23F,.4560900861397386
ub,1.03,C12,C12R,.4564670741092414
cn,5.01,G10,G10L,.4567016437649727
ht,1.06,C10,C10G,.4568681493401527
ct,9,A61,A61H,.4572712522931397
fy,3.02,H01,H01S,.4574253503233194
tu,3.01,C12,C12H,.457844108575955
qq,1.05,A23,A23K,.4579333360306919
ra,2.11,C07,C07F,.4579955255612731
rz,3.03,G06,G06N,.4580026548355818
wu,5.04,G01,G01F,.4582375586032867
ru,3.01,Y02,Y02A,.458333333954215
mc,1.06,H03,H03D,.4583333358168602
iu,2.03,A24,A24D,.4583333358168602
et,1.02,C23,C23D,.4583333358168602
ue,2.11,A43,A43D,.4583333358168602
sy,1.03,G06,G06J,.4583333358168602
oe,5.06,C10,C10L,.4583333358168602
re,1.05,F01,F01D,.4583333358168602
nu,5.08,C23,C23D,.4583333358168602
if,2.11,E02,E02D,.4583333358168602
xw,3.03,B62,B62J,.4583333358168602
er,1.02,G21,G21D,.4583333358168602
qf,9,F16,F16C,.4583333358168602
ur,1.01,F23,F23N,.4583333358168602
td,3.02,A01,A01H,.4583333395421505
ah,4.01,D01,D01F,.4583333395421505
ih,2.07,B04,B04B,.4583333395421505
il,2.07,H01,H01S,.4583333395421505
ip,2.07,G01,G01H,.4583333395421505
ja,1.05,B04,B04B,.4583333395421505
ni,3.01,F26,F26B,.4583333432674408
ea,1.04,B21,B21D,.4583333432674408
ya,3.02,B60,B60B,.4583333432674408
pc,5.02,A62,A62C,.4583333432674408
ry,2.03,B64,B64D,.4583333432674408
yq,5.07,B67,B67D,.4583333432674408
uu,5.06,H01,H01T,.4583333432674408
uk,1.03,A61,A61G,.4583333432674408
cn,5.01,C08,C08K,.4583333432674408
iq,2.02,B44,B44F,.4583333432674408
ep,1.02,C09,C09C,.4583333432674408
ui,1.03,A23,A23F,.4583333432674408
db,2.08,F03,F03G,.4583333432674408
ba,3.02,C09,C09J,.4583333432674408
ne,3.03,G04,G04B,.4583333432674408
ep,1.02,B60,B60M,.4583333432674408
pe,5.02,C25,C25B,.4583333432674408
ya,3.02,A62,A62D,.4583333432674408
td,3.02,C03,C03C,.4583333432674408
oa,2.11,C07,C07J,.4583333432674408
vj,5.01,B23,B23Q,.4583333432674408
tc,3.02,B60,B60C,.4583333432674408
ii,2.04,B60,B60D,.4583333432674408
hl,3.03,F27,F27D,.4583333432674408
ru,3.01,F02,F02N,.4583333432674408
ev,1.02,B23,B23B,.4583333432674408
ij,2.11,E04,E04G,.4583333432674408
ja,1.05,F16,F16B,.4583333432674408
ac,2.02,A63,A63D,.4583333432674408
si,1.05,F17,F17D,.4583333432674408
ac,2.02,B42,B42D,.4583333432674408
fa,2.01,H04,H04R,.4583333432674408
uf,1.03,F27,F27B,.4583333432674408
aa,1.03,F23,F23J,.4583333432674408
da,1.06,C01,C01D,.4583333432674408
ru,3.01,A63,A63J,.4583333432674408
ig,2.06,E02,E02F,.4583333432674408
dw,1.04,H02,H02H,.4583333432674408
qg,2.05,C08,C08H,.4583333432674408
rb,2.02,B29,B29D,.4583333432674408
pa,6.02,G09,G09F,.4583333432674408
di,5.02,G03,G03C,.4583333432674408
db,2.08,B06,B06B,.4583333432674408
pk,2.05,D03,D03D,.4583333432674408
ns,2.01,F23,F23C,.4583333432674408
xq,2.11,A46,A46B,.4583333432674408
sa,3.03,G07,G07C,.4583333432674408
ya,3.02,H01,H01H,.4583333432674408
er,1.02,D03,D03D,.4583333432674408
er,1.02,B05,B05B,.4583333432674408
qu,1.06,B24,B24B,.4583333432674408
rt,3.02,A45,A45C,.4583333432674408
uf,1.03,C09,C09B,.4583333432674408
ka,4.01,G07,G07C,.4583333432674408
rp,6.04,G01,G01V,.4583333432674408
uf,1.03,C22,C22F,.4583333432674408
ik,2.11,A01,A01M,.4583333432674408
ve,3.02,F02,F02N,.4583333432674408
iu,2.03,H01,H01K,.4583333441987634
rt,3.02,H02,H02H,.4583333469927311
le,1.05,G10,G10L,.4589646570384502
km,1.06,G03,G03C,.4592592623084784
ns,2.01,G21,G21C,.4593650847673416
ds,3.02,G01,G01G,.4594339653849602
jm,5.04,C07,C07C,.459649134427309
xy,1.01,C08,C08J,.4597546929726377
mc,1.06,C07,C07F,.4597668475471437
ea,1.04,B29,B29B,.4601449333131313
ii,2.04,G01,G01H,.4603174738585949
ea,1.04,B60,B60Q,.4603174738585949
rt,3.02,A23,A23J,.4604377150535583
oi,3.02,C08,C08G,.460869568400085
nq,5.01,H04,H04H,.4611111134290695
yq,5.07,F02,F02B,.4611111134290695
un,1.03,H02,H02N,.4613095265813172
db,2.08,G21,G21K,.4614561903290451
qu,1.06,C12,C12F,.4615384675562382
vx,5.01,B82,B82Y,.4615384787321091
my,5.01,A61,A61H,.4615497188642621
vy,3.02,A23,A23K,.4615542348474264
zd,9,C03,C03B,.4618055559694767
ma,3.02,C03,C03B,.4618055559694767
ds,3.02,C03,C03B,.4618055559694767
pe,5.02,C12,C12P,.4618352674879134
ml,9,C07,C07H,.4618425294756889
cl,9,A61,A61Q,.4619047734886408
zd,9,G21,G21G,.4621212184429169
rb,2.02,C09,C09J,.46230255253613
ih,2.07,B64,B64G,.4623456820845604
fy,3.02,B29,B29B,.4629629664123058
ee,1.04,G01,G01Q,.463028340600431
ze,1.06,H02,H02K,.4630801791790873
qu,1.06,A22,A22B,.464069277048111
yi,6.03,C07,C07H,.4641670533455908
am,4.01,G01,G01C,.4642204490955919
ka,4.01,H01,H01Q,.4645833447575569
ps,5.04,C12,C12N,.4646932492032647
tc,3.02,G10,G10L,.464880958199501
sa,3.03,H01,H01J,.4649070538580418
kv,1.05,C07,C07K,.4650469464249909
er,1.02,F22,F22B,.4650537669658661
ig,2.06,F15,F15B,.4651515241712332
pu,2.03,F23,F23L,.4652777779847383
ig,2.06,B62,B62K,.4652777854353189
im,2.01,B22,B22F,.4653432699851692
ht,1.06,C07,C07F,.4655706339981407
ni,3.01,C05,C05G,.4656250029802322
wf,1.06,C08,C08B,.4656997788697481
zd,9,H03,H03J,.4659090936183929
bk,6.04,C30,C30B,.4659090936183929
ct,9,H04,H04L,.4662267193198204
ye,2.02,C12,C12M,.4663431900553405
ds,3.02,A23,A23K,.466393455862999
de,1.06,B05,B05B,.4664251282811165
un,1.03,C11,C11B,.4665180137380958
pu,2.03,C11,C11B,.4665180137380958
qg,2.05,B44,B44D,.4666666705161333
jy,4.05,A01,A01L,.4666666761040688
sr,2.07,C12,C12P,.4666666761040688
iq,2.02,G09,G09D,.4666666779667139
wv,3.03,H03,H03M,.4666666798293591
sy,1.03,F23,F23D,.4666666798293591
ki,3.02,F21,F21V,.4666666835546494
vy,3.02,B42,B42D,.4667508509010077
vy,3.02,H03,H03L,.4667639853432775
ye,2.02,A61,A61C,.4672185778617859
ph,6.02,G06,G06T,.4672619178891182
ai,2.03,G08,G08C,.4674964058212936
nn,3.03,B03,B03C,.4675926007330418
hi,5.01,A61,A61F,.4677349859848619
uh,1.03,C40,C40B,.467976619489491
cn,5.01,A61,A61H,.4680495695210993
ii,2.04,B06,B06B,.4680555695667863
ht,1.06,C11,C11B,.468101353617385
ff,3.02,C12,C12P,.4681041920557618
gu,1.06,G03,G03B,.4681372651830316
pm,2.05,F04,F04F,.4681818294338882
bv,5.01,G09,G09F,.4682539794594049
fs,6.04,H01,H01G,.4682539813220501
vy,3.02,B05,B05C,.4683333355933428
zc,4.03,G01,G01J,.468660038895905
py,3.02,H01,H01S,.4686936978250742
ai,2.03,B01,B01L,.4687144714407623
ea,1.04,F23,F23C,.4687500037252903
bq,6.05,A62,A62D,.4688679277896881
kv,1.05,G06,G06N,.4688725592568517
ei,1.04,B60,B60K,.4690476320683956
qa,3.01,C03,C03C,.4690883262082934
ra,2.11,B24,B24B,.4693333450704813
ya,3.02,H03,H03F,.4693675972521305
da,1.06,B63,B63B,.4695238284766674
ep,1.02,H02,H02S,.4696969734504819
hq,1.04,A47,A47J,.4696969836950302
zm,1.06,H04,H04J,.4700272008776665
ae,4.05,C09,C09B,.4702380988746881
qq,1.05,F24,F24F,.4702381053939462
nq,5.01,G16,G16H,.4703505514189601
si,1.05,G16,G16H,.4703703769482672
ev,1.02,G03,G03C,.4703703820705414
er,1.02,G03,G03H,.4705808162689209
wv,3.03,B29,B29C,.4706439413130283
iu,2.03,H03,H03D,.4706705454736948
ea,1.04,F26,F26B,.4707532115280628
ig,2.06,B25,B25F,.4708480094559491
xy,1.01,B82,B82Y,.4709193016169593
um,3.01,C25,C25B,.4709523906931281
cq,1.06,A23,A23P,.47109000897035
za,3.02,G01,G01K,.4712987160310149
if,2.11,C13,C13K,.4713704907335341
nq,5.01,E21,E21B,.4716117288917303
co,1.06,H03,H03G,.4716666769236326
rb,2.02,G10,G10K,.4717037277296185
qh,2.05,H01,H01S,.4717857255600393
dq,9,C40,C40B,.4718645854154602
uk,1.03,C23,C23G,.4718971671536565
yu,3.03,A01,A01K,.4719271953217685
ht,1.06,C02,C02F,.472018483094871
aq,3.02,C07,C07F,.4721515472047031
zq,2.07,B23,B23P,.4722222238779068
fy,3.02,H04,H04J,.4722222238779068
re,1.05,B23,B23P,.4722222238779068
ig,2.06,D04,D04C,.4722222257405519
up,1.03,C01,C01G,.4722222276031971
if,2.11,B09,B09C,.4722222276031971
cq,1.06,C10,C10J,.4722222276031971
fa,2.01,G07,G07D,.4722222276031971
ij,2.11,F01,F01K,.4722222331911325
iy,1.06,A61,A61N,.4722222331911325
ii,2.04,B24,B24C,.4722222331911325
ex,1.02,D06,D06M,.4722222350537777
yr,2.01,C23,C23F,.4722222350537777
rb,2.02,B60,B60N,.4722222350537777
id,2.07,B64,B64D,.4723064042627811
uk,1.03,C07,C07B,.4726882390677929
up,1.03,C12,C12Q,.4727496961131692
ni,3.01,C05,C05F,.4729136629030108
aa,1.03,B03,B03B,.4729166775941849
uf,1.03,D06,D06M,.4736877903342247
ye,2.02,A01,A01M,.4738095309585333
ep,1.02,A01,A01M,.4738095365464687
ij,2.11,C23,C23F,.4738095384091139
co,1.06,C08,C08H,.4740941715426743
pw,2.06,G01,G01D,.4742424376308918
ff,3.02,G02,G02B,.4744047680869699
dm,3.02,G06,G06G,.474450396373868
za,3.02,C01,C01F,.4745098166167736
ns,2.01,F01,F01K,.4746031872928143
uh,1.03,C06,C06D,.4750000014901161
ij,2.11,B26,B26B,.4750000014901161
wm,5.04,H02,H02P,.4750000014901161
vi,5.01,F21,F21V,.4750000070780516
qg,2.05,H01,H01K,.4750000070780516
er,1.02,F24,F24F,.4750000089406967
wc,3.03,H01,H01S,.4750000108033419
up,1.03,C22,C22B,.4751253146678209
uf,1.03,C23,C23F,.4751462042331696
yr,2.01,G02,G02F,.475231496617198
ih,2.07,H03,H03M,.4753205236047506
ij,2.11,B64,B64B,.4753968305885792
sa,3.03,G05,G05D,.4754902012646198
qj,2.05,B22,B22F,.4754902087152004
mr,6.01,A61,A61B,.4755231704330072
ra,2.11,C11,C11B,.4758341945707798
ne,3.03,A45,A45D,.4760683849453926
xw,3.03,G05,G05D,.476190485060215
ii,2.04,C22,C22F,.4761904887855053
ha,5.03,B61,B61D,.4761904925107956
di,5.02,A61,A61C,.4761904925107956
uy,1.04,F16,F16M,.4761904925107956
bq,6.05,A23,A23C,.4761904925107956
ne,3.03,B64,B64B,.4761904925107956
cq,1.06,G04,G04G,.4761904925107956
oz,6.02,A23,A23B,.4761904925107956
ga,3.02,D21,D21F,.4761904925107956
zq,2.07,F16,F16F,.4761904925107956
hq,1.04,G04,G04B,.4761904925107956
if,2.11,B23,B23C,.4761904925107956
rz,3.03,G05,G05F,.4761904925107956
tu,3.01,B42,B42D,.4761904925107956
ua,6.03,F42,F42B,.4761904925107956
up,1.03,E04,E04B,.4761904925107956
az,3.02,H02,H02P,.4761904925107956
ur,1.01,B05,B05D,.4768468015827239
um,3.01,A01,A01G,.4769536135718226
pm,2.05,F23,F23J,.4769841376692057
ns,2.01,B64,B64B,.4769841395318508
yp,3.02,B25,B25J,.477272741496563
zq,2.07,G01,G01F,.477272741496563
ds,3.02,G08,G08C,.4776163250207901
ub,1.03,A21,A21B,.4777777809649706
wu,5.04,F16,F16D,.477777786552906
id,2.07,G03,G03C,.477777786552906
ex,1.02,A44,A44C,.477777786552906
zk,9,H01,H01J,.4777777902781963
yq,5.07,A63,A63F,.4777777921408415
id,2.07,C05,C05C,.4777777921408415
nn,3.03,C05,C05G,.4779411777853966
lq,3.03,C12,C12Q,.4779567535733804
ip,2.07,H01,H01J,.4782938233111054
pj,2.05,C10,C10B,.4783010818064213
td,3.02,C08,C08F,.4787179492413998
zd,9,B04,B04B,.4787194104865193
eo,6.02,G06,G06N,.4791666716337204
ad,4.02,A23,A23F,.4791666716337204
pt,3.03,F41,F41H,.4791666716337204
ou,1.06,C22,C22B,.4791666716337204
jy,4.05,B41,B41J,.4791666753590107
rb,2.02,D21,D21G,.479166679084301
wu,5.04,C30,C30B,.479166679084301
cn,5.01,C04,C04B,.479166679084301
uk,1.03,B21,B21J,.4791666809469461
ai,2.03,B42,B42D,.4793447330594063
op,3.03,A23,A23K,.4794740241486579
or,5.09,A61,A61Q,.4798611225560308
uy,1.04,G06,G06N,.4799818806350231
km,1.06,A01,A01M,.4800000116229057
qc,6.02,A61,A61N,.4801282100379467
oo,3.03,G06,G06K,.4801977528259158
kv,1.05,C12,C12N,.4803414409980178
cn,5.01,C08,C08L,.4805555650964379
ex,1.02,C30,C30B,.4809049195609987
mc,1.06,A01,A01N,.4811069394927472
ba,3.02,H04,H04B,.4811408463865519
co,1.06,B29,B29B,.4814814925193787
ns,2.01,C01,C01D,.4814814953133464
de,1.06,H03,H03M,.4818776110187173
im,2.01,B25,B25J,.482000526972115
es,2.02,F03,F03G,.4820510917343199
uu,5.06,F28,F28F,.4823789484798908
cn,5.01,G09,G09F,.4825396938249469
si,1.05,C08,C08J,.4826087080873549
im,2.01,C25,C25B,.4826762692537159
ro,1.07,F04,F04F,.4826839957386255
sa,3.03,A63,A63G,.4829545505344868
re,1.05,G10,G10L,.4830659590661526
da,1.06,A61,A61G,.4831635821610689
bi,6.01,B82,B82Y,.4832327459007502
ex,1.02,F28,F28F,.4833333361893892
oa,2.11,F17,F17D,.4833333361893892
un,1.03,H02,H02P,.4833333361893892
uy,1.04,C12,C12F,.4833333380520344
ij,2.11,E03,E03F,.4833333417773247
nu,5.08,G21,G21D,.4833333417773247
id,2.07,B21,B21F,.4833333417773247
uf,1.03,F17,F17D,.4833333417773247
ub,1.03,G04,G04D,.483333345502615
uu,5.06,A47,A47C,.4833333492279053
ah,4.01,A01,A01J,.4833333492279053
oa,2.11,G04,G04D,.4833333492279053
ma,3.02,A63,A63B,.4839743655174971
fa,2.01,F24,F24S,.4841269962489605
co,1.06,A23,A23B,.4845238216221333
co,1.06,H02,H02N,.4845679067075253
qc,6.02,C12,C12Q,.4848580602556467
ac,2.02,D21,D21D,.4848901168443263
ac,2.02,B29,B29D,.4849794269539416
zm,1.06,H04,H04R,.4851642400026321
nn,3.03,H01,H01J,.485309470212087
fa,2.01,C12,C12P,.4853517110459507
yo,3.01,G16,G16H,.4854700835421681
ja,1.05,F41,F41H,.4856372918002307
am,4.01,C10,C10B,.4856527952942997
py,3.02,G21,G21K,.4858058728277683
mu,4.01,H01,H01B,.4858585987240076
hy,1.06,A01,A01G,.4858776982873678
mm,6.01,E04,E04F,.4861111119389534
ra,2.11,B25,B25J,.4861111119389534
id,2.07,B60,B60C,.4861111119389534
pu,2.03,F01,F01B,.4861111138015985
ec,1.04,H01,H01P,.4861111165955663
ih,2.07,A61,A61C,.4861111231148243
pw,2.06,G05,G05B,.4861467001028359
zd,9,G01,G01P,.4871794953942299
qe,2.09,D04,D04B,.4871795028448105
am,4.01,D06,D06P,.4873015992343426
po,1.01,G06,G06G,.4873719634488225
if,2.11,G07,G07B,.4874359015375376
un,1.03,H05,H05B,.4875000007450581
qu,1.06,D06,D06L,.4875000026077032
gc,1.05,A23,A23K,.4875000175088644
ku,5.07,G01,G01R,.4875886607915163
ig,2.06,H02,H02P,.4878472276031971
ns,2.01,C11,C11B,.4879200394498184
ni,3.01,C22,C22B,.4880050625652075
gu,1.06,F01,F01N,.4880952462553978
ui,1.03,B60,B60W,.4880952462553978
iu,2.03,A42,A42B,.4880952537059784
hq,1.04,H02,H02K,.4881808366626501
wy,5.04,G01,G01R,.4884615428745747
pd,6.02,C08,C08K,.4884615428745747
ha,5.03,G10,G10K,.4888889007270336
im,2.01,C05,C05B,.4888889007270336
rp,6.04,A23,A23C,.4888889007270336
ry,2.03,C01,C01F,.4890422224998474
ky,1.05,G06,G06T,.4893460706807673
ur,1.01,G21,G21C,.4894841425120831
aa,1.03,B22,B22F,.4897429253906012
ka,4.01,A01,A01B,.4900000020861626
uh,1.03,D21,D21C,.4909184165298939
ru,3.01,G01,G01Q,.4909649670589715
pw,2.06,A01,A01H,.4910506810992956
ni,3.01,G01,G01J,.4913826417177916
wv,3.03,A61,A61L,.4915735176764429
ex,1.02,A01,A01G,.4915755991823971
qd,6.02,G06,G06F,.4916666708886623
op,3.03,G07,G07C,.4916666708886623
ju,4.01,C08,C08L,.4916666746139526
yr,2.01,A61,A61C,.4922185800969601
dm,3.02,A21,A21D,.4922255587298423
io,2.07,G10,G10L,.492401969153434
li,3.02,B82,B82Y,.4924883751664311
cn,5.01,B32,B32B,.4926082827150822
uh,1.03,B81,B81B,.4927561837248504
ji,5.01,H04,H04R,.4928571525961161
cq,1.06,H05,H05H,.4929733946919441
ve,3.02,G07,G07D,.4931196067482233
ep,1.02,H03,H03C,.4931217096745968
ea,1.04,A23,A23P,.4933265149593353
hq,1.04,C08,C08C,.4935353631153703
qc,6.02,B32,B32B,.4935897514224052
fi,1.04,C10,C10B,.4935897588729858
iu,2.03,B82,B82B,.4935975675471127
hy,1.06,B29,B29C,.4940006327815354
qu,1.06,C06,C06B,.4940476305782795
vy,3.02,A01,A01M,.4940476343035698
yg,6.04,A01,A01M,.4940476343035698
zd,9,C30,C30B,.494164464995265
ka,4.01,C12,C12Y,.4941753977909684
uf,1.03,F01,F01K,.494444452226162
qf,9,B29,B29D,.4944444606080651
id,2.07,C07,C07J,.4948830530047417
pm,2.05,D02,D02J,.4949999982491136
da,1.06,F16,F16L,.4950142474845052
kv,1.05,G01,G01R,.4952809759415686
da,1.06,G01,G01F,.4956936556845903
dq,9,C12,C12R,.495785478502512
cu,1.06,F28,F28D,.4958333466202021
zr,1.05,C09,C09J,.4958333466202021
pk,2.05,H05,H05G,.4958333484828472
pu,2.03,C01,C01D,.496031753718853
pu,2.03,C09,C09B,.496111111715436
ev,1.02,F23,F23N,.4963675290346146
pw,2.06,G01,G01F,.4963675364851952
ij,2.11,F41,F41A,.4964285753667355
zr,1.05,B03,B03B,.496672943700105
im,2.01,F27,F27B,.4967521484941244
io,2.07,C22,C22C,.4971491331234574
il,2.07,C22,C22C,.4971491331234574
ik,2.11,F41,F41G,.4972222354263067
uf,1.03,D01,D01F,.4972595409490168
co,1.06,A61,A61G,.4973118314519525
yo,3.01,A01,A01M,.4973504338413477
dw,1.04,C23,C23G,.4975177347660065
rb,2.02,F24,F24S,.4976190524175763
un,1.03,E04,E04B,.4980158861726522
pj,2.05,B09,B09C,.4980158880352974
zq,2.07,A61,A61F,.498073332477361
rb,2.02,C07,C07D,.4981082025915384
ih,2.07,H01,H01S,.4981601848267019
ep,1.02,C12,C12P,.4982051169499755
dr,1.06,B29,B29D,.4983035637997091
sr,2.07,G10,G10H,.4983333442360163
wh,3.02,B01,B01L,.4986337064765394
pz,2.05,G07,G07D,.4990338310599327
tc,3.02,G08,G08B,.4990722127258778
ni,3.01,G01,G01S,.4993422697298229
uf,1.03,A01,A01N,.4994047838263214
km,1.06,G10,G10L,.4994152057915926
vx,5.01,H01,H01P,.4994444455951452
mw,5.09,H04,H04N,.4996031792834401
xy,1.01,C07,C07F,.4997304265853018
oy,9,C12,C12P,.4998083224054426
pc,5.02,D06,D06M,.5
ee,1.04,A21,A21B,.5
ne,3.03,F23,F23L,.5
eq,3.01,F42,F42B,.5
wm,5.04,F01,F01P,.5
dq,9,E03,E03C,.5
aa,1.03,H01,H01C,.5
dy,1.04,H04,H04K,.5
fe,5.05,H01,H01J,.5
zd,9,E21,E21C,.5
rz,3.03,B41,B41F,.5
pz,2.05,H03,H03J,.5
or,5.09,C09,C09D,.5
cu,1.06,A41,A41G,.5
eu,2.02,H03,H03J,.5
es,2.02,A41,A41B,.5
qu,1.06,A22,A22C,.5
mm,6.01,F15,F15C,.5
jy,4.05,B26,B26B,.5
ye,2.02,F16,F16N,.5
ew,1.02,F15,F15D,.5
ew,1.02,H02,H02G,.5
su,3.02,B24,B24B,.5
ia,3.02,F16,F16D,.5
wu,5.04,F02,F02C,.5
ub,1.03,E01,E01D,.5
ep,1.02,D06,D06C,.5
cn,5.01,C05,C05F,.5
yi,6.03,G05,G05D,.5
vm,5.06,E01,E01C,.5
il,2.07,H01,H01R,.5
nn,3.03,G04,G04B,.5
dy,1.04,F27,F27D,.5
gy,5.02,C23,C23G,.5
nu,5.08,F23,F23G,.5
ae,4.05,B27,B27L,.5
ec,1.04,B25,B25J,.5
ve,3.02,F27,F27D,.5
db,2.08,F24,F24D,.5
nu,5.08,D01,D01G,.5
qf,9,A47,A47G,.5
cq,1.06,D06,D06B,.5
es,2.02,B23,B23B,.5
rp,6.04,C22,C22F,.5
ct,9,E21,E21C,.5
ga,3.02,B24,B24B,.5
yg,6.04,G08,G08G,.5
dk,5.02,H02,H02P,.5
pq,1.01,E02,E02D,.5
rb,2.02,B28,B28B,.5
gu,1.06,F15,F15B,.5
km,1.06,H02,H02P,.5
ub,1.03,D01,D01H,.5
oe,5.06,B65,B65B,.5
bu,1.03,F25,F25D,.5
wm,5.04,C11,C11C,.5
ui,1.03,F16,F16G,.5
ro,1.07,A45,A45C,.5
cl,9,F41,F41G,.5
dr,1.06,B41,B41F,.5
jb,5.07,H03,H03L,.5
ja,1.05,B26,B26D,.5
oy,9,B23,B23D,.5
oy,9,C11,C11C,.5
ky,1.05,H01,H01T,.5
cu,1.06,C23,C23F,.5
gy,5.02,A22,A22C,.5
ec,1.04,B60,B60K,.5
wq,5.01,H01,H01R,.5
qc,6.02,C25,C25D,.5
pq,1.01,F01,F01L,.5
yg,6.04,B63,B63B,.5
wf,1.06,G01,G01D,.5
ne,3.03,B04,B04C,.5
bp,6.04,A21,A21B,.5
dx,3.01,E01,E01D,.5
ka,4.01,B41,B41J,.5
ec,1.04,C13,C13B,.5
nn,3.03,F25,F25D,.5
ve,3.02,C21,C21B,.5
qe,2.09,G10,G10D,.5
pw,2.06,E05,E05D,.5
et,1.02,B61,B61K,.5
vj,5.01,D02,D02G,.5
dm,3.02,H02,H02P,.5
jy,4.05,G04,G04F,.5
ew,1.02,B03,B03B,.5
ro,1.07,G10,G10G,.5
di,5.02,F02,F02M,.5
oe,5.06,B60,B60S,.5
fa,2.01,B60,B60T,.5
bi,6.01,A61,A61C,.5
wm,5.04,B60,B60C,.5
ei,1.04,A42,A42B,.5
fa,2.01,G04,G04F,.5
zm,1.06,F16,F16D,.5
vj,5.01,B60,B60H,.5
eo,6.02,D04,D04B,.5
hb,5.03,D21,D21H,.5
ya,3.02,F41,F41G,.5
am,4.01,D06,D06N,.5
ru,3.01,F16,F16M,.5
xw,3.03,H03,H03C,.5
or,5.09,A23,A23B,.5
qk,6.01,C03,C03C,.5
ve,3.02,F03,F03D,.5
pn,1.01,C23,C23F,.5
ka,4.01,B44,B44B,.5
qc,6.02,H04,H04Q,.5
mc,1.06,F16,F16F,.5
vj,5.01,C01,C01G,.5
iq,2.02,B62,B62L,.5
dm,3.02,C09,C09F,.5
yo,3.01,G01,G01P,.5
mr,6.01,A23,A23L,.5
uu,5.06,F41,F41J,.5
ne,3.03,B42,B42D,.5
bi,6.01,B22,B22D,.5
vx,5.01,F41,F41A,.5
co,1.06,B23,B23Q,.5
bp,6.04,E05,E05B,.5
km,1.06,G01,G01G,.5
oz,6.02,C05,C05B,.5
es,2.02,E03,E03F,.5
km,1.06,B60,B60J,.5
ot,6.02,B64,B64G,.5
ew,1.02,G06,G06C,.5
zm,1.06,G08,G08C,.5
il,2.07,F22,F22B,.5
xq,2.11,B62,B62J,.5
qf,9,F16,F16N,.5
vx,5.01,D03,D03J,.5
zk,9,B01,B01L,.5
xw,3.03,B60,B60L,.5
pf,6.02,G02,G02F,.5
bd,1.06,G09,G09B,.5
dr,1.06,A62,A62C,.5
li,3.02,A46,A46D,.5
rz,3.03,C01,C01F,.5
cq,1.06,H02,H02B,.5
io,2.07,B82,B82Y,.5
pt,3.03,B22,B22D,.5
ep,1.02,A21,A21C,.5
ih,2.07,G01,G01G,.5
ru,3.01,C05,C05F,.5
yr,2.01,F01,F01P,.5
ra,2.11,C01,C01G,.5
qu,1.06,A63,A63B,.5
lq,3.03,F02,F02M,.5
uh,1.03,A01,A01H,.5
fy,3.02,F23,F23C,.5
ka,4.01,C21,C21D,.5
te,1.05,B32,B32B,.5
nu,5.08,B31,B31F,.5
im,2.01,B23,B23D,.5
en,9,B60,B60H,.5
gu,1.06,B21,B21K,.5
ph,6.02,C22,C22F,.5
ik,2.11,E03,E03F,.5
eo,6.02,G03,G03G,.5
ra,2.11,B60,B60S,.5
ru,3.01,F24,F24B,.5
ij,2.11,A47,A47B,.5
ky,1.05,F24,F24T,.5
eq,3.01,A01,A01D,.5
hb,5.03,E04,E04H,.5
hi,5.01,F16,F16L,.5
gu,1.06,C21,C21C,.5
da,1.06,F16,F16C,.5
dr,1.06,B66,B66B,.5
ds,3.02,B25,B25D,.5
uq,5.07,C12,C12R,.5
tm,3.01,B60,B60S,.5
db,2.08,H02,H02G,.5
dq,9,A47,A47C,.5
pe,5.02,A41,A41H,.5
di,5.02,B23,B23G,.5
hq,1.04,E04,E04B,.5
cq,1.06,F24,F24D,.5
bi,6.01,B42,B42D,.5
zc,4.03,B23,B23F,.5
hb,5.03,C08,C08L,.5
dm,3.02,B02,B02C,.5
pd,6.02,H01,H01S,.5
pf,6.02,B22,B22C,.5
eo,6.02,H02,H02J,.5
ye,2.02,A41,A41B,.5
pi,1.06,F02,F02D,.5
ea,1.04,E03,E03F,.5
gu,1.06,H02,H02P,.5
ru,3.01,F42,F42D,.5
cn,5.01,B62,B62J,.5
et,1.02,D21,D21J,.5
tm,3.01,E01,E01D,.5
uq,5.07,D06,D06H,.5
de,1.06,E04,E04F,.5
ju,4.01,G04,G04B,.5
yy,5.07,G09,G09G,.5
ba,3.02,F16,F16B,.5
uu,5.06,B65,B65C,.5
ja,1.05,B60,B60G,.5
aa,1.03,F02,F02F,.5
ea,1.04,H05,H05C,.5
fu,5.04,G01,G01G,.5
zm,1.06,B63,B63G,.5
aa,1.03,G04,G04C,.5
re,1.05,F42,F42B,.5
ec,1.04,E01,E01C,.5
tc,3.02,F28,F28F,.5
oi,3.02,H01,H01Q,.5
eu,2.02,B60,B60D,.5
mr,6.01,A47,A47J,.5
er,1.02,E04,E04F,.5
td,3.02,H04,H04H,.5
ih,2.07,B64,B64F,.5
pm,2.05,B60,B60V,.5
fa,2.01,B60,B60R,.5
af,4.05,B62,B62D,.5
zq,2.07,G02,G02C,.5
oa,2.11,E04,E04H,.5
dy,1.04,B61,B61D,.5
vm,5.06,C09,C09D,.5
xy,1.01,E02,E02D,.5
eq,3.01,E06,E06B,.5
eq,3.01,C01,C01F,.5
re,1.05,F23,F23K,.5
cu,1.06,A01,A01B,.5
ma,3.02,E04,E04C,.5
hf,6.03,H02,H02P,.5
rz,3.03,C22,C22B,.5
ep,1.02,F17,F17C,.5
sd,3.02,B21,B21D,.5
mq,6.01,G01,G01T,.5
fy,3.02,G07,G07D,.5
zc,4.03,B60,B60L,.5
si,1.05,C22,C22C,.5
ip,2.07,A01,A01J,.5
ga,3.02,F24,F24B,.5
er,1.02,B65,B65G,.5
vm,5.06,F21,F21L,.5
hb,5.03,F02,F02G,.5
le,1.05,E01,E01B,.5
dx,3.01,G07,G07C,.5
et,1.02,B21,B21K,.5
um,3.01,C23,C23F,.5
mm,6.01,E03,E03F,.5
fa,2.01,E02,E02F,.5
or,5.09,F02,F02N,.5
xa,5.04,B23,B23Q,.5
eq,3.01,H01,H01J,.5
ub,1.03,B23,B23F,.5
cu,1.06,B23,B23F,.5
hf,6.03,H02,H02S,.5
yy,5.07,G07,G07D,.5
nu,5.08,C10,C10C,.5
eq,3.01,H03,H03L,.5
ne,3.03,A44,A44C,.5
wc,3.03,C03,C03B,.5
vi,5.01,A23,A23J,.5
ky,1.05,B60,B60L,.5
ew,1.02,D06,D06B,.5
et,1.02,B31,B31D,.5
ta,1.06,G07,G07F,.5
il,2.07,A45,A45C,.5
ua,6.03,F24,F24C,.5
io,2.07,G11,G11B,.5
uu,5.06,D01,D01G,.5
ne,3.03,B65,B65C,.5
ec,1.04,B60,B60M,.5
qq,1.05,A45,A45B,.5
vs,5.01,F16,F16H,.5
tm,3.01,G05,G05F,.5
di,5.02,F03,F03D,.5
nu,5.08,B31,B31D,.5
ua,6.03,A23,A23B,.5
dw,1.04,G07,G07G,.5
rb,2.02,F27,F27D,.5
ka,4.01,G10,G10C,.5
ev,1.02,B25,B25H,.5
ta,1.06,C30,C30B,.5
bp,6.04,B63,B63B,.5
cu,1.06,D06,D06F,.5
oe,5.06,F24,F24D,.5
un,1.03,G06,G06J,.5
cu,1.06,F02,F02M,.5
dw,1.04,E21,E21C,.5
dw,1.04,D05,D05B,.5
qq,1.05,F02,F02B,.5
tu,3.01,A01,A01J,.5
yi,6.03,H02,H02K,.5
dy,1.04,E01,E01B,.5
oy,9,F25,F25D,.5
oy,9,A41,A41C,.5
bp,6.04,B03,B03D,.5
le,1.05,B65,B65H,.5
ig,2.06,A41,A41F,.5
fs,6.04,C09,C09B,.5
jb,5.07,C25,C25F,.5
aa,1.03,A62,A62C,.5
es,2.02,C10,C10J,.5
ph,6.02,A01,A01D,.5
rb,2.02,E04,E04C,.5
dw,1.04,B60,B60T,.5
pj,2.05,G10,G10D,.5
nu,5.08,A23,A23N,.5
li,3.02,F16,F16H,.5
aq,3.02,C21,C21C,.5
cu,1.06,H02,H02M,.5
hb,5.03,H02,H02B,.5
ja,1.05,A23,A23P,.5
re,1.05,C23,C23F,.5
zk,9,E04,E04H,.5
pg,6.02,H03,H03M,.5
de,1.06,A23,A23N,.5
dt,2.03,G07,G07G,.5
tm,3.01,E03,E03F,.5
qc,6.02,A47,A47G,.5
oe,5.06,F01,F01L,.5
dk,5.02,G21,G21B,.5
rt,3.02,B60,B60T,.5
iy,1.06,A01,A01F,.5
cq,1.06,A62,A62C,.5
li,3.02,B60,B60C,.5
et,1.02,A23,A23N,.5
uy,1.04,H05,H05F,.5
ua,6.03,G08,G08G,.5
jm,5.04,A23,A23F,.5
dr,1.06,B63,B63C,.5
vj,5.01,G10,G10K,.5
km,1.06,F28,F28G,.5
ec,1.04,F24,F24D,.5
iu,2.03,D05,D05C,.5
ni,3.01,C21,C21C,.5
oi,3.02,F21,F21V,.5
ta,1.06,B23,B23Q,.5
dt,2.03,C14,C14B,.5
su,3.02,D06,D06F,.5
es,2.02,D06,D06B,.5
gu,1.06,D06,D06Q,.5
ei,1.04,B66,B66B,.5
ry,2.03,E03,E03F,.5
sa,3.03,D21,D21B,.5
ip,2.07,C23,C23G,.5
tu,3.01,B66,B66D,.5
uf,1.03,G09,G09B,.5
bk,6.04,G10,G10H,.5
lj,3.02,B62,B62K,.5
bq,6.05,F02,F02G,.5
dk,5.02,F16,F16K,.5
aq,3.02,G11,G11B,.5
we,3.02,C06,C06B,.5
ds,3.02,H02,H02S,.5
ds,3.02,G10,G10G,.5
xq,2.11,B44,B44D,.5
oy,9,E01,E01B,.5
xw,3.03,B41,B41M,.5
jw,6.02,B22,B22C,.5
pc,5.02,B64,B64F,.5
ac,2.02,B24,B24C,.5
mr,6.01,G01,G01K,.5
eu,2.02,B03,B03B,.5
tu,3.01,B63,B63J,.5
ex,1.02,C12,C12G,.5
sd,3.02,B60,B60W,.5
ne,3.03,A63,A63C,.5
jy,4.05,G08,G08C,.5
fu,5.04,F16,F16D,.5
eo,6.02,H02,H02K,.5
ac,2.02,A62,A62C,.5
tu,3.01,F41,F41F,.5
xw,3.03,B23,B23D,.5
oy,9,B02,B02C,.5
dy,1.04,B66,B66B,.5
rp,6.04,C13,C13B,.5
bm,5.07,E04,E04C,.5
wy,5.04,B42,B42F,.5
oe,5.06,C01,C01F,.5
qc,6.02,B67,B67D,.5
qg,2.05,B09,B09B,.5
ku,5.07,B65,B65B,.5
or,5.09,C02,C02F,.5
im,2.01,A63,A63H,.5
bk,6.04,B63,B63B,.5
dr,1.06,E21,E21D,.5
id,2.07,C14,C14B,.5
qq,1.05,A47,A47B,.5
bm,5.07,H02,H02H,.5
bk,6.04,F16,F16F,.5
ex,1.02,D06,D06B,.5
ex,1.02,D06,D06C,.5
dw,1.04,C14,C14B,.5
bf,5.04,F02,F02B,.5
eq,3.01,B64,B64F,.5
ee,1.04,B66,B66F,.5
li,3.02,B42,B42D,.5
im,2.01,E05,E05C,.5
wy,5.04,G16,G16H,.5
uy,1.04,D21,D21D,.5
qh,2.05,B28,B28D,.5
qh,2.05,G09,G09F,.5
mr,6.01,D06,D06M,.5
ut,6.02,B05,B05B,.5
ha,5.03,G09,G09F,.5
ry,2.03,F23,F23B,.5
qg,2.05,H04,H04S,.5
ix,2.07,G01,G01C,.5
iy,1.06,B62,B62M,.5
ni,3.01,B64,B64G,.5
ua,6.03,B23,B23D,.5
qk,6.01,G09,G09B,.5
dk,5.02,C01,C01F,.5
wu,5.04,F21,F21S,.5
gy,5.02,H03,H03C,.5
ou,1.06,B03,B03D,.5
ai,2.03,F23,F23M,.5
or,5.09,C08,C08K,.5
lq,3.03,B29,B29D,.5
ky,1.05,F02,F02F,.5
pu,2.03,C13,C13B,.5
nm,5.02,F21,F21V,.5
dx,3.01,F02,F02F,.5
xw,3.03,F02,F02C,.5
li,3.02,H04,H04H,.5
mm,6.01,G10,G10C,.5
or,5.09,A01,A01G,.5
dq,9,B25,B25H,.5
bq,6.05,A62,A62C,.5
dq,9,B03,B03D,.5
dx,3.01,G08,G08C,.5
jw,6.02,C10,C10M,.5
ne,3.03,E05,E05C,.5
za,3.02,B21,B21D,.5
ju,4.01,G10,G10C,.5
vx,5.01,A62,A62C,.5
fa,2.01,F15,F15B,.5
eq,3.01,B60,B60T,.5
gu,1.06,F25,F25C,.5
ei,1.04,F24,F24V,.5
ex,1.02,F27,F27D,.5
jm,5.04,E04,E04G,.5
ku,5.07,B65,B65H,.5
ox,6.02,A45,A45C,.5
ru,3.01,B62,B62L,.5
ad,4.02,G01,G01B,.5
zc,4.03,E02,E02F,.5
es,2.02,B27,B27C,.5
dk,5.02,F21,F21S,.5
ff,3.02,G07,G07F,.5
dt,2.03,B03,B03B,.5
pm,2.05,F41,F41F,.5
dt,2.03,F28,F28B,.5
zc,4.03,E02,E02D,.5
bq,6.05,F27,F27B,.5
ij,2.11,C05,C05G,.5
er,1.02,A23,A23B,.5
ga,3.02,C01,C01F,.5
xq,2.11,B60,B60H,.5
xa,5.04,F42,F42D,.5
xa,5.04,F02,F02D,.5
aa,1.03,B43,B43L,.5
iu,2.03,A23,A23F,.5
db,2.08,A24,A24C,.5
sy,1.03,E03,E03C,.5
pw,2.06,D01,D01F,.5
xa,5.04,H01,H01S,.5
vi,5.01,B41,B41N,.5
xy,1.01,F24,F24D,.5
ac,2.02,D06,D06P,.5
db,2.08,A46,A46D,.5
lj,3.02,C11,C11D,.5
he,5.03,H01,H01H,.5
fu,5.04,H03,H03B,.5
es,2.02,D21,D21C,.5
bm,5.07,B65,B65G,.5
ba,3.02,B63,B63B,.5
yr,2.01,D01,D01H,.5
le,1.05,B66,B66D,.5
dk,5.02,H04,H04S,.5
pc,5.02,A47,A47K,.5
dk,5.02,H02,H02N,.5
wf,1.06,H03,H03H,.5
uu,5.06,F04,F04D,.5
nm,5.02,C25,C25D,.5
td,3.02,A63,A63H,.5
hf,6.03,A47,A47J,.5
ui,1.03,A47,A47K,.5
ma,3.02,D21,D21F,.5
um,3.01,C06,C06D,.5
ha,5.03,F02,F02D,.5
oy,9,F15,F15B,.5
oz,6.02,B25,B25F,.5
gy,5.02,B60,B60Q,.5
oy,9,F41,F41J,.5
sy,1.03,F23,F23B,.5
ac,2.02,C08,C08B,.5
qu,1.06,Y02,Y02E,.5
gy,5.02,B60,B60C,.5
qg,2.05,G07,G07G,.5
qj,2.05,C14,C14B,.5
ra,2.11,A21,A21B,.5
sr,2.07,C25,C25F,.5
li,3.02,A45,A45C,.5
up,1.03,F16,F16H,.5
en,9,C09,C09D,.5
bi,6.01,B60,B60T,.5
am,4.01,B60,B60L,.5
if,2.11,B44,B44C,.5
mq,6.01,C10,C10M,.5
pt,3.03,B41,B41M,.5
bi,6.01,B65,B65B,.5
et,1.02,F25,F25C,.5
dk,5.02,B27,B27L,.5
bi,6.01,H04,H04H,.5
bq,6.05,F03,F03H,.5
cq,1.06,B21,B21K,.5
ga,3.02,B60,B60K,.5
dk,5.02,B09,B09C,.5
vj,5.01,B21,B21D,.5
gu,1.06,A45,A45F,.5
om,5.05,D02,D02G,.5
zm,1.06,B62,B62D,.5
dk,5.02,A47,A47K,.5
pa,6.02,C09,C09F,.5
qe,2.09,E01,E01F,.5
tc,3.02,B60,B60W,.5
cl,9,F28,F28F,.5
ps,5.04,E05,E05C,.5
mm,6.01,D03,D03D,.5
pz,2.05,E04,E04G,.5
et,1.02,E05,E05D,.5
qg,2.05,A41,A41B,.5
vj,5.01,B25,B25B,.5
di,5.02,F24,F24H,.5
sd,3.02,F04,F04C,.5
di,5.02,F23,F23Q,.5
un,1.03,D03,D03D,.5
rt,3.02,G03,G03C,.5
nu,5.08,F16,F16T,.5
es,2.02,C14,C14C,.5
ky,1.05,H01,H01Q,.5
yi,6.03,C01,C01D,.5
oe,5.06,F16,F16J,.5
dr,1.06,A63,A63H,.5
ik,2.11,E05,E05D,.5
fu,5.04,G05,G05B,.5
ij,2.11,B41,B41N,.5
co,1.06,A47,A47F,.5
cl,9,E01,E01F,.5
wf,1.06,B62,B62J,.5
rp,6.04,B05,B05D,.5
uq,5.07,A62,A62B,.5
iy,1.06,G11,G11C,.5
di,5.02,B04,B04C,.5
db,2.08,E03,E03D,.5
bf,5.04,F28,F28D,.5
di,5.02,A47,A47L,.5
gu,1.06,G21,G21C,.5
oy,9,E05,E05C,.5
id,2.07,B62,B62K,.5
qj,2.05,F28,F28D,.5
il,2.07,B28,B28D,.5
qq,1.05,G01,G01H,.5
xy,1.01,F28,F28D,.5
if,2.11,D04,D04C,.5
iu,2.03,H03,H03J,.5
ns,2.01,B25,B25B,.5
dr,1.06,E05,E05F,.5
ex,1.02,A01,A01F,.5
ha,5.03,C10,C10B,.5
ju,4.01,G02,G02F,.5
de,1.06,G07,G07D,.5
am,4.01,F28,F28D,.5
ju,4.01,H02,H02N,.5
we,3.02,E02,E02F,.5
db,2.08,F24,F24C,.5
ew,1.02,B24,B24C,.5
lq,3.03,A41,A41H,.5
ia,3.02,H05,H05H,.5
es,2.02,F24,F24D,.5
er,1.02,B65,B65H,.5
hl,3.03,B22,B22D,.5
ii,2.04,A63,A63D,.5
fi,1.04,B64,B64D,.5
rp,6.04,F41,F41H,.5
yu,3.03,G01,G01R,.5
fu,5.04,H04,H04H,.5
ml,9,F24,F24H,.5
de,1.06,B23,B23H,.5
ns,2.01,B23,B23D,.5
ql,9,C04,C04B,.5
et,1.02,F15,F15D,.5
dy,1.04,D21,D21G,.5
il,2.07,A23,A23G,.5
fa,2.01,B03,B03B,.5
iq,2.02,B25,B25G,.5
py,3.02,B44,B44C,.5
zc,4.03,A47,A47G,.5
ac,2.02,F03,F03C,.5
id,2.07,F16,F16D,.5
vj,5.01,B27,B27B,.5
ot,6.02,D21,D21G,.5
bi,6.01,E21,E21D,.5
et,1.02,B65,B65C,.5
ha,5.03,C05,C05G,.5
dt,2.03,E21,E21F,.5
uh,1.03,F16,F16B,.5
bp,6.04,E05,E05D,.5
po,1.01,G10,G10G,.5
ix,2.07,H01,H01M,.5
pg,6.02,F41,F41A,.5
pc,5.02,B63,B63C,.5
ei,1.04,B65,B65C,.5
cl,9,F16,F16J,.5
cn,5.01,B21,B21F,.5
pw,2.06,F16,F16H,.5
xe,4.01,G08,G08C,.5
ai,2.03,D21,D21J,.5
dr,1.06,A47,A47D,.5
ni,3.01,B21,B21B,.5
bi,6.01,F23,F23N,.5
nn,3.03,A43,A43B,.5
om,5.05,B67,B67D,.5
yi,6.03,B29,B29B,.5
ii,2.04,B23,B23C,.5
ga,3.02,G01,G01D,.5
oz,6.02,A47,A47K,.5
dr,1.06,B21,B21D,.5
pz,2.05,A23,A23C,.5
zd,9,B61,B61D,.5
yi,6.03,A45,A45C,.5
ex,1.02,B25,B25F,.5
di,5.02,F28,F28F,.5
ip,2.07,B26,B26F,.5
tu,3.01,A46,A46D,.5
jo,5.04,H01,H01B,.5
km,1.06,H02,H02S,.5
tc,3.02,F23,F23J,.5
ye,2.02,B61,B61K,.5
fa,2.01,F28,F28B,.5
cl,9,B63,B63G,.5
oy,9,B26,B26D,.5
bf,5.04,G06,G06M,.5
pq,1.01,B27,B27M,.5
ut,6.02,B29,B29D,.5
ya,3.02,F41,F41J,.5
ot,6.02,C11,C11C,.5
zk,9,B23,B23Q,.5
di,5.02,F24,F24S,.5
ut,6.02,G01,G01D,.5
es,2.02,F15,F15D,.5
bf,5.04,F23,F23R,.5
dy,1.04,E05,E05C,.5
py,3.02,H03,H03J,.5
cl,9,B43,B43L,.5
az,3.02,G01,G01H,.5
aa,1.03,A21,A21B,.5
qq,1.05,F01,F01M,.5
ai,2.03,B60,B60V,.5
ni,3.01,F24,F24S,.5
wh,3.02,F28,F28F,.5
nu,5.08,B67,B67B,.5
fe,5.05,B01,B01D,.5
bq,6.05,B66,B66B,.5
yo,3.01,F23,F23L,.5
bi,6.01,H05,H05K,.5
ru,3.01,B28,B28D,.5
id,2.07,H03,H03B,.5
rp,6.04,B04,B04C,.5
uu,5.06,H02,H02P,.5
dt,2.03,F01,F01M,.5
oe,5.06,A01,A01J,.5
ih,2.07,E05,E05B,.5
ad,4.02,F25,F25B,.5
bm,5.07,H03,H03L,.5
if,2.11,D06,D06G,.5
ze,1.06,G01,G01V,.5
ur,1.01,G06,G06E,.5
ga,3.02,F17,F17C,.5
oy,9,B22,B22C,.5
zr,1.05,H03,H03G,.5
ox,6.02,C07,C07F,.5
et,1.02,F04,F04C,.5
de,1.06,E04,E04B,.5
tu,3.01,B24,B24B,.5
pq,1.01,G10,G10D,.5
ry,2.03,B63,B63B,.5
aq,3.02,B60,B60G,.5
eu,2.02,F01,F01N,.5
zm,1.06,F25,F25J,.5
ai,2.03,H01,H01K,.5
qg,2.05,B27,B27G,.5
ka,4.01,G01,G01P,.5
su,3.02,H02,H02G,.5
ai,2.03,A47,A47G,.5
po,1.01,G01,G01G,.5
bi,6.01,F02,F02C,.5
pn,1.01,B25,B25B,.5
pc,5.02,B06,B06B,.5
ut,6.02,H01,H01T,.5
yo,3.01,C12,C12F,.5
zm,1.06,F21,F21L,.5
aa,1.03,B67,B67C,.5
lj,3.02,F21,F21V,.5
bq,6.05,C10,C10J,.5
ai,2.03,C40,C40B,.5
vx,5.01,C22,C22B,.5
ml,9,H03,H03K,.5
af,4.05,G03,G03B,.5
tq,3.02,B63,B63B,.5
zc,4.03,C23,C23F,.5
nn,3.03,C21,C21C,.5
en,9,F03,F03B,.5
ki,3.02,F16,F16M,.5
nu,5.08,C07,C07G,.5
nq,5.01,B65,B65C,.5
di,5.02,F16,F16F,.5
yo,3.01,B25,B25B,.5
pi,1.06,B65,B65B,.5
wm,5.04,F01,F01N,.5
km,1.06,A47,A47D,.5
uu,5.06,B03,B03B,.5
tq,3.02,B64,B64F,.5
km,1.06,A43,A43B,.5
ih,2.07,F23,F23L,.5
dr,1.06,F23,F23J,.5
yp,3.02,F01,F01C,.5
yg,6.04,H02,H02H,.5
ui,1.03,A63,A63K,.5
ff,3.02,B62,B62J,.5
uq,5.07,G01,G01G,.5
xa,5.04,B66,B66D,.5
dy,1.04,B67,B67C,.5
bk,6.04,B24,B24D,.5
ew,1.02,A41,A41B,.5
bk,6.04,B41,B41K,.5
dm,3.02,A01,A01B,.5
ik,2.11,B21,B21H,.5
bf,5.04,D06,D06P,.5
or,5.09,C01,C01D,.5
db,2.08,E01,E01F,.5
am,4.01,B23,B23B,.5
pa,6.02,B23,B23C,.5
qa,3.01,C25,C25C,.5
um,3.01,C03,C03B,.5
yi,6.03,E04,E04H,.5
vj,5.01,C22,C22F,.5
pu,2.03,E21,E21F,.5
jo,5.04,B62,B62J,.5
dm,3.02,A44,A44C,.5
iy,1.06,G01,G01L,.5
qc,6.02,G03,G03H,.5
gc,1.05,H02,H02H,.5
jo,5.04,B64,B64G,.5
sr,2.07,B62,B62B,.5
bk,6.04,B61,B61D,.5
zk,9,H01,H01M,.5
bk,6.04,A61,A61D,.5
mu,4.01,C09,C09J,.5
vm,5.06,G01,G01D,.5
um,3.01,F02,F02N,.5
jo,5.04,H02,H02P,.5
bv,5.01,C08,C08K,.5
il,2.07,F41,F41G,.5
oz,6.02,F02,F02N,.5
lj,3.02,H03,H03L,.5
yy,5.07,B62,B62J,.5
yp,3.02,F16,F16J,.5
dm,3.02,B25,B25B,.5
ha,5.03,D06,D06N,.5
hq,1.04,B60,B60N,.5
ga,3.02,E01,E01B,.5
co,1.06,A45,A45F,.5
gu,1.06,B42,B42F,.5
om,5.05,A01,A01M,.5
ev,1.02,E03,E03B,.5
bm,5.07,F16,F16J,.5
ev,1.02,E04,E04D,.5
bf,5.04,B60,B60W,.5
wf,1.06,C11,C11D,.5
pg,6.02,B61,B61B,.5
cn,5.01,D21,D21B,.5
di,5.02,F16,F16G,.5
am,4.01,D01,D01G,.5
ad,4.02,F02,F02F,.5
pn,1.01,C22,C22B,.5
oe,5.06,G10,G10K,.5
jo,5.04,B23,B23K,.5
et,1.02,D06,D06B,.5
ix,2.07,G09,G09B,.5
wc,3.03,B66,B66B,.5
ik,2.11,F02,F02G,.5
zc,4.03,F03,F03H,.5
ja,1.05,B60,B60M,.5
ec,1.04,D06,D06F,.5
eq,3.01,A61,A61G,.5
ot,6.02,F27,F27D,.5
ba,3.02,G07,G07B,.5
ku,5.07,C25,C25F,.5
cn,5.01,F16,F16D,.5
dq,9,B08,B08B,.5
ig,2.06,E01,E01F,.5
ac,2.02,H01,H01C,.5
ba,3.02,B62,B62K,.5
jb,5.07,B06,B06B,.5
ka,4.01,H01,H01R,.5
vm,5.06,B27,B27C,.5
bu,1.03,H04,H04Q,.5
ye,2.02,C21,C21D,.5
pu,2.03,B60,B60V,.5
km,1.06,C25,C25F,.5
wu,5.04,A01,A01D,.5
ya,3.02,F24,F24D,.5
zr,1.05,F24,F24S,.5
za,3.02,C01,C01D,.5
wm,5.04,E06,E06B,.5
oi,3.02,B05,B05B,.5
aa,1.03,A23,A23J,.5
am,4.01,G09,G09F,.5
oy,9,B03,B03C,.5
pq,1.01,A24,A24F,.5
et,1.02,D01,D01G,.5
ni,3.01,C10,C10J,.5
yq,5.07,C25,C25D,.5
fa,2.01,Y02,Y02A,.5
aq,3.02,A63,A63F,.5
ha,5.03,A23,A23C,.5
am,4.01,F23,F23K,.5
ru,3.01,A41,A41C,.5
bk,6.04,F28,F28D,.5
ij,2.11,B61,B61K,.5
vm,5.06,F21,F21V,.5
km,1.06,E06,E06B,.5
af,4.05,G05,G05B,.5
um,3.01,C10,C10J,.5
hf,6.03,F41,F41H,.5
af,4.05,F16,F16D,.5
rq,1.06,C04,C04B,.5
ba,3.02,G09,G09G,.5
xy,1.01,D21,D21H,.5
ot,6.02,B60,B60P,.5
eu,2.02,F23,F23R,.5
vi,5.01,F16,F16D,.5
dq,9,B27,B27C,.5
gm,3.03,G03,G03G,.5
ne,3.03,C10,C10C,.5
li,3.02,B62,B62K,.5
db,2.08,B65,B65C,.5
af,4.05,B41,B41J,.5
hq,1.04,C05,C05C,.5
ev,1.02,F17,F17C,.5
tm,3.01,B64,B64C,.5
bd,1.06,C08,C08G,.5
hl,3.03,A46,A46B,.5
ii,2.04,B64,B64F,.5
fa,2.01,B60,B60P,.5
gm,3.03,G01,G01J,.5
uu,5.06,F01,F01D,.5
di,5.02,F04,F04D,.5
ox,6.02,G01,G01F,.5
ae,4.05,G07,G07C,.5
pe,5.02,G04,G04G,.5
ii,2.04,G07,G07G,.5
up,1.03,B29,B29C,.5
oa,2.11,B33,B33Y,.5
mm,6.01,B66,B66D,.5
mu,4.01,B66,B66B,.5
qj,2.05,F16,F16H,.5
bu,1.03,F41,F41G,.5
rp,6.04,B23,B23F,.5
td,3.02,F04,F04D,.5
bk,6.04,B60,B60Q,.5
ra,2.11,C10,C10K,.5
bd,1.06,A47,A47C,.5
eu,2.02,A62,A62B,.5
bd,1.06,A47,A47B,.5
xe,4.01,B24,B24D,.5
wc,3.03,A62,A62D,.5
bq,6.05,A63,A63J,.5
pt,3.03,F03,F03C,.5
wq,5.01,F01,F01N,.5
aq,3.02,C12,C12M,.5
pc,5.02,G01,G01P,.5
dk,5.02,B41,B41C,.5
yy,5.07,F28,F28C,.5
mr,6.01,F23,F23R,.5
io,2.07,F16,F16M,.5
pu,2.03,F23,F23M,.5
qc,6.02,B23,B23K,.5
bq,6.05,B24,B24D,.5
cl,9,H03,H03L,.5
mu,4.01,H02,H02G,.5
zm,1.06,G10,G10C,.5
rt,3.02,C03,C03B,.5
pj,2.05,H05,H05F,.5
jb,5.07,G21,G21K,.5
ph,6.02,C05,C05G,.5
ve,3.02,F24,F24S,.5
pu,2.03,F01,F01M,.5
rb,2.02,A41,A41H,.5
yp,3.02,F28,F28D,.5
bi,6.01,E04,E04F,.5
bd,1.06,B23,B23P,.5
ky,1.05,B60,B60H,.5
bk,6.04,B64,B64F,.5
uu,5.06,A01,A01J,.5
bm,5.07,C25,C25D,.5
mm,6.01,B60,B60L,.5
uu,5.06,B26,B26D,.5
pd,6.02,H04,H04Q,.5
ua,6.03,B81,B81C,.5
ba,3.02,B25,B25J,.5
az,3.02,G03,G03F,.5
ad,4.02,G10,G10L,.5
ac,2.02,G04,G04F,.5
ti,9,H04,H04Q,.5
eu,2.02,B07,B07B,.5
ml,9,B60,B60W,.5
jb,5.07,B01,B01F,.5
ac,2.02,D03,D03C,.5
ff,3.02,H02,H02P,.5
ze,1.06,H01,H01R,.5
rb,2.02,A63,A63C,.5
ac,2.02,E01,E01D,.5
pn,1.01,B25,B25C,.5
nu,5.08,D02,D02H,.5
co,1.06,B28,B28B,.5
ha,5.03,A47,A47H,.5
ea,1.04,G07,G07G,.5
si,1.05,G01,G01T,.5
hb,5.03,C12,C12C,.5
dr,1.06,B60,B60B,.5
bu,1.03,B21,B21B,.5
zd,9,E03,E03F,.5
lq,3.03,B65,B65B,.5
hl,3.03,H01,H01H,.5
pi,1.06,H03,H03J,.5
yi,6.03,B65,B65B,.5
bm,5.07,B60,B60G,.5
vi,5.01,F01,F01B,.5
jo,5.04,F24,F24D,.5
li,3.02,B07,B07C,.5
hy,1.06,G10,G10D,.5
dr,1.06,E04,E04B,.5
bp,6.04,B27,B27N,.5
vi,5.01,B22,B22F,.5
fu,5.04,C08,C08G,.5
ur,1.01,B63,B63B,.5
ze,1.06,G09,G09B,.5
zm,1.06,B60,B60G,.5
pf,6.02,B63,B63C,.5
et,1.02,E02,E02D,.5
pn,1.01,F16,F16B,.5
jo,5.04,E02,E02D,.5
ee,1.04,F25,F25J,.5
gc,1.05,B41,B41M,.5
bp,6.04,C09,C09J,.5
ve,3.02,B07,B07C,.5
vm,5.06,B60,B60C,.5
pk,2.05,Y02,Y02W,.5
bm,5.07,C09,C09B,.5
bp,6.04,A01,A01D,.5
aa,1.03,F21,F21V,.5
qc,6.02,E04,E04C,.5
ay,3.01,C11,C11D,.5
dm,3.02,C23,C23G,.5
ad,4.02,F21,F21K,.5
tq,3.02,F02,F02D,.5
oy,9,B27,B27G,.5
ah,4.01,B65,B65G,.5
nu,5.08,E01,E01H,.5
ba,3.02,H01,H01B,.5
ay,3.01,C10,C10B,.5
ad,4.02,G01,G01D,.5
wy,5.04,H01,H01J,.5
sd,3.02,G07,G07G,.5
ot,6.02,B43,B43K,.5
ii,2.04,E01,E01B,.5
ga,3.02,H01,H01R,.5
zk,9,B62,B62K,.5
am,4.01,E04,E04B,.5
mw,5.09,B60,B60J,.5
az,3.02,A01,A01G,.5
es,2.02,B42,B42C,.5
oi,3.02,B23,B23B,.5
gm,3.03,B23,B23K,.5
ur,1.01,F16,F16G,.5
zk,9,G16,G16H,.5
bp,6.04,B61,B61F,.5
hl,3.03,D21,D21H,.5
ry,2.03,H04,H04Q,.5
ii,2.04,B62,B62J,.5
oi,3.02,C05,C05G,.5
om,5.05,A45,A45F,.5
gu,1.06,B23,B23P,.5
gm,3.03,B31,B31D,.5
pa,6.02,B65,B65B,.5
ta,1.06,B60,B60R,.5
qg,2.05,E03,E03D,.5
vp,3.03,B22,B22D,.5
oy,9,C25,C25F,.5
ot,6.02,B60,B60T,.5
fy,3.02,B62,B62D,.5
uy,1.04,E05,E05B,.5
dm,3.02,F02,F02P,.5
gc,1.05,B66,B66C,.5
bq,6.05,H02,H02H,.5
hf,6.03,E04,E04B,.5
ur,1.01,E04,E04D,.5
qg,2.05,B23,B23F,.5
vx,5.01,D21,D21G,.5
ru,3.01,H02,H02B,.5
tc,3.02,C06,C06D,.5
uu,5.06,B41,B41N,.5
dq,9,C12,C12F,.5
oy,9,G02,G02C,.5
wc,3.03,F16,F16H,.5
im,2.01,D21,D21J,.5
pa,6.02,F21,F21L,.5
ad,4.02,B05,B05B,.5
mm,6.01,B60,B60Q,.5
sd,3.02,B24,B24C,.5
es,2.02,G06,G06C,.5
wu,5.04,E05,E05C,.5
pc,5.02,B60,B60G,.5
tu,3.01,B65,B65G,.5
ha,5.03,B03,B03C,.5
bu,1.03,A47,A47G,.5
wu,5.04,E03,E03D,.5
ad,4.02,B24,B24B,.5
ba,3.02,C23,C23F,.5
zq,2.07,B60,B60T,.5
bp,6.04,B60,B60L,.5
bp,6.04,B60,B60P,.5
fa,2.01,F02,F02N,.5
mm,6.01,H03,H03C,.5
rp,6.04,F41,F41B,.5
xw,3.03,A01,A01D,.5
rt,3.02,B28,B28D,.5
kv,1.05,B43,B43K,.5
vp,3.03,A01,A01N,.5
um,3.01,F15,F15D,.5
ga,3.02,A43,A43D,.5
km,1.06,C03,C03B,.5
uu,5.06,D06,D06P,.5
nm,5.02,F16,F16F,.5
fa,2.01,E05,E05C,.5
vj,5.01,B60,B60B,.5
et,1.02,H05,H05F,.5
nu,5.08,A43,A43D,.5
xa,5.04,E04,E04G,.5
uy,1.04,B63,B63C,.5
sa,3.03,E21,E21D,.5
ru,3.01,F25,F25D,.5
qe,2.09,C09,C09H,.5
my,5.01,H03,H03F,.5
un,1.03,B03,B03B,.5
nn,3.03,G03,G03B,.5
wh,3.02,E06,E06B,.5
bq,6.05,F16,F16J,.5
ru,3.01,B60,B60C,.5
lq,3.03,B60,B60P,.5
nu,5.08,F23,F23C,.5
yp,3.02,B65,B65G,.5
su,3.02,B07,B07C,.5
nq,5.01,A44,A44C,.5
jb,5.07,F23,F23Q,.5
hf,6.03,B29,B29D,.5
oy,9,A01,A01C,.5
zm,1.06,B28,B28C,.5
de,1.06,B22,B22C,.5
zm,1.06,H02,H02G,.5
pj,2.05,B44,B44B,.5
gu,1.06,C10,C10K,.5
uy,1.04,B62,B62J,.5
ne,3.03,C10,C10B,.5
pz,2.05,B27,B27N,.5
aq,3.02,H01,H01G,.5
bi,6.01,F17,F17C,.5
zk,9,B60,B60T,.5
ma,3.02,F24,F24C,.5
wu,5.04,F28,F28F,.5
ih,2.07,Y02,Y02W,.5
ot,6.02,C25,C25F,.5
cl,9,H03,H03B,.5
di,5.02,B23,B23P,.5
ya,3.02,F23,F23L,.5
eo,6.02,H01,H01S,.5
vx,5.01,B61,B61K,.5
id,2.07,G04,G04B,.5
db,2.08,F41,F41F,.5
ix,2.07,B25,B25D,.5
kv,1.05,B32,B32B,.5
gu,1.06,B30,B30B,.5
mm,6.01,B21,B21B,.5
fu,5.04,H03,H03L,.5
oy,9,A43,A43B,.5
wu,5.04,B27,B27B,.5
jb,5.07,G10,G10H,.5
uy,1.04,F16,F16N,.5
ku,5.07,D05,D05B,.5
hf,6.03,C09,C09C,.5
ph,6.02,C11,C11D,.5
vx,5.01,B62,B62D,.5
py,3.02,F27,F27D,.5
un,1.03,H01,H01R,.5
td,3.02,C09,C09B,.5
es,2.02,E04,E04C,.5
lq,3.03,F02,F02D,.5
fa,2.01,B62,B62K,.5
hf,6.03,A63,A63B,.5
dw,1.04,F02,F02G,.5
ii,2.04,A21,A21B,.5
uy,1.04,F24,F24D,.5
um,3.01,C09,C09C,.5
pw,2.06,F02,F02P,.5
er,1.02,B65,B65F,.5
qu,1.06,A46,A46D,.5
dx,3.01,B24,B24D,.5
cl,9,A01,A01M,.5
sd,3.02,B65,B65G,.5
bp,6.04,G05,G05G,.5
bd,1.06,B64,B64D,.5
oa,2.11,A24,A24F,.5
uq,5.07,H01,H01P,.5
ji,5.01,F01,F01N,.5
qg,2.05,D06,D06F,.5
lq,3.03,C05,C05F,.5
di,5.02,B60,B60P,.5
he,5.03,F01,F01M,.5
cl,9,H03,H03F,.5
yg,6.04,H03,H03F,.5
nu,5.08,B27,B27M,.5
xq,2.11,B67,B67C,.5
dk,5.02,H02,H02G,.5
wc,3.03,F42,F42B,.5
fy,3.02,B60,B60B,.5
yg,6.04,F25,F25B,.5
ku,5.07,A63,A63H,.5
ot,6.02,H02,H02H,.5
vs,5.01,H01,H01S,.5
hb,5.03,G10,G10D,.5
xa,5.04,B61,B61L,.5
wc,3.03,B42,B42B,.5
bd,1.06,F16,F16N,.5
vi,5.01,A62,A62C,.5
xa,5.04,B60,B60W,.5
ha,5.03,C12,C12G,.5
ds,3.02,C10,C10B,.5
ml,9,F04,F04D,.5
jb,5.07,C03,C03B,.5
nn,3.03,F04,F04C,.5
ni,3.01,F16,F16F,.5
aq,3.02,E21,E21C,.5
ve,3.02,E05,E05B,.5
ij,2.11,D03,D03D,.5
sd,3.02,B23,B23P,.5
yi,6.03,B60,B60R,.5
fi,1.04,H01,H01K,.5
mq,6.01,D21,D21H,.5
dq,9,F01,F01P,.5
fy,3.02,F23,F23G,.5
ia,3.02,B21,B21H,.5
si,1.05,A01,A01B,.5
ve,3.02,F02,F02K,.5
qg,2.05,B66,B66B,.5
xa,5.04,B66,B66F,.5
bq,6.05,G05,G05F,.5
jy,4.05,F41,F41B,.5
gu,1.06,B60,B60M,.5
ur,1.01,B60,B60T,.5
wy,5.04,F16,F16C,.5
ue,2.11,B67,B67C,.5
ct,9,G01,G01M,.5
dk,5.02,H01,H01P,.5
hf,6.03,B65,B65G,.5
js,6.04,A45,A45C,.5
ix,2.07,A22,A22C,.5
fi,1.04,F41,F41G,.5
qa,3.01,B60,B60J,.5
tc,3.02,B23,B23H,.5
dw,1.04,B27,B27M,.5
xq,2.11,A22,A22C,.5
re,1.05,A63,A63J,.5
ma,3.02,B65,B65G,.5
ze,1.06,F01,F01N,.5
hq,1.04,C12,C12C,.5
rt,3.02,F16,F16M,.5
qc,6.02,F03,F03H,.5
ip,2.07,H02,H02S,.5
bu,1.03,H01,H01G,.5
qf,9,G10,G10H,.5
es,2.02,C11,C11B,.5
ia,3.02,F03,F03G,.5
tm,3.01,F16,F16M,.5
bp,6.04,F23,F23G,.5
vm,5.06,C03,C03C,.5
le,1.05,A61,A61D,.5
jo,5.04,F02,F02D,.5
jm,5.04,F16,F16M,.5
ba,3.02,H04,H04S,.5
jm,5.04,F21,F21S,.5
xq,2.11,C23,C23G,.5
wu,5.04,D21,D21C,.5
vj,5.01,E04,E04B,.5
oe,5.06,A45,A45F,.5
ka,4.01,A63,A63H,.5
ij,2.11,A44,A44B,.5
yg,6.04,B61,B61L,.5
zr,1.05,B60,B60W,.5
uh,1.03,F21,F21K,.5
yi,6.03,H02,H02B,.5
ij,2.11,A45,A45B,.5
pu,2.03,E03,E03B,.5
es,2.02,E05,E05B,.5
ih,2.07,F21,F21S,.5
cq,1.06,D21,D21J,.5
ui,1.03,B28,B28C,.5
li,3.02,H05,H05H,.5
uu,5.06,A24,A24F,.5
fa,2.01,A24,A24F,.5
vx,5.01,B44,B44F,.5
ni,3.01,G05,G05F,.5
ot,6.02,F17,F17C,.5
re,1.05,F16,F16K,.5
ha,5.03,B60,B60G,.5
ip,2.07,B02,B02C,.5
ot,6.02,B22,B22D,.5
ki,3.02,B60,B60H,.5
ue,2.11,F25,F25B,.5
zd,9,B65,B65G,.5
ha,5.03,B44,B44D,.5
et,1.02,C07,C07G,.5
da,1.06,B64,B64D,.5
qf,9,B67,B67D,.5
hb,5.03,G01,G01F,.5
bi,6.01,F02,F02K,.5
dr,1.06,A47,A47K,.5
su,3.02,B07,B07B,.5
lj,3.02,H01,H01J,.5
pj,2.05,H04,H04R,.5
ha,5.03,A47,A47G,.5
bq,6.05,B63,B63J,.5
ip,2.07,B63,B63J,.5
bq,6.05,B03,B03D,.5
ma,3.02,F02,F02P,.5
ia,3.02,F25,F25C,.5
su,3.02,G01,G01F,.5
bp,6.04,B60,B60J,.5
am,4.01,B27,B27K,.5
eq,3.01,A62,A62D,.5
uu,5.06,C09,C09C,.5
bd,1.06,F16,F16D,.5
py,3.02,H04,H04K,.5
uq,5.07,B41,B41F,.5
es,2.02,G04,G04B,.5
uf,1.03,A63,A63H,.5
mr,6.01,A61,A61Q,.5
ba,3.02,B22,B22D,.5
zm,1.06,B60,B60H,.5
mm,6.01,H01,H01G,.5
ba,3.02,C02,C02F,.5
mm,6.01,H01,H01K,.5
up,1.03,E04,E04D,.5
cn,5.01,F04,F04B,.5
jo,5.04,B62,B62B,.5
ky,1.05,A23,A23K,.5
ix,2.07,B21,B21B,.5
ha,5.03,B25,B25F,.5
ua,6.03,G02,G02C,.5
oe,5.06,F27,F27B,.5
wm,5.04,H03,H03J,.5
xa,5.04,G10,G10D,.5
oe,5.06,H02,H02B,.5
ut,6.02,B03,B03B,.5
jo,5.04,H02,H02M,.5
ba,3.02,B62,B62D,.5
wm,5.04,D01,D01D,.5
ha,5.03,B09,B09C,.5
ec,1.04,A62,A62C,.5
oe,5.06,B41,B41F,.5
jo,5.04,E04,E04C,.5
ht,1.06,H01,H01C,.5
py,3.02,F26,F26B,.5
tq,3.02,H04,H04J,.5
hl,3.03,A41,A41H,.5
eq,3.01,B22,B22F,.5
iu,2.03,F03,F03C,.5
nu,5.08,B02,B02B,.5
tc,3.02,B41,B41M,.5
ex,1.02,B02,B02B,.5
ma,3.02,B23,B23H,.5
en,9,D01,D01F,.5
ai,2.03,B66,B66D,.5
lq,3.03,F21,F21K,.5
jb,5.07,A46,A46D,.5
wc,3.03,B41,B41M,.5
ku,5.07,A61,A61C,.5
da,1.06,G07,G07F,.5
li,3.02,B65,B65D,.5
fe,5.05,B65,B65G,.5
ya,3.02,E03,E03C,.5
km,1.06,F02,F02F,.5
hl,3.03,F16,F16G,.5
xe,4.01,B64,B64D,.5
wm,5.04,A47,A47L,.5
hb,5.03,H01,H01P,.5
ky,1.05,F28,F28D,.5
zr,1.05,G02,G02F,.5
ij,2.11,E01,E01B,.5
fi,1.04,B60,B60K,.5
ha,5.03,C25,C25F,.5
di,5.02,A47,A47K,.5
hb,5.03,F23,F23L,.5
ye,2.02,B31,B31B,.5
uy,1.04,F41,F41C,.5
bk,6.04,G01,G01H,.5
pc,5.02,B65,B65C,.5
ad,4.02,H04,H04R,.5
ja,1.05,D06,D06L,.5
uq,5.07,B21,B21B,.5
ee,1.04,B60,B60M,.5
ba,3.02,F16,F16D,.5
jo,5.04,D06,D06M,.5
ro,1.07,B63,B63J,.5
mm,6.01,B62,B62K,.5
ha,5.03,D06,D06M,.5
jb,5.07,B05,B05D,.5
fs,6.04,B29,B29B,.5
ot,6.02,B65,B65C,.5
gc,1.05,A63,A63J,.5
ma,3.02,F01,F01L,.5
ph,6.02,G06,G06K,.5
ox,6.02,A23,A23B,.5
or,5.09,C25,C25D,.5
vx,5.01,A22,A22C,.5
sd,3.02,C03,C03C,.5
bd,1.06,C08,C08L,.5
wm,5.04,G01,G01K,.5
ji,5.01,B44,B44B,.5
mm,6.01,A01,A01G,.5
my,5.01,H01,H01J,.5
pe,5.02,G04,G04F,.5
ue,2.11,B43,B43K,.5
mm,6.01,B63,B63B,.5
vj,5.01,C08,C08C,.5
mw,5.09,G05,G05B,.5
mm,6.01,B27,B27N,.5
io,2.07,F42,F42B,.5
qh,2.05,B26,B26F,.5
oi,3.02,H01,H01H,.5
ur,1.01,F02,F02G,.5
pi,1.06,B23,B23K,.5
ml,9,A63,A63C,.5
ip,2.07,A63,A63B,.5
dm,3.02,E03,E03C,.5
ec,1.04,D06,D06N,.5
zk,9,F41,F41G,.5
nn,3.03,F03,F03D,.5
lq,3.03,H01,H01K,.5
iy,1.06,A63,A63F,.5
fy,3.02,G01,G01H,.5
xy,1.01,A01,A01B,.5
hl,3.03,F16,F16H,.5
ma,3.02,G01,G01F,.5
qc,6.02,C08,C08B,.5
pf,6.02,A01,A01F,.5
yg,6.04,G01,G01C,.5
fs,6.04,F02,F02F,.5
ut,6.02,A47,A47F,.5
om,5.05,C08,C08C,.5
dk,5.02,B28,B28B,.5
ji,5.01,A41,A41B,.5
es,2.02,E21,E21D,.5
lq,3.03,B08,B08B,.5
ml,9,G09,G09G,.5
ik,2.11,D05,D05C,.5
pz,2.05,H05,H05F,.5
bk,6.04,A21,A21B,.5
da,1.06,D02,D02G,.5
oi,3.02,A47,A47J,.5
cl,9,A47,A47J,.5
zm,1.06,B05,B05B,.5
gm,3.03,A47,A47D,.5
bk,6.04,E04,E04H,.5
pa,6.02,E01,E01F,.5
iu,2.03,B23,B23G,.5
iu,2.03,D06,D06H,.5
ta,1.06,H03,H03M,.5
ad,4.02,B24,B24D,.5
iy,1.06,C12,C12J,.5
mu,4.01,G09,G09B,.5
pj,2.05,B26,B26D,.5
ta,1.06,C01,C01G,.5
hl,3.03,C05,C05B,.5
bq,6.05,D21,D21G,.5
af,4.05,H01,H01J,.5
ot,6.02,F42,F42B,.5
hb,5.03,G06,G06E,.5
dk,5.02,G21,G21C,.5
oy,9,F16,F16J,.5
aq,3.02,B60,B60P,.5
xw,3.03,B81,B81C,.5
si,1.05,B62,B62J,.5
ph,6.02,A47,A47L,.5
hf,6.03,F16,F16M,.5
iy,1.06,E02,E02D,.5
py,3.02,B28,B28B,.5
uq,5.07,B09,B09C,.5
oa,2.11,H05,H05C,.5
ua,6.03,F02,F02B,.5
vm,5.06,B41,B41J,.5
ox,6.02,F01,F01C,.5
ox,6.02,B63,B63B,.5
uy,1.04,A63,A63D,.5
dr,1.06,B65,B65H,.5
gm,3.03,H01,H01H,.5
ee,1.04,F24,F24D,.5
jb,5.07,F16,F16N,.5
xa,5.04,B30,B30B,.5
zm,1.06,A01,A01J,.5
ip,2.07,F01,F01M,.5
ya,3.02,E05,E05C,.5
jm,5.04,G10,G10L,.5
jb,5.07,G01,G01D,.5
ja,1.05,H03,H03J,.5
ig,2.06,F24,F24T,.5
hl,3.03,C05,C05C,.5
ro,1.07,B21,B21H,.5
qa,3.01,B26,B26D,.5
iy,1.06,G10,G10D,.5
vp,3.03,D06,D06P,.5
yg,6.04,B22,B22F,.5
ik,2.11,B27,B27D,.5
pj,2.05,B27,B27H,.5
ky,1.05,B23,B23B,.5
ot,6.02,A01,A01M,.5
ip,2.07,B23,B23B,.5
le,1.05,C10,C10C,.5
hq,1.04,B43,B43M,.5
rp,6.04,C07,C07B,.5
et,1.02,B67,B67C,.5
sy,1.03,C10,C10B,.5
im,2.01,B07,B07C,.5
xa,5.04,H02,H02B,.5
sd,3.02,H02,H02N,.5
jb,5.07,F02,F02D,.5
bq,6.05,C23,C23G,.5
lq,3.03,A63,A63B,.5
jo,5.04,F41,F41A,.5
ky,1.05,B07,B07C,.5
or,5.09,B60,B60T,.5
hb,5.03,F41,F41H,.5
wm,5.04,F41,F41G,.5
jy,4.05,F22,F22B,.5
uy,1.04,B25,B25G,.5
dr,1.06,H02,H02P,.5
ml,9,B60,B60R,.5
pg,6.02,F15,F15B,.5
ja,1.05,A46,A46D,.5
fu,5.04,F02,F02F,.5
km,1.06,D21,D21G,.5
oz,6.02,H01,H01G,.5
nn,3.03,A21,A21B,.5
gc,1.05,H01,H01R,.5
jw,6.02,B42,B42D,.5
wc,3.03,F23,F23K,.5
su,3.02,B05,B05C,.5
dm,3.02,F04,F04C,.5
pe,5.02,F42,F42C,.5
gc,1.05,A47,A47B,.5
vx,5.01,B44,B44B,.5
ub,1.03,C21,C21C,.5
rz,3.03,B60,B60P,.5
km,1.06,F16,F16P,.5
pa,6.02,G04,G04B,.5
kv,1.05,F16,F16H,.5
jb,5.07,C09,C09B,.5
ki,3.02,H02,H02H,.5
my,5.01,B62,B62K,.5
ex,1.02,B62,B62B,.5
ec,1.04,E05,E05C,.5
gu,1.06,B44,B44C,.5
ni,3.01,A46,A46D,.5
oy,9,C06,C06B,.5
nu,5.08,F23,F23L,.5
ku,5.07,B41,B41J,.5
ah,4.01,E04,E04B,.5
jb,5.07,B23,B23Q,.5
bd,1.06,B21,B21D,.5
hb,5.03,F01,F01N,.5
hb,5.03,F01,F01L,.5
vy,3.02,D06,D06F,.5
dq,9,B24,B24C,.5
ta,1.06,C12,C12Y,.5
ph,6.02,D05,D05B,.5
ti,9,G05,G05F,.5
am,4.01,F16,F16C,.5
jb,5.07,B63,B63H,.5
ja,1.05,B21,B21C,.5
ya,3.02,B07,B07B,.5
hi,5.01,B27,B27B,.5
fe,5.05,F16,F16B,.5
pc,5.02,B23,B23C,.5
ot,6.02,F41,F41J,.5
sa,3.03,F01,F01L,.5
op,3.03,A63,A63B,.5
oy,9,A63,A63D,.5
er,1.02,A62,A62C,.5
ku,5.07,B07,B07B,.5
jb,5.07,A01,A01B,.5
ei,1.04,B63,B63G,.5
dk,5.02,C09,C09D,.5
ju,4.01,G03,G03B,.5
fu,5.04,C02,C02F,.5
bu,1.03,F16,F16J,.5
yg,6.04,B03,B03B,.5
qh,2.05,F02,F02M,.5
ye,2.02,G21,G21H,.5
td,3.02,A47,A47C,.5
tq,3.02,F03,F03D,.5
nq,5.01,E04,E04B,.5
sd,3.02,F17,F17C,.5
ze,1.06,F01,F01D,.5
zm,1.06,A47,A47G,.5
jb,5.07,B23,B23K,.5
jo,5.04,F41,F41C,.5
ku,5.07,B21,B21K,.5
oa,2.11,G04,G04C,.5
eo,6.02,C04,C04B,.5
ta,1.06,F02,F02M,.5
pi,1.06,G10,G10C,.5
qf,9,D21,D21C,.5
bf,5.04,E21,E21B,.5
hb,5.03,C25,C25B,.5
xe,4.01,E02,E02F,.5
dy,1.04,E21,E21D,.5
yu,3.03,B22,B22C,.5
nu,5.08,F21,F21K,.5
nm,5.02,G01,G01R,.5
zc,4.03,B24,B24D,.5
de,1.06,A63,A63H,.5
uh,1.03,F23,F23R,.5
ij,2.11,A23,A23F,.5
ha,5.03,D07,D07B,.5
po,1.01,F17,F17C,.5
su,3.02,H02,H02P,.5
le,1.05,B60,B60N,.5
fy,3.02,H01,H01B,.5
et,1.02,B26,B26D,.5
dq,9,H02,H02H,.5
wu,5.04,B22,B22D,.5
jb,5.07,A47,A47J,.5
cq,1.06,E01,E01D,.5
hb,5.03,C10,C10M,.5
he,5.03,C04,C04B,.5
rt,3.02,B44,B44C,.5
cl,9,G08,G08C,.5
si,1.05,G07,G07G,.5
ze,1.06,F03,F03D,.5
es,2.02,B02,B02C,.5
fy,3.02,F16,F16K,.5
mq,6.01,E05,E05B,.5
aa,1.03,B25,B25B,.5
ah,4.01,H01,H01S,.5
az,3.02,B67,B67C,.5
ct,9,A61,A61D,.5
rt,3.02,B25,B25H,.5
ih,2.07,F04,F04C,.5
pe,5.02,B60,B60H,.5
db,2.08,H02,H02B,.5
jm,5.04,F02,F02D,.5
py,3.02,B21,B21F,.5
bp,6.04,C09,C09C,.5
cl,9,F03,F03D,.5
gu,1.06,G21,G21F,.5
un,1.03,F23,F23R,.5
fs,6.04,B05,B05D,.5
gc,1.05,F23,F23K,.5
bd,1.06,E02,E02B,.5
ev,1.02,B27,B27F,.5
oa,2.11,B01,B01B,.5
uq,5.07,F28,F28C,.5
jb,5.07,B64,B64F,.5
hf,6.03,D01,D01H,.5
le,1.05,B24,B24C,.5
yi,6.03,B07,B07C,.5
am,4.01,H02,H02M,.5
ja,1.05,D01,D01G,.5
ur,1.01,F42,F42B,.5
cn,5.01,G01,G01B,.5
su,3.02,B64,B64C,.5
ox,6.02,G10,G10H,.5
ei,1.04,F16,F16P,.5
vj,5.01,C21,C21B,.5
ij,2.11,E04,E04F,.5
um,3.01,B21,B21F,.5
we,3.02,B05,B05D,.5
km,1.06,D06,D06B,.5
wv,3.03,G10,G10D,.5
ma,3.02,C23,C23G,.5
wm,5.04,E05,E05F,.5
co,1.06,D05,D05B,.5
or,5.09,H01,H01C,.5
et,1.02,B23,B23G,.5
ur,1.01,A44,A44C,.5
wf,1.06,B64,B64G,.5
li,3.02,C22,C22F,.5
fy,3.02,H02,H02H,.5
bd,1.06,C12,C12J,.5
si,1.05,B66,B66D,.5
za,3.02,B23,B23B,.5
ee,1.04,C14,C14C,.5
ij,2.11,B62,B62M,.5
jy,4.05,H04,H04J,.5
dm,3.02,A01,A01M,.5
nm,5.02,A01,A01B,.5
fs,6.04,F27,F27B,.5
cq,1.06,F23,F23J,.5
oy,9,B09,B09B,.5
jo,5.04,H02,H02J,.5
gu,1.06,B66,B66C,.5
ai,2.03,B30,B30B,.5
bk,6.04,F41,F41G,.5
uu,5.06,D21,D21C,.5
yp,3.02,B62,B62B,.5
fa,2.01,D21,D21D,.5
vm,5.06,F16,F16D,.5
nu,5.08,D04,D04G,.5
di,5.02,B60,B60H,.5
wu,5.04,F15,F15B,.5
dw,1.04,E03,E03D,.5
ot,6.02,A01,A01J,.5
dq,9,B24,B24D,.5
eu,2.02,B26,B26D,.5
xy,1.01,A41,A41G,.5
hf,6.03,C12,C12M,.5
lq,3.03,F41,F41A,.5
ep,1.02,A41,A41G,.5
tc,3.02,A62,A62C,.5
wu,5.04,F24,F24C,.5
ba,3.02,C10,C10B,.5
nu,5.08,D06,D06Q,.5
dw,1.04,G04,G04C,.5
ki,3.02,B23,B23Q,.5
tq,3.02,D04,D04H,.5
zd,9,A45,A45D,.5
yy,5.07,B43,B43M,.5
ju,4.01,H01,H01M,.5
id,2.07,B65,B65F,.5
hy,1.06,B23,B23B,.5
mw,5.09,E21,E21B,.5
hy,1.06,B23,B23C,.5
ki,3.02,B05,B05C,.5
jb,5.07,H01,H01H,.5
ta,1.06,G01,G01V,.5
jy,4.05,B67,B67B,.5
mq,6.01,F17,F17C,.5
bu,1.03,B04,B04C,.5
ig,2.06,E21,E21C,.5
gc,1.05,B41,B41F,.5
et,1.02,D04,D04C,.5
yy,5.07,B61,B61D,.5
az,3.02,A44,A44B,.5
da,1.06,H02,H02G,.5
ry,2.03,F16,F16F,.5
ut,6.02,B62,B62M,.5
pn,1.01,B62,B62J,.5
aq,3.02,B22,B22D,.5
ad,4.02,E21,E21B,.5
ip,2.07,B63,B63C,.5
uu,5.06,F01,F01L,.5
wv,3.03,E04,E04G,.5
sr,2.07,F02,F02C,.5
qg,2.05,A47,A47L,.5
lj,3.02,B42,B42D,.5
za,3.02,A47,A47K,.5
pe,5.02,H03,H03G,.5
hy,1.06,B41,B41M,.5
gc,1.05,E21,E21C,.5
ju,4.01,A01,A01B,.5
js,6.04,B23,B23B,.5
ha,5.03,B61,B61L,.5
gu,1.06,C10,C10C,.5
tq,3.02,A61,A61D,.5
vs,5.01,D21,D21C,.5
ia,3.02,B30,B30B,.5
et,1.02,C08,C08H,.5
eu,2.02,A23,A23C,.5
ae,4.05,A61,A61D,.5
um,3.01,A62,A62B,.5
hb,5.03,G16,G16H,.5
mr,6.01,F16,F16H,.5
zk,9,A44,A44C,.5
ru,3.01,F23,F23R,.5
az,3.02,G02,G02F,.5
rp,6.04,F16,F16J,.5
uu,5.06,F01,F01P,.5
vj,5.01,G21,G21G,.5
ps,5.04,E04,E04F,.5
he,5.03,F04,F04C,.5
ig,2.06,C09,C09G,.5
cq,1.06,C06,C06D,.5
ya,3.02,B42,B42F,.5
ds,3.02,C21,C21D,.5
op,3.03,A43,A43B,.5
uu,5.06,A23,A23F,.5
vj,5.01,B09,B09B,.5
re,1.05,B60,B60V,.5
oe,5.06,A23,A23B,.5
pc,5.02,F42,F42C,.5
dt,2.03,B26,B26B,.5
zq,2.07,A01,A01G,.5
pa,6.02,B63,B63G,.5
qc,6.02,A47,A47L,.5
vx,5.01,E04,E04B,.5
mm,6.01,G10,G10H,.5
ec,1.04,E02,E02F,.5
wh,3.02,F15,F15B,.5
sd,3.02,B21,B21C,.5
nu,5.08,B60,B60M,.5
zd,9,B66,B66C,.5
wv,3.03,D01,D01H,.5
op,3.03,H01,H01R,.5
pz,2.05,E03,E03C,.5
ze,1.06,A47,A47G,.5
xe,4.01,B67,B67C,.5
yg,6.04,B60,B60N,.5
mu,4.01,E01,E01C,.5
pf,6.02,C03,C03B,.5
ew,1.02,G10,G10D,.5
tc,3.02,B67,B67D,.5
cq,1.06,B44,B44C,.5
gy,5.02,A41,A41G,.5
cq,1.06,B67,B67D,.5
tq,3.02,C01,C01D,.5
yu,3.03,A21,A21C,.5
uu,5.06,D01,D01D,.5
xa,5.04,G21,G21C,.5
td,3.02,D06,D06L,.5
wm,5.04,D01,D01G,.5
wy,5.04,H03,H03G,.5
su,3.02,B60,B60L,.5
km,1.06,B07,B07B,.5
le,1.05,H01,H01T,.5
aq,3.02,B63,B63J,.5
eu,2.02,F01,F01D,.5
le,1.05,B65,B65F,.5
ni,3.01,F01,F01D,.5
wv,3.03,H02,H02P,.5
dy,1.04,B07,B07B,.5
ad,4.02,C12,C12H,.5
gy,5.02,F28,F28F,.5
ec,1.04,G07,G07B,.5
vm,5.06,H01,H01H,.5
uq,5.07,C02,C02F,.5
mr,6.01,C08,C08J,.5
es,2.02,B03,B03B,.5
gu,1.06,B27,B27K,.5
mq,6.01,C05,C05C,.5
td,3.02,A41,A41D,.5
ht,1.06,G01,G01B,.5
qa,3.01,B22,B22C,.5
js,6.04,G05,G05F,.5
ox,6.02,F02,F02M,.5
eq,3.01,H01,H01H,.5
vm,5.06,G09,G09F,.5
dq,9,F41,F41G,.5
qe,2.09,A44,A44C,.5
nn,3.03,E05,E05B,.5
bm,5.07,F24,F24F,.5
fy,3.02,H03,H03H,.5
pc,5.02,C03,C03B,.5
di,5.02,F01,F01L,.5
re,1.05,G03,G03G,.5
ni,3.01,E21,E21D,.5
ju,4.01,G07,G07B,.5
vi,5.01,G03,G03C,.5
ip,2.07,G09,G09G,.5
wm,5.04,C23,C23F,.5
dm,3.02,B43,B43L,.5
ot,6.02,B03,B03C,.5
eq,3.01,B41,B41M,.5
pn,1.01,F16,F16G,.5
ve,3.02,B09,B09B,.5
rt,3.02,B60,B60D,.5
zm,1.06,E04,E04H,.5
xe,4.01,G07,G07C,.5
op,3.03,C06,C06D,.5
ev,1.02,F03,F03C,.5
ku,5.07,A01,A01C,.5
ye,2.02,B21,B21K,.5
gu,1.06,C14,C14C,.5
km,1.06,B25,B25B,.5
pj,2.05,G10,G10C,.5
wq,5.01,A47,A47C,.5
bu,1.03,H02,H02M,.5
sy,1.03,H05,H05F,.5
af,4.05,G16,G16H,.5
iq,2.02,B42,B42C,.5
rt,3.02,D04,D04H,.5
aa,1.03,A23,A23D,.5
ka,4.01,E01,E01B,.5
ro,1.07,B61,B61L,.5
ba,3.02,C08,C08K,.5
bm,5.07,A62,A62D,.5
pi,1.06,F16,F16K,.5
nq,5.01,F01,F01D,.5
bm,5.07,B25,B25J,.5
if,2.11,F24,F24D,.5
pa,6.02,A46,A46D,.5
ra,2.11,F24,F24D,.5
nn,3.03,B65,B65H,.5
sa,3.03,H02,H02J,.5
qq,1.05,E03,E03C,.5
gu,1.06,F25,F25J,.5
vi,5.01,A22,A22C,.5
jw,6.02,A61,A61G,.5
dx,3.01,F02,F02D,.5
uy,1.04,A41,A41C,.5
mw,5.09,D03,D03D,.5
aq,3.02,C10,C10J,.5
zm,1.06,F04,F04C,.5
mq,6.01,B23,B23P,.5
ve,3.02,A45,A45C,.5
jy,4.05,H03,H03H,.5
rz,3.03,H03,H03H,.5
fa,2.01,B65,B65B,.5
da,1.06,B66,B66C,.5
db,2.08,C21,C21B,.5
vx,5.01,D21,D21C,.5
uu,5.06,B09,B09C,.5
wu,5.04,A01,A01B,.5
bk,6.04,G05,G05G,.5
ju,4.01,B23,B23G,.5
yg,6.04,G21,G21C,.5
jw,6.02,B63,B63B,.5
gy,5.02,F01,F01M,.5
et,1.02,B27,B27M,.5
gy,5.02,D03,D03D,.5
ba,3.02,B41,B41M,.5
ue,2.11,B23,B23D,.5
ps,5.04,A46,A46B,.5
bk,6.04,B09,B09C,.5
vy,3.02,A45,A45C,.5
yg,6.04,A01,A01K,.5
pc,5.02,F03,F03B,.5
ua,6.03,G01,G01M,.5
db,2.08,H02,H02S,.5
hl,3.03,H01,H01F,.5
zd,9,F41,F41B,.5
gm,3.03,B29,B29C,.5
vy,3.02,D04,D04C,.5
gy,5.02,C21,C21B,.5
dt,2.03,A46,A46B,.5
am,4.01,G03,G03G,.5
xq,2.11,E02,E02D,.5
ps,5.04,B60,B60T,.5
da,1.06,H02,H02M,.5
si,1.05,F04,F04D,.5
tc,3.02,F16,F16B,.5
ea,1.04,Y10,Y10S,.5
ha,5.03,B60,B60Q,.5
ev,1.02,B23,B23F,.5
ma,3.02,H03,H03G,.5
ia,3.02,E01,E01F,.5
mq,6.01,B60,B60G,.5
gm,3.03,F01,F01L,.5
hf,6.03,B63,B63B,.5
gy,5.02,B04,B04C,.5
rt,3.02,B64,B64G,.5
cl,9,C09,C09B,.5
wc,3.03,B05,B05C,.5
ac,2.02,H02,H02B,.5
zc,4.03,B64,B64F,.5
ql,9,A63,A63F,.5
ue,2.11,F17,F17D,.5
uu,5.06,F23,F23C,.5
wu,5.04,G21,G21C,.5
ui,1.03,B04,B04C,.5
gm,3.03,H01,H01M,.5
xw,3.03,B30,B30B,.5
et,1.02,B60,B60M,.5
wv,3.03,B65,B65D,.5
cu,1.06,B65,B65H,.5
zd,9,F01,F01N,.5
hb,5.03,G01,G01L,.5
xw,3.03,F15,F15D,.5
nu,5.08,B60,B60S,.5
km,1.06,A63,A63C,.5
db,2.08,E21,E21F,.5
mr,6.01,C23,C23C,.5
ji,5.01,A01,A01N,.5
wu,5.04,E02,E02D,.5
nm,5.02,C08,C08J,.5
ha,5.03,E02,E02F,.5
db,2.08,F16,F16N,.5
ka,4.01,B27,B27L,.5
om,5.05,E04,E04H,.5
ka,4.01,B26,B26D,.5
jb,5.07,H03,H03B,.5
pg,6.02,H04,H04B,.5
sa,3.03,E02,E02F,.5
if,2.11,G04,G04C,.5
rt,3.02,B66,B66B,.5
ni,3.01,D04,D04H,.5
fs,6.04,G10,G10L,.5
ka,4.01,G10,G10D,.5
ro,1.07,B44,B44F,.5
jo,5.04,C03,C03C,.5
gu,1.06,F02,F02P,.5
pt,3.03,A23,A23G,.5
vi,5.01,D05,D05C,.5
ht,1.06,G01,G01D,.5
pa,6.02,A01,A01M,.5
ji,5.01,C08,C08F,.5
oa,2.11,B31,B31B,.5
we,3.02,G01,G01M,.5
um,3.01,E01,E01C,.5
fa,2.01,A61,A61G,.5
hi,5.01,B25,B25F,.5
eo,6.02,F02,F02B,.5
pz,2.05,F24,F24T,.5
nm,5.02,D01,D01F,.5
cu,1.06,F01,F01D,.5
tc,3.02,B63,B63B,.5
pq,1.01,B23,B23C,.5
sd,3.02,B65,B65D,.5
km,1.06,E04,E04B,.5
nn,3.03,B43,B43L,.5
gm,3.03,C23,C23C,.5
gu,1.06,C06,C06D,.5
ip,2.07,B07,B07B,.5
bp,6.04,D21,D21D,.5
ot,6.02,F28,F28F,.5
ki,3.02,H02,H02G,.5
lq,3.03,B63,B63J,.5
yp,3.02,B05,B05C,.5
ig,2.06,A23,A23B,.5
yy,5.07,A01,A01F,.5
mr,6.01,B60,B60K,.5
bq,6.05,F03,F03D,.5
ga,3.02,H02,H02P,.5
wu,5.04,H01,H01K,.5
ua,6.03,F01,F01C,.5
xw,3.03,A62,A62D,.5
ad,4.02,H01,H01T,.5
ei,1.04,B62,B62K,.5
zm,1.06,B42,B42F,.5
vi,5.01,B44,B44B,.5
ac,2.02,B67,B67D,.5
hf,6.03,A01,A01M,.5
re,1.05,H04,H04H,.5
ee,1.04,F25,F25C,.5
jy,4.05,B23,B23D,.5
dy,1.04,A24,A24C,.5
rb,2.02,C09,C09B,.5
js,6.04,D21,D21G,.5
ip,2.07,D06,D06M,.5
nu,5.08,B21,B21K,.5
ph,6.02,B28,B28B,.5
ep,1.02,E02,E02B,.5
sd,3.02,D04,D04B,.5
am,4.01,B23,B23D,.5
ig,2.06,B63,B63J,.5
iy,1.06,G04,G04C,.5
jb,5.07,F28,F28F,.5
gu,1.06,C01,C01D,.5
co,1.06,F01,F01M,.5
nm,5.02,G11,G11B,.5
jy,4.05,A47,A47C,.5
bp,6.04,B64,B64G,.5
bm,5.07,F02,F02C,.5
zm,1.06,C06,C06D,.5
vx,5.01,F16,F16H,.5
pm,2.05,C14,C14C,.5
ml,9,F02,F02M,.5
ec,1.04,F25,F25C,.5
js,6.04,E05,E05F,.5
ut,6.02,H05,H05H,.5
ue,2.11,D06,D06P,.5
yp,3.02,B60,B60P,.5
qg,2.05,B60,B60T,.5
oa,2.11,B27,B27D,.5
yo,3.01,B26,B26B,.5
gu,1.06,H02,H02H,.5
di,5.02,F16,F16J,.5
hb,5.03,F23,F23C,.5
id,2.07,B26,B26F,.5
km,1.06,E04,E04H,.5
uy,1.04,B25,B25H,.5
hf,6.03,D06,D06M,.5
ur,1.01,B65,B65G,.5
qk,6.01,F01,F01N,.5
jb,5.07,A24,A24D,.5
bp,6.04,B63,B63H,.5
my,5.01,B01,B01D,.5
hi,5.01,B05,B05D,.5
ro,1.07,B25,B25B,.5
pw,2.06,F16,F16M,.5
co,1.06,B62,B62J,.5
mm,6.01,A44,A44C,.5
qk,6.01,A21,A21B,.5
nq,5.01,G07,G07C,.5
yo,3.01,B22,B22C,.5
xa,5.04,H01,H01G,.5
dm,3.02,B27,B27C,.5
tm,3.01,C10,C10K,.5
uy,1.04,B60,B60B,.5
gy,5.02,F17,F17C,.5
dk,5.02,B65,B65G,.5
ia,3.02,B23,B23B,.5
ij,2.11,B65,B65C,.5
xa,5.04,F16,F16N,.5
wm,5.04,B30,B30B,.5
ay,3.01,F16,F16L,.5
or,5.09,B60,B60W,.5
li,3.02,A61,A61D,.5
hy,1.06,A63,A63H,.5
ni,3.01,F04,F04C,.5
fy,3.02,G03,G03B,.5
ad,4.02,F25,F25D,.5
rt,3.02,B61,B61L,.5
wu,5.04,E03,E03F,.5
iq,2.02,A46,A46D,.5
ia,3.02,B07,B07C,.5
hb,5.03,A63,A63K,.5
ku,5.07,B42,B42D,.5
si,1.05,F02,F02F,.5
es,2.02,B24,B24C,.5
dx,3.01,G08,G08G,.5
gu,1.06,E04,E04H,.5
vi,5.01,B61,B61K,.5
we,3.02,C09,C09B,.5
xy,1.01,D03,D03D,.5
pa,6.02,A63,A63D,.5
vm,5.06,B60,B60R,.5
bi,6.01,F15,F15D,.5
oy,9,F17,F17C,.5
xw,3.03,C06,C06D,.5
pz,2.05,B60,B60V,.5
rq,1.06,F01,F01N,.5
ep,1.02,C10,C10B,.5
et,1.02,B27,B27L,.5
bq,6.05,F01,F01K,.5
ro,1.07,A41,A41H,.5
db,2.08,B67,B67B,.5
ro,1.07,G10,G10C,.5
pj,2.05,F21,F21V,.5
pt,3.03,A22,A22B,.5
tm,3.01,G01,G01G,.5
hl,3.03,B09,B09C,.5
my,5.01,B23,B23K,.5
sa,3.03,Y02,Y02E,.5
pz,2.05,B25,B25C,.5
oz,6.02,C10,C10C,.5
eu,2.02,F01,F01K,.5
ad,4.02,B04,B04B,.5
om,5.05,F16,F16H,.5
oe,5.06,C12,C12R,.5
vj,5.01,H03,H03B,.5
wm,5.04,F02,F02M,.5
py,3.02,C25,C25F,.5
fa,2.01,F16,F16H,.5
hf,6.03,A01,A01B,.5
qk,6.01,B22,B22F,.5
oa,2.11,A44,A44C,.5
pn,1.01,B27,B27D,.5
di,5.02,B67,B67D,.5
mq,6.01,B61,B61L,.5
ht,1.06,E04,E04F,.5
un,1.03,F16,F16H,.5
oa,2.11,A47,A47F,.5
fa,2.01,A01,A01H,.5
su,3.02,B41,B41F,.5
eu,2.02,B21,B21C,.5
pa,6.02,B63,B63C,.5
pg,6.02,E04,E04B,.5
pi,1.06,A61,A61J,.5
dx,3.01,A47,A47B,.5
jw,6.02,A45,A45D,.5
ii,2.04,E04,E04G,.5
bd,1.06,F41,F41A,.5
aq,3.02,F24,F24B,.5
pg,6.02,B41,B41J,.5
qu,1.06,B05,B05C,.5
hb,5.03,A45,A45C,.5
pu,2.03,D01,D01H,.5
ph,6.02,G01,G01M,.5
pg,6.02,H01,H01K,.5
zq,2.07,B25,B25B,.5
ad,4.02,B62,B62J,.5
xa,5.04,B23,B23P,.5
co,1.06,A63,A63H,.5
ru,3.01,G07,G07G,.5
ze,1.06,E01,E01F,.5
ih,2.07,F16,F16D,.5
yo,3.01,C10,C10B,.5
ro,1.07,F16,F16T,.5
oy,9,F41,F41B,.5
ni,3.01,B65,B65G,.5
cq,1.06,E05,E05B,.5
ah,4.01,B23,B23K,.5
bq,6.05,C14,C14C,.5
gu,1.06,A22,A22C,.5
cn,5.01,G01,G01K,.5
zk,9,A47,A47J,.5
aq,3.02,H01,H01P,.5
ui,1.03,B64,B64F,.5
ip,2.07,F23,F23R,.5
pt,3.03,A22,A22C,.5
pg,6.02,B62,B62K,.5
ot,6.02,B65,B65B,.5
ry,2.03,A43,A43B,.5
dw,1.04,A41,A41B,.5
pg,6.02,H05,H05B,.5
si,1.05,B66,B66F,.5
dk,5.02,G04,G04C,.5
ga,3.02,D05,D05B,.5
ui,1.03,B25,B25F,.5
zq,2.07,F04,F04D,.5
qh,2.05,H02,H02G,.5
pn,1.01,F25,F25D,.5
pa,6.02,H05,H05G,.5
nu,5.08,G04,G04D,.5
ns,2.01,C12,C12J,.5
mw,5.09,H03,H03M,.5
dm,3.02,F16,F16D,.5
oo,3.03,H02,H02P,.5
dq,9,B23,B23D,.5
pg,6.02,A21,A21B,.5
pu,2.03,B64,B64B,.5
pu,2.03,G07,G07D,.5
ix,2.07,G07,G07F,.5
zr,1.05,F16,F16H,.5
uu,5.06,H02,H02B,.5
vi,5.01,B29,B29D,.5
or,5.09,H01,H01K,.5
tq,3.02,B42,B42F,.5
nu,5.08,F15,F15D,.5
vi,5.01,C22,C22C,.5
ac,2.02,A43,A43C,.5
mr,6.01,F16,F16G,.5
pi,1.06,E04,E04F,.5
bi,6.01,H01,H01J,.5
ya,3.02,B66,B66D,.5
pi,1.06,F04,F04C,.5
gy,5.02,H02,H02B,.5
nu,5.08,E06,E06C,.5
wh,3.02,B23,B23K,.5
es,2.02,F25,F25C,.5
zd,9,G01,G01Q,.5
bd,1.06,G07,G07C,.5
nm,5.02,F16,F16B,.5
dy,1.04,E21,E21F,.5
gc,1.05,F02,F02M,.5
qc,6.02,B21,B21C,.5
li,3.02,B60,B60P,.5
vy,3.02,F24,F24S,.5
ff,3.02,H04,H04H,.5
yp,3.02,F41,F41A,.5
il,2.07,G03,G03B,.5
oe,5.06,F02,F02M,.5
nu,5.08,D06,D06C,.5
zc,4.03,A62,A62C,.5
yp,3.02,A47,A47C,.5
ec,1.04,C21,C21D,.5
pn,1.01,E04,E04G,.5
qe,2.09,F02,F02K,.5
ia,3.02,F41,F41G,.5
pj,2.05,A21,A21B,.5
dm,3.02,B42,B42F,.5
ye,2.02,F02,F02G,.5
rz,3.03,B25,B25F,.5
zd,9,E05,E05C,.5
uq,5.07,B60,B60K,.5
zk,9,F41,F41C,.5
nn,3.03,B67,B67D,.5
hi,5.01,B44,B44D,.5
et,1.02,F03,F03H,.5
gm,3.03,B64,B64D,.5
uu,5.06,A01,A01M,.5
ry,2.03,E05,E05B,.5
ze,1.06,A24,A24D,.5
vj,5.01,E02,E02D,.5
rz,3.03,F27,F27B,.5
pc,5.02,B60,B60H,.5
nu,5.08,B67,B67C,.5
nu,5.08,B66,B66B,.5
nu,5.08,B65,B65F,.5
qq,1.05,F16,F16M,.5
rz,3.03,E03,E03C,.5
nu,5.08,B63,B63J,.5
wc,3.03,F01,F01D,.5
hb,5.03,H05,H05G,.5
hq,1.04,A46,A46B,.5
rz,3.03,F16,F16C,.5
ox,6.02,F25,F25B,.5
pj,2.05,B44,B44F,.5
li,3.02,G01,G01B,.5
pj,2.05,B60,B60P,.5
ni,3.01,F02,F02B,.5
yi,6.03,F02,F02M,.5
bd,1.06,G07,G07D,.5
ve,3.02,F23,F23B,.5
cl,9,F02,F02M,.5
ba,3.02,G10,G10G,.5
yo,3.01,F23,F23Q,.5
vi,5.01,A47,A47J,.5
ec,1.04,A01,A01C,.5
vy,3.02,A01,A01D,.5
mu,4.01,G21,G21C,.5
om,5.05,F16,F16F,.5
jw,6.02,G04,G04G,.5
ds,3.02,A01,A01H,.5
wh,3.02,G01,G01M,.5
fe,5.05,A61,A61F,.5
fa,2.01,G03,G03C,.5
bu,1.03,E21,E21F,.5
ha,5.03,B60,B60P,.5
dq,9,F41,F41B,.5
qf,9,B61,B61L,.5
nu,5.08,B21,B21F,.5
mr,6.01,F42,F42B,.5
oe,5.06,C22,C22B,.5
am,4.01,H05,H05K,.5
sa,3.03,B23,B23B,.5
dr,1.06,E05,E05B,.5
ev,1.02,E01,E01D,.5
nu,5.08,F25,F25J,.5
sy,1.03,B31,B31F,.5
sa,3.03,C05,C05D,.5
sa,3.03,F25,F25C,.5
rb,2.02,C10,C10L,.5
ga,3.02,C23,C23G,.5
ze,1.06,A43,A43C,.5
td,3.02,H03,H03L,.5
uy,1.04,G07,G07C,.5
qu,1.06,D02,D02G,.5
bd,1.06,C09,C09B,.5
xe,4.01,B30,B30B,.5
uq,5.07,A01,A01F,.5
bp,6.04,G10,G10D,.5
di,5.02,F23,F23C,.5
fu,5.04,E01,E01C,.5
pt,3.03,G07,G07G,.5
sa,3.03,D07,D07B,.5
vi,5.01,C09,C09J,.5
vj,5.01,B05,B05D,.5
tm,3.01,D01,D01H,.5
pc,5.02,B60,B60P,.5
pq,1.01,F16,F16J,.5
pa,6.02,B60,B60F,.5
pe,5.02,B22,B22C,.5
pq,1.01,F02,F02N,.5
ox,6.02,B60,B60N,.5
bd,1.06,H05,H05K,.5
ee,1.04,B23,B23H,.5
de,1.06,G01,G01H,.5
qc,6.02,E05,E05F,.5
ka,4.01,D04,D04B,.5
pq,1.01,D21,D21B,.5
pq,1.01,D01,D01D,.5
uu,5.06,B65,B65B,.5
vy,3.02,E03,E03F,.5
sa,3.03,H01,H01S,.5
yg,6.04,C23,C23G,.5
pe,5.02,B61,B61F,.5
ky,1.05,B67,B67D,.5
gu,1.06,F01,F01D,.5
ct,9,H01,H01J,.5
dq,9,F02,F02B,.5
tm,3.01,A43,A43B,.5
pq,1.01,B64,B64F,.5
vi,5.01,D01,D01F,.5
up,1.03,A61,A61G,.5
nn,3.03,B64,B64G,.5
am,4.01,H02,H02P,.5
oe,5.06,E04,E04H,.5
ee,1.04,B23,B23Q,.5
zm,1.06,G21,G21F,.5
oz,6.02,A41,A41F,.5
rq,1.06,E04,E04B,.5
pq,1.01,B27,B27D,.5
ml,9,B01,B01D,.5
ja,1.05,Y02,Y02W,.5
ub,1.03,G06,G06J,.5
uk,1.03,B62,B62L,.5
ox,6.02,F03,F03D,.5
sd,3.02,B42,B42F,.5
pq,1.01,B09,B09B,.5
bp,6.04,G01,G01H,.5
cu,1.06,F21,F21L,.5
ig,2.06,B61,B61C,.5
sd,3.02,B64,B64F,.5
fa,2.01,B63,B63B,.5
qq,1.05,A24,A24D,.5
dt,2.03,F16,F16B,.5
jo,5.04,H04,H04H,.5
am,4.01,B67,B67C,.5
bm,5.07,H02,H02B,.5
bd,1.06,F16,F16G,.5
ha,5.03,A47,A47C,.5
tq,3.02,B44,B44C,.5
rp,6.04,D06,D06F,.5
nm,5.02,E21,E21B,.5
ra,2.11,H01,H01B,.5
lj,3.02,D01,D01D,.5
we,3.02,G03,G03H,.5
oi,3.02,G09,G09G,.5
uy,1.04,D06,D06C,.5
li,3.02,B60,B60N,.5
pj,2.05,E01,E01B,.5
mm,6.01,B41,B41K,.5
sd,3.02,F26,F26B,.5
bm,5.07,A47,A47B,.5
te,1.05,A01,A01D,.5
qu,1.06,B64,B64C,.5
io,2.07,E21,E21C,.5
dm,3.02,C03,C03B,.5
nq,5.01,F01,F01B,.5
js,6.04,H01,H01C,.5
sd,3.02,G04,G04B,.5
ve,3.02,A42,A42B,.5
ut,6.02,H01,H01M,.5
mm,6.01,A62,A62D,.5
oe,5.06,B24,B24C,.5
pj,2.05,B24,B24C,.5
di,5.02,E03,E03F,.5
ew,1.02,A62,A62C,.5
en,9,H01,H01K,.5
po,1.01,C05,C05G,.5
fy,3.02,C25,C25B,.5
bp,6.04,H02,H02P,.5
jb,5.07,E02,E02B,.5
nq,5.01,C10,C10L,.5
dq,9,B31,B31D,.5
hf,6.03,B63,B63H,.5
cu,1.06,B21,B21B,.5
ye,2.02,A46,A46D,.5
gy,5.02,H02,H02N,.5
uu,5.06,C21,C21C,.5
vp,3.03,H03,H03L,.5
yg,6.04,B09,B09B,.5
tq,3.02,F27,F27D,.5
hy,1.06,B63,B63B,.5
le,1.05,F42,F42B,.5
ah,4.01,B24,B24B,.5
ml,9,B66,B66B,.5
ya,3.02,A63,A63C,.5
tu,3.01,B24,B24C,.5
pz,2.05,A01,A01G,.5
bp,6.04,B21,B21H,.5
dx,3.01,F01,F01N,.5
rt,3.02,F23,F23L,.5
ye,2.02,B43,B43K,.5
bk,6.04,C09,C09D,.5
zm,1.06,H02,H02B,.5
uf,1.03,G09,G09C,.5
pa,6.02,F23,F23G,.5
py,3.02,F16,F16M,.5
rb,2.02,E21,E21F,.5
iq,2.02,E05,E05D,.5
za,3.02,C13,C13B,.5
cn,5.01,A63,A63C,.5
ka,4.01,D06,D06M,.5
ij,2.11,D21,D21J,.5
oi,3.02,A01,A01B,.5
qk,6.01,B01,B01L,.5
li,3.02,H03,H03L,.5
da,1.06,F24,F24D,.5
ro,1.07,F23,F23L,.5
si,1.05,F16,F16K,.5
sd,3.02,B65,B65F,.5
bd,1.06,A61,A61G,.5
bq,6.05,A61,A61H,.5
lq,3.03,B09,B09C,.5
mc,1.06,G09,G09F,.5
pn,1.01,F02,F02G,.5
ya,3.02,B65,B65G,.5
ba,3.02,A23,A23D,.5
jb,5.07,B28,B28C,.5
td,3.02,D21,D21C,.5
ue,2.11,F21,F21S,.5
eu,2.02,D04,D04B,.5
bm,5.07,C21,C21B,.5
ro,1.07,F16,F16G,.5
ee,1.04,F28,F28C,.5
ph,6.02,F28,F28D,.5
bk,6.04,B66,B66B,.5
et,1.02,G12,G12B,.5
pu,2.03,A24,A24C,.5
bp,6.04,H04,H04S,.5
qg,2.05,E02,E02F,.5
ze,1.06,H01,H01B,.5
jm,5.04,C11,C11D,.5
pn,1.01,B43,B43M,.5
xy,1.01,B64,B64F,.5
ub,1.03,B67,B67D,.5
bf,5.04,B64,B64D,.5
bd,1.06,F24,F24D,.5
sa,3.03,A47,A47C,.5
pn,1.01,A24,A24F,.5
qj,2.05,F01,F01D,.5
pn,1.01,B05,B05D,.5
bv,5.01,B01,B01F,.5
eu,2.02,F27,F27D,.5
ua,6.03,D04,D04B,.5
ht,1.06,B66,B66F,.5
qa,3.01,B25,B25H,.5
mw,5.09,B60,B60L,.5
ua,6.03,B60,B60Q,.5
uh,1.03,F22,F22B,.5
nq,5.01,H03,H03M,.5
qj,2.05,B60,B60W,.5
pm,2.05,B31,B31C,.5
xq,2.11,F01,F01P,.5
bq,6.05,H03,H03J,.5
or,5.09,B65,B65G,.5
sr,2.07,E04,E04C,.5
hl,3.03,B29,B29B,.5
uu,5.06,E05,E05C,.5
pm,2.05,B62,B62L,.5
en,9,F02,F02P,.5
yg,6.04,E03,E03F,.5
nq,5.01,F02,F02M,.5
ml,9,H02,H02K,.5
xw,3.03,F23,F23G,.5
pz,2.05,C14,C14C,.5
ex,1.02,F27,F27B,.5
dq,9,A63,A63C,.5
po,1.01,H02,H02G,.5
im,2.01,A41,A41D,.5
ka,4.01,A01,A01D,.5
wm,5.04,B65,B65C,.5
hf,6.03,F04,F04B,.5
bf,5.04,A47,A47J,.5
ut,6.02,C10,C10G,.5
pz,2.05,A43,A43B,.5
de,1.06,B60,B60L,.5
zm,1.06,B44,B44C,.5
cq,1.06,A21,A21B,.5
ut,6.02,B62,B62J,.5
aq,3.02,F02,F02G,.5
rq,1.06,G09,G09B,.5
tq,3.02,A01,A01D,.5
yy,5.07,G04,G04G,.5
we,3.02,C21,C21D,.5
mr,6.01,F41,F41B,.5
ha,5.03,F23,F23G,.5
vy,3.02,E04,E04H,.5
aq,3.02,C22,C22C,.5
ro,1.07,G12,G12B,.5
pc,5.02,F23,F23Q,.5
jb,5.07,A43,A43B,.5
ia,3.02,D07,D07B,.5
xy,1.01,E04,E04C,.5
ve,3.02,F42,F42B,.5
fa,2.01,F21,F21K,.5
oi,3.02,C25,C25C,.5
zm,1.06,A01,A01F,.5
bk,6.04,F23,F23C,.5
oi,3.02,F21,F21S,.5
pj,2.05,C30,C30B,.5
za,3.02,C06,C06B,.5
pc,5.02,F01,F01L,.5
ml,9,E02,E02D,.5
ni,3.01,B41,B41C,.5
ua,6.03,F25,F25B,.5
ae,4.05,D06,D06N,.5
uq,5.07,B26,B26B,.5
dw,1.04,H04,H04S,.5
eq,3.01,F28,F28F,.5
gm,3.03,E21,E21D,.5
ds,3.02,G10,G10H,.5
ha,5.03,F16,F16J,.5
oi,3.02,H02,H02J,.5
qa,3.01,E04,E04B,.5
aq,3.02,F41,F41A,.5
iq,2.02,C12,C12J,.5
wm,5.04,C10,C10G,.5
cl,9,G10,G10C,.5
qa,3.01,F15,F15B,.5
ig,2.06,B27,B27N,.5
il,2.07,A01,A01N,.5
zm,1.06,E03,E03F,.5
ro,1.07,F27,F27D,.5
aq,3.02,C05,C05G,.5
vj,5.01,A22,A22C,.5
wc,3.03,E06,E06B,.5
ev,1.02,F24,F24D,.5
td,3.02,A23,A23C,.5
jm,5.04,B81,B81C,.5
ot,6.02,E04,E04C,.5
vx,5.01,F16,F16K,.5
pc,5.02,C25,C25B,.5
ur,1.01,F16,F16D,.5
iu,2.03,B64,B64B,.5
ou,1.06,G08,G08B,.5
kv,1.05,C08,C08G,.5
yr,2.01,F01,F01M,.5
jy,4.05,H04,H04S,.5
zm,1.06,C21,C21C,.5
jw,6.02,E04,E04H,.5
rz,3.03,B41,B41N,.5
or,5.09,H03,H03L,.5
sd,3.02,B42,B42D,.5
pc,5.02,B42,B42D,.5
vi,5.01,F16,F16C,.5
jy,4.05,E21,E21C,.5
pc,5.02,B23,B23P,.5
jb,5.07,G03,G03B,.5
jb,5.07,E01,E01B,.5
xe,4.01,G09,G09F,.5
ki,3.02,G21,G21F,.5
qq,1.05,F16,F16J,.5
pa,6.02,A01,A01F,.5
ro,1.07,D06,D06G,.5
om,5.05,B60,B60Q,.5
si,1.05,F41,F41B,.5
pe,5.02,B42,B42D,.5
wc,3.03,F04,F04C,.5
dw,1.04,G07,G07D,.5
oy,9,A23,A23G,.5
gu,1.06,F17,F17C,.5
xy,1.01,H01,H01K,.5
js,6.04,B60,B60T,.5
qc,6.02,B65,B65B,.5
pc,5.02,A43,A43B,.5
ua,6.03,E02,E02D,.5
xa,5.04,B09,B09C,.5
hq,1.04,F41,F41H,.5
pa,6.02,G03,G03D,.5
ub,1.03,F16,F16T,.5
oy,9,A21,A21D,.5
qk,6.01,H03,H03M,.5
fu,5.04,G01,G01F,.5
om,5.05,C25,C25D,.5
om,5.05,C25,C25F,.5
td,3.02,A01,A01G,.5
py,3.02,F28,F28D,.5
bf,5.04,F01,F01D,.5
wm,5.04,D01,D01H,.5
om,5.05,D06,D06M,.5
qc,6.02,F01,F01N,.5
sd,3.02,E04,E04B,.5
dk,5.02,B23,B23B,.5
pa,6.02,H01,H01K,.5
up,1.03,D03,D03C,.5
wh,3.02,B60,B60W,.5
om,5.05,F02,F02D,.5
uh,1.03,A44,A44C,.5
zm,1.06,F04,F04B,.5
ia,3.02,B60,B60S,.5
cn,5.01,G10,G10K,.5
ds,3.02,F16,F16C,.5
up,1.03,H01,H01R,.5
oe,5.06,F02,F02P,.5
es,2.02,C21,C21C,.5
li,3.02,H03,H03K,.5
oy,9,B60,B60P,.5
qc,6.02,H05,H05B,.5
ry,2.03,F23,F23J,.5
gy,5.02,G01,G01W,.5
ro,1.07,A47,A47F,.5
pu,2.03,A01,A01F,.5
gu,1.06,A62,A62B,.5
pk,2.05,C14,C14C,.5
ai,2.03,A47,A47F,.5
pm,2.05,E03,E03C,.5
qc,6.02,D21,D21H,.5
ha,5.03,B43,B43K,.5
id,2.07,B25,B25H,.5
oy,9,F23,F23D,.5
qe,2.09,B26,B26F,.5
et,1.02,B02,B02B,.5
tc,3.02,F24,F24B,.5
om,5.05,H02,H02G,.5
pg,6.02,H01,H01M,.5
bi,6.01,F16,F16L,.5
ad,4.02,C10,C10L,.5
vx,5.01,E02,E02F,.5
zc,4.03,C13,C13K,.5
ga,3.02,C22,C22B,.5
wu,5.04,B60,B60B,.5
qd,6.02,A61,A61B,.5
bu,1.03,B42,B42D,.5
wu,5.04,E05,E05F,.5
re,1.05,F25,F25B,.5
fs,6.04,F17,F17D,.5
pa,6.02,D01,D01H,.5
id,2.07,B60,B60F,.5
gm,3.03,F16,F16H,.5
uf,1.03,A24,A24F,.5
yp,3.02,B67,B67D,.5
oa,2.11,A42,A42B,.5
ut,6.02,B41,B41N,.5
vj,5.01,H01,H01B,.5
sa,3.03,B60,B60S,.5
ue,2.11,H05,H05F,.5
vs,5.01,A01,A01G,.5
pa,6.02,C12,C12G,.5
re,1.05,D06,D06F,.5
yu,3.03,A01,A01D,.5
wh,3.02,G08,G08G,.5
uh,1.03,F28,F28G,.5
wu,5.04,B60,B60G,.5
ff,3.02,D06,D06M,.5
ac,2.02,F24,F24H,.5
gm,3.03,G01,G01F,.5
gy,5.02,A62,A62D,.5
ea,1.04,F41,F41J,.5
hi,5.01,F21,F21S,.5
pa,6.02,B64,B64D,.5
su,3.02,E05,E05D,.5
di,5.02,B06,B06B,.5
vi,5.01,H02,H02H,.5
eo,6.02,E03,E03D,.5
qk,6.01,F21,F21V,.5
yp,3.02,B60,B60J,.5
mr,6.01,C21,C21B,.5
zc,4.03,F15,F15D,.5
ep,1.02,B23,B23G,.5
yq,5.07,B31,B31F,.5
bi,6.01,C08,C08F,.5
ot,6.02,G05,G05F,.5
qc,6.02,H01,H01P,.5
ad,4.02,C22,C22C,.5
tm,3.01,B21,B21D,.5
fy,3.02,H03,H03B,.5
pa,6.02,B29,B29B,.5
qk,6.01,H01,H01H,.5
fs,6.04,E03,E03B,.5
ur,1.01,C25,C25C,.5
if,2.11,B25,B25H,.5
pq,1.01,B25,B25C,.5
bm,5.07,A47,A47L,.5
ia,3.02,D21,D21B,.5
fi,1.04,G07,G07F,.5
or,5.09,F02,F02K,.5
dq,9,E05,E05B,.5
cq,1.06,F24,F24F,.5
qu,1.06,E05,E05B,.5
pf,6.02,F15,F15B,.5
wf,1.06,C22,C22C,.5
rt,3.02,F01,F01P,.5
ma,3.02,C12,C12C,.5
za,3.02,C12,C12C,.5
ya,3.02,A01,A01M,.5
op,3.03,B23,B23K,.5
uy,1.04,B43,B43K,.5
qk,6.01,G10,G10H,.5
ea,1.04,B23,B23B,.5
uq,5.07,G05,G05D,.5
mu,4.01,G03,G03F,.5
nu,5.08,F03,F03H,.5
pa,6.02,C10,C10B,.5
pi,1.06,B60,B60S,.5
yq,5.07,B60,B60J,.5
pk,2.05,F23,F23M,.5
ra,2.11,B21,B21D,.5
ub,1.03,F24,F24T,.5
li,3.02,G05,G05G,.5
lj,3.02,C10,C10G,.5
mc,1.06,E21,E21C,.5
oy,9,D04,D04C,.5
oy,9,C12,C12G,.5
fa,2.01,F16,F16G,.5
iq,2.02,B67,B67C,.5
ki,3.02,B23,B23K,.5
vy,3.02,B24,B24C,.5
ut,6.02,F41,F41A,.5
op,3.03,H02,H02M,.5
pa,6.02,B27,B27D,.5
op,3.03,H04,H04B,.5
ha,5.03,B21,B21H,.5
zk,9,G10,G10H,.5
tu,3.01,H03,H03B,.5
or,5.09,A43,A43B,.5
or,5.09,A47,A47B,.5
fy,3.02,F02,F02B,.5
ki,3.02,C05,C05B,.5
pt,3.03,F16,F16D,.5
rb,2.02,C10,C10B,.5
py,3.02,A63,A63C,.5
qg,2.05,B27,B27M,.5
il,2.07,B62,B62J,.5
oz,6.02,G01,G01T,.5
pq,1.01,E06,E06B,.5
or,5.09,B44,B44C,.5
rq,1.06,D21,D21H,.5
oy,9,B65,B65B,.5
ix,2.07,A63,A63B,.5
qg,2.05,B63,B63J,.5
tq,3.02,C06,C06B,.5
pa,6.02,A61,A61G,.5
ac,2.02,E04,E04D,.5
qu,1.06,E03,E03D,.5
gu,1.06,F15,F15D,.5
ij,2.11,C14,C14B,.5
wm,5.04,F16,F16F,.5
rp,6.04,C01,C01D,.5
ad,4.02,C09,C09B,.5
oy,9,F27,F27B,.5
ra,2.11,B25,B25B,.5
bf,5.04,E02,E02B,.5
ot,6.02,B61,B61L,.5
td,3.02,H01,H01M,.5
or,5.09,F16,F16M,.5
hb,5.03,B41,B41M,.5
uh,1.03,A01,A01C,.5
or,5.09,G01,G01V,.5
yq,5.07,F28,F28D,.5
qg,2.05,E02,E02D,.5
hy,1.06,C09,C09C,.5
di,5.02,B60,B60D,.5
cl,9,B64,B64G,.5
ij,2.11,B66,B66D,.5
id,2.07,F24,F24B,.5
zd,9,H02,H02P,.5
ot,6.02,B09,B09B,.5
rt,3.02,E21,E21C,.5
oa,2.11,B21,B21K,.5
io,2.07,G02,G02C,.5
li,3.02,B31,B31D,.5
fi,1.04,E04,E04C,.5
aa,1.03,G04,G04B,.5
ea,1.04,G06,G06J,.5
or,5.09,H01,H01P,.5
or,5.09,H02,H02J,.5
qh,2.05,B07,B07C,.5
im,2.01,F22,F22B,.5
bm,5.07,B44,B44C,.5
yu,3.03,G07,G07C,.5
qe,2.09,B23,B23Q,.5
pc,5.02,B23,B23G,.5
uq,5.07,F02,F02D,.5
ea,1.04,F24,F24V,.5
yu,3.03,A63,A63H,.5
qg,2.05,G07,G07B,.5
oa,2.11,F01,F01L,.5
ph,6.02,C14,C14C,.5
pn,1.01,B02,B02B,.5
gu,1.06,E02,E02F,.5
pz,2.05,F02,F02G,.5
tm,3.01,A01,A01B,.5
pn,1.01,D06,D06P,.5
qh,2.05,A01,A01K,.5
wh,3.02,G02,G02F,.5
yo,3.01,B23,B23F,.5
dt,2.03,B67,B67D,.5
ni,3.01,E04,E04D,.5
om,5.05,G01,G01K,.5
ot,6.02,B27,B27G,.5
bk,6.04,B43,B43K,.5
qg,2.05,D05,D05B,.5
pc,5.02,A41,A41H,.5
zm,1.06,B25,B25J,.5
qh,2.05,B24,B24B,.5
qu,1.06,H03,H03L,.5
vm,5.06,F04,F04B,.5
ot,6.02,B60,B60Q,.5
ve,3.02,A61,A61D,.5
tc,3.02,G02,G02F,.5
oy,9,A47,A47B,.5
gu,1.06,H04,H04H,.5
fa,2.01,B01,B01L,.5
cn,5.01,G10,G10C,.5
vy,3.02,G04,G04G,.5
vx,5.01,C11,C11C,.5
hl,3.03,B03,B03C,.5
jy,4.05,H03,H03L,.5
cq,1.06,H03,H03C,.5
eq,3.01,B60,B60P,.5
oz,6.02,A22,A22B,.5
mq,6.01,G01,G01K,.5
qu,1.06,G01,G01D,.5
fy,3.02,F16,F16H,.5
qk,6.01,B41,B41N,.5
fe,5.05,C08,C08J,.5
ig,2.06,C09,C09H,.5
qu,1.06,F01,F01L,.5
mq,6.01,C05,C05B,.5
mw,5.09,F16,F16B,.5
qu,1.06,E21,E21F,.5
eq,3.01,G05,G05D,.5
oe,5.06,B60,B60C,.5
pk,2.05,B44,B44F,.5
ep,1.02,B07,B07B,.5
di,5.02,B65,B65F,.5
ot,6.02,F22,F22B,.5
ot,6.02,F24,F24C,.5
rz,3.03,H02,H02S,.5
dm,3.02,F41,F41C,.5
pt,3.03,A41,A41F,.5
oe,5.06,D21,D21C,.5
zq,2.07,H04,H04H,.5
bp,6.04,C23,C23F,.5
vj,5.01,B22,B22D,.5
fu,5.04,F24,F24D,.5
ma,3.02,B60,B60W,.5
bi,6.01,B28,B28B,.5
km,1.06,E05,E05B,.5
um,3.01,G07,G07G,.5
eu,2.02,A47,A47K,.5
ve,3.02,B41,B41F,.5
ba,3.02,F27,F27D,.5
oy,9,F24,F24F,.5
hb,5.03,A47,A47L,.5
qu,1.06,B62,B62B,.5
di,5.02,H03,H03G,.5
ga,3.02,F15,F15D,.5
ex,1.02,H02,H02B,.5
cq,1.06,B21,B21L,.5
wu,5.04,F16,F16N,.5
sa,3.03,B60,B60K,.5
oy,9,F03,F03H,.5
es,2.02,A47,A47D,.5
dr,1.06,F41,F41G,.5
oy,9,F02,F02C,.5
hq,1.04,A24,A24F,.5
qc,6.02,C03,C03C,.5
es,2.02,B67,B67C,.5
nq,5.01,C10,C10M,.5
qu,1.06,B21,B21L,.5
ot,6.02,H02,H02G,.5
uf,1.03,E04,E04C,.5
ff,3.02,B25,B25J,.5
hl,3.03,B63,B63J,.5
qu,1.06,A47,A47D,.5
oy,9,D01,D01D,.5
ew,1.02,C14,C14C,.5
qu,1.06,A21,A21B,.5
om,5.05,F42,F42B,.5
uu,5.06,H01,H01C,.5
de,1.06,F02,F02F,.5
lj,3.02,H05,H05H,.5
qj,2.05,F01,F01M,.5
za,3.02,B04,B04B,.5
jo,5.04,B42,B42F,.5
qe,2.09,F01,F01N,.5
xe,4.01,G01,G01P,.5
mq,6.01,A61,A61G,.5
po,1.01,B60,B60Q,.5
le,1.05,F28,F28D,.5
pe,5.02,F16,F16N,.5
my,5.01,H01,H01B,.5
my,5.01,C09,C09B,.5
mq,6.01,G09,G09F,.5
oy,9,B65,B65C,.5
oy,9,B64,B64G,.5
ni,3.01,C22,C22F,.5
oy,9,B63,B63G,.5
xa,5.04,G01,G01H,.5
tq,3.02,G01,G01L,.5
ev,1.02,E01,E01C,.5
tc,3.02,F03,F03B,.5
dy,1.04,H02,H02B,.5
bk,6.04,B05,B05B,.5
ex,1.02,F17,F17C,.5
bq,6.05,A01,A01B,.5
tu,3.01,E21,E21D,.5
oe,5.06,B23,B23P,.5
wm,5.04,B26,B26D,.5
uy,1.04,C01,C01C,.5
dw,1.04,B63,B63C,.5
ku,5.07,A47,A47J,.5
xw,3.03,F02,F02B,.5
nm,5.02,H01,H01C,.5
vm,5.06,C25,C25D,.5
pa,6.02,B63,B63B,.5
fe,5.05,B23,B23K,.5
sd,3.02,C12,C12G,.5
wm,5.04,E04,E04F,.5
ii,2.04,A44,A44B,.5
oe,5.06,B60,B60B,.5
ga,3.02,F02,F02G,.5
xq,2.11,H01,H01K,.5
ox,6.02,A01,A01D,.5
rt,3.02,A01,A01C,.5
ni,3.01,B21,B21C,.5
am,4.01,B23,B23H,.5
ea,1.04,A45,A45F,.5
ij,2.11,E05,E05D,.5
ox,6.02,G03,G03B,.5
mc,1.06,E05,E05B,.5
aq,3.02,G01,G01D,.5
vy,3.02,E05,E05C,.5
nq,5.01,C25,C25D,.5
yu,3.03,B29,B29D,.5
ot,6.02,D04,D04C,.5
fa,2.01,F03,F03B,.5
ph,6.02,C09,C09J,.5
zm,1.06,F16,F16G,.5
uh,1.03,B60,B60L,.5
oa,2.11,G09,G09C,.5
ry,2.03,C10,C10K,.5
uy,1.04,F01,F01M,.5
ur,1.01,F24,F24H,.5
sd,3.02,H01,H01F,.5
py,3.02,F41,F41C,.5
fa,2.01,B61,B61L,.5
wy,5.04,C12,C12F,.5
gm,3.03,F02,F02C,.5
pn,1.01,F02,F02N,.5
rt,3.02,F23,F23N,.5
pc,5.02,D21,D21H,.5
nn,3.03,A47,A47F,.5
es,2.02,A46,A46B,.5
yp,3.02,F23,F23C,.5
hl,3.03,A41,A41F,.5
ay,3.01,G01,G01F,.5
pe,5.02,A47,A47C,.5
uy,1.04,A62,A62C,.5
aq,3.02,G03,G03B,.5
js,6.04,F25,F25B,.5
py,3.02,F16,F16G,.5
uf,1.03,F24,F24C,.5
er,1.02,E21,E21D,.5
vm,5.06,F01,F01D,.5
di,5.02,A44,A44B,.5
lq,3.03,B21,B21C,.5
vi,5.01,A44,A44C,.5
zm,1.06,C01,C01C,.5
oa,2.11,F25,F25C,.5
yi,6.03,A24,A24D,.5
pe,5.02,B63,B63C,.5
pj,2.05,G03,G03B,.5
cn,5.01,H03,H03B,.5
dm,3.02,F41,F41G,.5
oa,2.11,F23,F23K,.5
ee,1.04,E05,E05C,.5
gc,1.05,A46,A46B,.5
mr,6.01,F04,F04D,.5
uh,1.03,B67,B67D,.5
ai,2.03,B62,B62B,.5
za,3.02,G10,G10D,.5
lj,3.02,B60,B60N,.5
en,9,G09,G09F,.5
fu,5.04,E01,E01B,.5
py,3.02,E21,E21C,.5
ac,2.02,E21,E21F,.5
ua,6.03,G06,G06G,.5
jb,5.07,C22,C22B,.5
fe,5.05,B01,B01L,.5
aq,3.02,H01,H01R,.5
ew,1.02,F16,F16G,.5
ot,6.02,F15,F15B,.5
tc,3.02,C23,C23F,.5
sa,3.03,C08,C08C,.5
db,2.08,Y02,Y02E,.5
ev,1.02,A41,A41G,.5
py,3.02,C01,C01D,.5
ip,2.07,A63,A63F,.5
db,2.08,F23,F23D,.5
dm,3.02,G07,G07G,.5
ni,3.01,B63,B63G,.5
di,5.02,E02,E02D,.5
mr,6.01,G09,G09B,.5
wy,5.04,B23,B23K,.5
js,6.04,C12,C12G,.5
fe,5.05,B05,B05D,.5
or,5.09,A61,A61N,.5
oe,5.06,F23,F23Q,.5
ub,1.03,C10,C10C,.5
wy,5.04,C09,C09B,.5
pd,6.02,C10,C10L,.5
de,1.06,F15,F15B,.5
ig,2.06,A44,A44C,.5
bq,6.05,C13,C13K,.5
zk,9,F15,F15B,.5
yg,6.04,B22,B22D,.5
py,3.02,B61,B61F,.5
pd,6.02,C07,C07F,.5
km,1.06,B65,B65F,.5
km,1.06,F16,F16D,.5
pd,6.02,C01,C01B,.5
en,9,G08,G08B,.5
ye,2.02,B01,B01B,.5
ru,3.01,B21,B21K,.5
ua,6.03,B63,B63G,.5
ja,1.05,F41,F41B,.5
uu,5.06,B62,B62M,.5
mr,6.01,H03,H03G,.5
jy,4.05,E04,E04F,.5
ql,9,E21,E21B,.5
oe,5.06,G07,G07D,.5
ot,6.02,E05,E05D,.5
ij,2.11,F01,F01L,.5
es,2.02,E04,E04F,.5
zc,4.03,G01,G01D,.5
uu,5.06,B63,B63H,.5
cq,1.06,D02,D02G,.5
ew,1.02,F23,F23D,.5
qa,3.01,B03,B03D,.5
bf,5.04,F21,F21L,.5
ru,3.01,D03,D03C,.5
ra,2.11,G04,G04B,.5
ru,3.01,E02,E02D,.5
zm,1.06,C14,C14C,.5
ur,1.01,C11,C11C,.5
oa,2.11,D01,D01G,.5
wq,5.01,F41,F41A,.5
zq,2.07,B60,B60V,.5
oi,3.02,B64,B64D,.5
rp,6.04,A47,A47B,.5
rz,3.03,F03,F03B,.5
wy,5.04,B60,B60W,.5
eq,3.01,H03,H03M,.5
om,5.05,A23,A23F,.5
le,1.05,E21,E21D,.5
oa,2.11,C09,C09G,.5
za,3.02,H02,H02G,.5
ni,3.01,C01,C01C,.5
wf,1.06,H04,H04R,.5
pz,2.05,G04,G04F,.5
uh,1.03,A61,A61H,.5
ti,9,A23,A23J,.5
ya,3.02,H02,H02G,.5
qc,6.02,G01,G01J,.5
jy,4.05,F02,F02G,.5
oz,6.02,B42,B42C,.5
qq,1.05,A63,A63H,.5
pf,6.02,B65,B65B,.5
rz,3.03,B60,B60D,.5
ip,2.07,F15,F15D,.5
aa,1.03,B60,B60S,.5
zm,1.06,F24,F24S,.5
ee,1.04,H04,H04Q,.5
fs,6.04,H02,H02S,.5
mm,6.01,B30,B30B,.5
pq,1.01,E05,E05B,.5
tm,3.01,F16,F16D,.5
oa,2.11,E01,E01D,.5
oi,3.02,B41,B41M,.5
ox,6.02,F41,F41A,.5
pq,1.01,B43,B43M,.5
ia,3.02,F24,F24H,.5
dy,1.04,B63,B63G,.5
ou,1.06,F41,F41B,.5
pg,6.02,A23,A23F,.5
aq,3.02,A47,A47G,.5
pi,1.06,D01,D01G,.5
oy,9,H05,H05G,.5
gy,5.02,C12,C12G,.5
rp,6.04,A45,A45C,.5
pe,5.02,C22,C22F,.5
pw,2.06,G03,G03G,.5
ot,6.02,B22,B22C,.5
ru,3.01,F23,F23B,.5
zk,9,G03,G03H,.5
ye,2.02,B42,B42C,.5
po,1.01,C10,C10B,.5
uu,5.06,G21,G21B,.5
le,1.05,B60,B60H,.5
io,2.07,G03,G03F,.5
pc,5.02,G04,G04G,.5
vs,5.01,H01,H01J,.5
ru,3.01,B67,B67D,.5
vs,5.01,C09,C09J,.5
cl,9,E03,E03C,.5
wh,3.02,E04,E04H,.5
jy,4.05,G07,G07C,.5
hi,5.01,C02,C02F,.5
ep,1.02,C01,C01C,.5
wc,3.03,C09,C09D,.5
uy,1.04,C06,C06F,.5
py,3.02,D02,D02J,.5
mm,6.01,B67,B67D,.5
wh,3.02,F24,F24S,.5
bf,5.04,C11,C11D,.5
db,2.08,F16,F16C,.5
uq,5.07,B60,B60T,.5
uu,5.06,B21,B21F,.5
ij,2.11,G10,G10H,.5
ur,1.01,E04,E04G,.5
wq,5.01,H02,H02K,.5
bu,1.03,F04,F04F,.5
db,2.08,D03,D03D,.5
ka,4.01,D21,D21J,.5
zk,9,C09,C09J,.5
mm,6.01,B62,B62M,.5
si,1.05,B21,B21D,.5
fs,6.04,G01,G01L,.5
tq,3.02,E01,E01C,.5
ox,6.02,B67,B67D,.5
uq,5.07,B60,B60R,.5
uq,5.07,A47,A47G,.5
uq,5.07,G04,G04G,.5
ii,2.04,E05,E05D,.5
rp,6.04,B61,B61F,.5
pj,2.05,B25,B25J,.5
yy,5.07,B23,B23Q,.5
pi,1.06,F24,F24C,.5
oy,9,F24,F24C,.5
jb,5.07,E04,E04F,.5
fs,6.04,F04,F04B,.5
ju,4.01,B60,B60S,.5
fy,3.02,B62,B62K,.5
uq,5.07,C21,C21B,.5
pg,6.02,A45,A45D,.5
pi,1.06,G02,G02F,.5
ot,6.02,B64,B64C,.5
um,3.01,E21,E21B,.5
uu,5.06,C12,C12C,.5
ua,6.03,F21,F21S,.5
uu,5.06,F24,F24C,.5
bm,5.07,F02,F02K,.5
ro,1.07,D21,D21G,.5
lq,3.03,A62,A62C,.5
nu,5.08,F02,F02P,.5
zk,9,B65,B65G,.5
pn,1.01,B64,B64F,.5
wu,5.04,B22,B22C,.5
uu,5.06,B23,B23G,.5
ex,1.02,C10,C10J,.5
zq,2.07,B42,B42F,.5
uu,5.06,C09,C09G,.5
zk,9,H03,H03G,.5
pn,1.01,A01,A01M,.5
or,5.09,G21,G21C,.5
tm,3.01,F02,F02M,.5
or,5.09,B61,B61B,.5
bk,6.04,C07,C07B,.5
ur,1.01,A45,A45D,.5
yp,3.02,G08,G08C,.5
uu,5.06,H01,H01K,.5
pi,1.06,B65,B65H,.5
yu,3.03,B24,B24B,.5
pd,6.02,G03,G03F,.5
fu,5.04,C08,C08J,.5
rz,3.03,E05,E05D,.5
ni,3.01,F02,F02F,.5
ga,3.02,F23,F23R,.5
az,3.02,H01,H01R,.5
hf,6.03,B25,B25B,.5
rq,1.06,H01,H01H,.5
ev,1.02,F02,F02N,.5
ou,1.06,F16,F16K,.5
yg,6.04,C12,C12Y,.5
ot,6.02,F16,F16J,.5
ex,1.02,E04,E04F,.5
uy,1.04,F21,F21S,.5
si,1.05,F01,F01N,.5
ya,3.02,G01,G01P,.5
wc,3.03,G07,G07C,.5
oy,9,C10,C10G,.5
bf,5.04,D04,D04H,.5
ve,3.02,A01,A01C,.5
pn,1.01,C22,C22F,.5
dt,2.03,D01,D01H,.5
qc,6.02,A47,A47F,.5
zq,2.07,F41,F41G,.5
mq,6.01,A23,A23F,.5
jo,5.04,G01,G01B,.5
bm,5.07,C01,C01F,.5
ne,3.03,B23,B23H,.5
ni,3.01,G08,G08C,.5
sr,2.07,F25,F25C,.5
ve,3.02,C21,C21D,.5
ju,4.01,A41,A41D,.5
ev,1.02,D03,D03C,.5
ex,1.02,A43,A43D,.5
ut,6.02,F23,F23G,.5
pz,2.05,E04,E04D,.5
pj,2.05,F01,F01D,.5
bk,6.04,A01,A01G,.5
vi,5.01,B02,B02C,.5
vi,5.01,B41,B41B,.5
db,2.08,F23,F23N,.5
gc,1.05,B29,B29D,.5
pz,2.05,F28,F28G,.5
if,2.11,B63,B63J,.5
eu,2.02,F16,F16L,.5
vi,5.01,F02,F02M,.5
dk,5.02,C25,C25D,.5
uu,5.06,F23,F23G,.5
ex,1.02,F23,F23R,.5
xe,4.01,E04,E04B,.5
pa,6.02,B60,B60L,.5
yp,3.02,B66,B66B,.5
vx,5.01,A47,A47B,.5
ij,2.11,F24,F24D,.5
li,3.02,F02,F02B,.5
ml,9,F16,F16C,.5
yi,6.03,F02,F02P,.5
gu,1.06,C01,C01C,.5
yi,6.03,H01,H01G,.5
uu,5.06,C06,C06C,.5
bk,6.04,B64,B64G,.5
yi,6.03,B26,B26F,.5
fu,5.04,E02,E02D,.5
pc,5.02,H02,H02H,.5
jy,4.05,F24,F24D,.5
km,1.06,B62,B62B,.5
zm,1.06,F02,F02P,.5
ma,3.02,B09,B09B,.5
ds,3.02,F41,F41J,.5
ku,5.07,E02,E02B,.5
ot,6.02,A47,A47H,.5
up,1.03,F01,F01D,.5
vm,5.06,G01,G01F,.5
tu,3.01,B27,B27C,.5
id,2.07,D06,D06G,.5
vp,3.03,A23,A23L,.5
vj,5.01,F24,F24C,.5
es,2.02,F23,F23R,.5
vp,3.03,C07,C07C,.5
op,3.03,B05,B05B,.5
vp,3.03,E04,E04B,.5
ga,3.02,F04,F04F,.5
bk,6.04,H01,H01S,.5
bm,5.07,C21,C21D,.5
aq,3.02,F16,F16C,.5
he,5.03,C09,C09D,.5
zm,1.06,H02,H02H,.5
vs,5.01,E05,E05C,.5
ew,1.02,C06,C06B,.5
ku,5.07,B05,B05B,.5
xw,3.03,F23,F23K,.5
ru,3.01,B30,B30B,.5
ky,1.05,E04,E04B,.5
pn,1.01,A44,A44C,.5
ry,2.03,C09,C09G,.5
oi,3.02,A61,A61C,.5
vx,5.01,B06,B06B,.5
jb,5.07,F24,F24D,.5
vx,5.01,B41,B41B,.5
vx,5.01,B41,B41J,.5
ih,2.07,A62,A62B,.5
oz,6.02,B26,B26F,.5
vx,5.01,C01,C01F,.5
vx,5.01,C10,C10J,.5
ub,1.03,A23,A23B,.5
vx,5.01,D01,D01F,.5
bv,5.01,B60,B60T,.5
xa,5.04,F02,F02C,.5
vx,5.01,F04,F04D,.5
mm,6.01,C22,C22F,.5
vx,5.01,F21,F21S,.5
zm,1.06,C10,C10C,.5
mq,6.01,G01,G01F,.5
oy,9,B60,B60T,.5
uu,5.06,H01,H01P,.5
js,6.04,F03,F03B,.5
ja,1.05,B30,B30B,.5
tc,3.02,E04,E04C,.5
lj,3.02,F21,F21S,.5
le,1.05,A62,A62B,.5
pc,5.02,D06,D06F,.5
ec,1.04,B23,B23B,.5
ur,1.01,A43,A43B,.5
om,5.05,G09,G09F,.5
vx,5.01,A44,A44B,.5
bm,5.07,B28,B28C,.5
ee,1.04,G07,G07B,.5
ot,6.02,F02,F02M,.5
pi,1.06,C05,C05C,.5
nu,5.08,D21,D21J,.5
yu,3.03,A47,A47K,.5
dw,1.04,F25,F25J,.5
om,5.05,F41,F41C,.5
pq,1.01,A63,A63C,.5
ku,5.07,C10,C10G,.5
vj,5.01,C11,C11B,.5
nu,5.08,C10,C10F,.5
ju,4.01,D06,D06M,.5
de,1.06,E04,E04C,.5
oi,3.02,G03,G03G,.5
oi,3.02,B41,B41C,.5
pa,6.02,B60,B60P,.5
bu,1.03,H02,H02P,.5
wc,3.03,B63,B63C,.5
wc,3.03,B67,B67D,.5
ky,1.05,G04,G04B,.5
py,3.02,H01,H01P,.5
dt,2.03,B01,B01B,.5
qk,6.01,A61,A61H,.5
cq,1.06,F22,F22B,.5
rt,3.02,B25,B25B,.5
wc,3.03,F01,F01P,.5
wc,3.03,F03,F03D,.5
bf,5.04,H01,H01S,.5
wc,3.03,F16,F16L,.5
dw,1.04,B63,B63J,.5
di,5.02,F21,F21S,.5
ub,1.03,B27,B27G,.5
om,5.05,A47,A47D,.5
wc,3.03,G04,G04G,.5
iq,2.02,B27,B27M,.5
or,5.09,B25,B25D,.5
eu,2.02,B42,B42B,.5
pt,3.03,G04,G04B,.5
ix,2.07,H05,H05K,.5
we,3.02,A47,A47D,.5
um,3.01,B60,B60G,.5
pt,3.03,A62,A62C,.5
zk,9,B41,B41M,.5
te,1.05,H04,H04Q,.5
we,3.02,B25,B25B,.5
ha,5.03,A63,A63C,.5
tq,3.02,A47,A47F,.5
da,1.06,A24,A24D,.5
um,3.01,F16,F16D,.5
zm,1.06,A46,A46B,.5
iq,2.02,F23,F23L,.5
we,3.02,H04,H04J,.5
ja,1.05,F16,F16J,.5
eq,3.01,C08,C08C,.5
gy,5.02,F16,F16G,.5
pw,2.06,G08,G08G,.5
ev,1.02,C14,C14C,.5
vx,5.01,B23,B23Q,.5
cu,1.06,G06,G06G,.5
oy,9,F22,F22B,.5
rz,3.03,A61,A61D,.5
pj,2.05,H02,H02B,.5
sa,3.03,F42,F42B,.5
oa,2.11,F23,F23J,.5
ds,3.02,A23,A23P,.5
ah,4.01,B25,B25B,.5
km,1.06,B62,B62L,.5
wh,3.02,E05,E05B,.5
wh,3.02,F21,F21V,.5
wh,3.02,F23,F23K,.5
js,6.04,F02,F02C,.5
te,1.05,H04,H04R,.5
hl,3.03,F21,F21K,.5
wh,3.02,B09,B09B,.5
ev,1.02,B67,B67D,.5
di,5.02,A23,A23F,.5
mm,6.01,B60,B60H,.5
db,2.08,A21,A21C,.5
co,1.06,Y10,Y10S,.5
dq,9,B03,B03B,.5
wm,5.04,B64,B64D,.5
ai,2.03,C10,C10G,.5
wm,5.04,C09,C09G,.5
ew,1.02,A62,A62D,.5
wm,5.04,F02,F02B,.5
qj,2.05,B66,B66F,.5
qf,9,E03,E03F,.5
dr,1.06,B23,B23C,.5
vi,5.01,B62,B62K,.5
qq,1.05,F04,F04F,.5
wm,5.04,H01,H01C,.5
hf,6.03,C05,C05F,.5
iy,1.06,F15,F15B,.5
oi,3.02,B61,B61L,.5
af,4.05,A01,A01F,.5
ei,1.04,B25,B25G,.5
bm,5.07,C10,C10M,.5
ma,3.02,F22,F22B,.5
nm,5.02,E01,E01C,.5
mq,6.01,G03,G03F,.5
db,2.08,F15,F15B,.5
pi,1.06,G09,G09G,.5
if,2.11,E21,E21D,.5
ih,2.07,G02,G02C,.5
et,1.02,F25,F25J,.5
pt,3.03,B61,B61L,.5
pa,6.02,F24,F24T,.5
sy,1.03,G04,G04C,.5
wu,5.04,B41,B41N,.5
bk,6.04,F23,F23G,.5
wm,5.04,F41,F41J,.5
ye,2.02,C21,C21C,.5
ta,1.06,G06,G06Q,.5
wu,5.04,F41,F41B,.5
uh,1.03,F27,F27D,.5
nu,5.08,B44,B44D,.5
ds,3.02,G09,G09G,.5
en,9,F15,F15B,.5
fa,2.01,A63,A63H,.5
wv,3.03,B65,B65G,.5
ye,2.02,C05,C05F,.5
lq,3.03,C03,C03C,.5
le,1.05,B42,B42D,.5
ix,2.07,B64,B64C,.5
jo,5.04,C01,C01F,.5
ue,2.11,B42,B42B,.5
et,1.02,A24,A24B,.5
et,1.02,D06,D06Q,.5
tq,3.02,D01,D01D,.5
mm,6.01,B62,B62B,.5
wy,5.04,H02,H02P,.5
mr,6.01,G11,G11C,.5
qg,2.05,A47,A47B,.5
xa,5.04,B62,B62J,.5
bf,5.04,G03,G03G,.5
xa,5.04,B81,B81C,.5
nm,5.02,F17,F17C,.5
ea,1.04,H03,H03J,.5
mm,6.01,B22,B22C,.5
xa,5.04,G01,G01G,.5
ot,6.02,F27,F27B,.5
iy,1.06,B03,B03B,.5
ew,1.02,B67,B67C,.5
si,1.05,F42,F42B,.5
ec,1.04,D03,D03D,.5
yq,5.07,A62,A62C,.5
pq,1.01,B22,B22D,.5
xe,4.01,B21,B21B,.5
xe,4.01,B60,B60N,.5
bd,1.06,H02,H02P,.5
xe,4.01,C10,C10M,.5
dk,5.02,B43,B43L,.5
ot,6.02,D04,D04B,.5
pq,1.01,C21,C21C,.5
aq,3.02,B60,B60K,.5
db,2.08,B42,B42D,.5
vy,3.02,A44,A44C,.5
ta,1.06,B82,B82Y,.5
ba,3.02,F21,F21K,.5
bf,5.04,A47,A47L,.5
qu,1.06,C23,C23G,.5
ve,3.02,B23,B23D,.5
vi,5.01,B01,B01F,.5
ur,1.01,H04,H04H,.5
cu,1.06,F16,F16C,.5
om,5.05,B60,B60W,.5
pa,6.02,E01,E01C,.5
xq,2.11,C09,C09G,.5
oa,2.11,B44,B44B,.5
oz,6.02,G01,G01Q,.5
oe,5.06,F04,F04D,.5
uu,5.06,G04,G04G,.5
xq,2.11,D04,D04B,.5
co,1.06,E05,E05F,.5
ah,4.01,E04,E04F,.5
om,5.05,H02,H02H,.5
ps,5.04,F02,F02C,.5
tc,3.02,B60,B60D,.5
wv,3.03,F24,F24D,.5
il,2.07,H01,H01L,.5
wu,5.04,B28,B28D,.5
xw,3.03,A01,A01M,.5
js,6.04,G01,G01B,.5
yg,6.04,F01,F01C,.5
cq,1.06,B31,B31D,.5
ei,1.04,B66,B66F,.5
xw,3.03,B60,B60C,.5
xw,3.03,B63,B63B,.5
or,5.09,C11,C11C,.5
yp,3.02,B60,B60K,.5
xw,3.03,F01,F01N,.5
pw,2.06,G03,G03C,.5
xw,3.03,G04,G04B,.5
vs,5.01,B64,B64C,.5
ql,9,H03,H03L,.5
ii,2.04,B67,B67C,.5
tq,3.02,A45,A45D,.5
tu,3.01,D06,D06N,.5
xy,1.01,A23,A23F,.5
ju,4.01,C09,C09C,.5
vp,3.03,F01,F01D,.5
ya,3.02,B25,B25D,.5
jm,5.04,B60,B60R,.5
uf,1.03,F42,F42C,.5
he,5.03,E02,E02F,.5
gc,1.05,A01,A01C,.5
oa,2.11,B61,B61C,.5
py,3.02,E02,E02D,.5
pw,2.06,F16,F16L,.5
ad,4.02,F28,F28F,.5
wf,1.06,B23,B23P,.5
dm,3.02,D04,D04B,.5
ub,1.03,H02,H02B,.5
zr,1.05,H02,H02M,.5
jw,6.02,A01,A01F,.5
hi,5.01,D06,D06N,.5
ya,3.02,B67,B67D,.5
io,2.07,B66,B66D,.5
nu,5.08,B28,B28B,.5
xa,5.04,F02,F02P,.5
vi,5.01,C10,C10J,.5
dy,1.04,F23,F23B,.5
ay,3.01,C02,C02F,.5
ad,4.02,B68,B68B,.5
gc,1.05,A43,A43B,.5
yu,3.03,G03,G03F,.5
xa,5.04,B43,B43M,.5
or,5.09,G05,G05G,.5
dq,9,B23,B23B,.5
le,1.05,B43,B43K,.5
uq,5.07,E04,E04B,.5
ye,2.02,A23,A23D,.5
wm,5.04,A23,A23P,.5
vj,5.01,B64,B64G,.5
qc,6.02,B41,B41J,.5
pz,2.05,A47,A47B,.5
ye,2.02,A47,A47D,.5
yi,6.03,A43,A43B,.5
yq,5.07,F01,F01P,.5
uq,5.07,H01,H01Q,.5
qc,6.02,G01,G01G,.5
ka,4.01,G07,G07D,.5
ex,1.02,F17,F17D,.5
uf,1.03,B65,B65H,.5
nq,5.01,E03,E03F,.5
uu,5.06,A01,A01B,.5
sa,3.03,B68,B68B,.5
vj,5.01,B60,B60R,.5
my,5.01,G01,G01F,.5
mu,4.01,F25,F25C,.5
ki,3.02,A24,A24D,.5
wm,5.04,E05,E05B,.5
tc,3.02,B23,B23D,.5
fa,2.01,B27,B27N,.5
qe,2.09,B27,B27N,.5
bk,6.04,B60,B60P,.5
dq,9,E21,E21D,.5
zq,2.07,A43,A43B,.5
ye,2.02,F27,F27B,.5
pc,5.02,A41,A41D,.5
nn,3.03,F23,F23K,.5
vm,5.06,A62,A62D,.5
km,1.06,B60,B60B,.5
da,1.06,F01,F01L,.5
ba,3.02,G02,G02F,.5
dr,1.06,F16,F16C,.5
db,2.08,B66,B66D,.5
wf,1.06,F17,F17C,.5
jb,5.07,F02,F02F,.5
gc,1.05,E21,E21F,.5
tu,3.01,F24,F24C,.5
az,3.02,A23,A23L,.5
ki,3.02,B65,B65H,.5
yg,6.04,B60,B60G,.5
ei,1.04,A01,A01J,.5
oy,9,B60,B60Q,.5
wy,5.04,G01,G01B,.5
zk,9,G09,G09G,.5
ka,4.01,B27,B27D,.5
pg,6.02,C08,C08K,.5
yp,3.02,G01,G01G,.5
ex,1.02,D21,D21H,.5
ds,3.02,B60,B60K,.5
ka,4.01,B27,B27H,.5
yg,6.04,F27,F27D,.5
wy,5.04,F21,F21L,.5
pe,5.02,C14,C14C,.5
am,4.01,H03,H03H,.5
hf,6.03,B60,B60K,.5
cq,1.06,H03,H03B,.5
zr,1.05,A63,A63H,.5
nu,5.08,F23,F23J,.5
uu,5.06,A45,A45D,.5
ve,3.02,G21,G21G,.5
vy,3.02,B67,B67C,.5
bq,6.05,C05,C05F,.5
ij,2.11,B65,B65B,.5
bf,5.04,B60,B60G,.5
io,2.07,F21,F21V,.5
yi,6.03,B64,B64D,.5
yi,6.03,B65,B65C,.5
bq,6.05,C25,C25B,.5
bm,5.07,C03,C03B,.5
ba,3.02,B61,B61F,.5
ku,5.07,E04,E04C,.5
ro,1.07,D04,D04G,.5
le,1.05,G07,G07B,.5
yi,6.03,G01,G01J,.5
tq,3.02,B60,B60H,.5
uf,1.03,A47,A47B,.5
ot,6.02,F41,F41B,.5
pg,6.02,C11,C11D,.5
dk,5.02,A47,A47J,.5
om,5.05,F02,F02C,.5
yo,3.01,A43,A43C,.5
yo,3.01,A63,A63B,.5
hf,6.03,B62,B62B,.5
kv,1.05,F15,F15B,.5
yo,3.01,B67,B67D,.5
tm,3.01,B41,B41M,.5
nu,5.08,G12,G12B,.5
bd,1.06,B01,B01F,.5
es,2.02,B26,B26B,.5
yo,3.01,F16,F16M,.5
pm,2.05,F16,F16P,.5
ia,3.02,G04,G04G,.5
yo,3.01,F15,F15B,.5
uy,1.04,B65,B65C,.5
di,5.02,B03,B03B,.5
zm,1.06,C06,C06B,.5
yp,3.02,A47,A47F,.5
ph,6.02,A41,A41C,.5
ua,6.03,F16,F16M,.5
qa,3.01,A41,A41G,.5
fa,2.01,D01,D01G,.5
bu,1.03,B60,B60L,.5
qe,2.09,A61,A61G,.5
uy,1.04,B62,B62K,.5
di,5.02,F41,F41B,.5
yq,5.07,B24,B24B,.5
ii,2.04,E01,E01D,.5
gm,3.03,G01,G01K,.5
jw,6.02,G01,G01V,.5
qg,2.05,F24,F24H,.5
yq,5.07,E04,E04B,.5
iq,2.02,B31,B31D,.5
yq,5.07,F02,F02F,.5
yq,5.07,F41,F41A,.5
te,1.05,F28,F28D,.5
bq,6.05,B09,B09B,.5
et,1.02,E05,E05C,.5
ps,5.04,B65,B65H,.5
zd,9,B61,B61G,.5
yr,2.01,B03,B03B,.5
de,1.06,B25,B25B,.5
bm,5.07,H01,H01K,.5
zr,1.05,H03,H03H,.5
mq,6.01,B42,B42D,.5
yr,2.01,B61,B61D,.5
tu,3.01,G01,G01H,.5
bi,6.01,H02,H02G,.5
xa,5.04,B60,B60H,.5
ei,1.04,B43,B43M,.5
hi,5.01,H03,H03H,.5
ex,1.02,F04,F04C,.5
wc,3.03,B60,B60D,.5
or,5.09,B41,B41M,.5
qu,1.06,F16,F16B,.5
qj,2.05,G01,G01G,.5
vm,5.06,B32,B32B,.5
uh,1.03,E01,E01C,.5
tc,3.02,F16,F16C,.5
qf,9,B65,B65H,.5
vx,5.01,B29,B29D,.5
tc,3.02,H04,H04H,.5
pq,1.01,B21,B21C,.5
yy,5.07,B29,B29C,.5
yy,5.07,B05,B05D,.5
dt,2.03,G07,G07B,.5
hi,5.01,E04,E04G,.5
im,2.01,F15,F15C,.5
yy,5.07,C09,C09D,.5
mq,6.01,F16,F16J,.5
yy,5.07,F16,F16D,.5
yy,5.07,G01,G01G,.5
bq,6.05,D01,D01D,.5
vp,3.03,B01,B01D,.5
ni,3.01,F27,F27D,.5
za,3.02,B24,B24C,.5
eo,6.02,G01,G01J,.5
fi,1.04,F25,F25J,.5
cq,1.06,G08,G08C,.5
up,1.03,B63,B63B,.5
wu,5.04,D01,D01H,.5
bp,6.04,G04,G04B,.5
nm,5.02,B23,B23K,.5
pd,6.02,B60,B60P,.5
rp,6.04,B07,B07C,.5
ds,3.02,B23,B23Q,.5
za,3.02,H01,H01F,.5
pm,2.05,F24,F24T,.5
dr,1.06,F17,F17C,.5
zc,4.03,A42,A42B,.5
tu,3.01,B25,B25H,.5
ia,3.02,G04,G04R,.5
qk,6.01,A41,A41D,.5
ut,6.02,A01,A01G,.5
zc,4.03,C12,C12C,.5
zc,4.03,C22,C22C,.5
qq,1.05,B65,B65G,.5
da,1.06,H02,H02B,.5
uf,1.03,B62,B62K,.5
zc,4.03,F26,F26B,.5
zc,4.03,F28,F28F,.5
iu,2.03,B31,B31C,.5
pg,6.02,H01,H01Q,.5
hl,3.03,B62,B62J,.5
vj,5.01,B60,B60C,.5
pi,1.06,F02,F02F,.5
jm,5.04,A23,A23L,.5
oz,6.02,F02,F02F,.5
zd,9,B09,B09B,.5
tq,3.02,B23,B23H,.5
ia,3.02,B09,B09C,.5
zd,9,B25,B25H,.5
qh,2.05,F16,F16N,.5
yy,5.07,C09,C09J,.5
ia,3.02,B62,B62K,.5
ve,3.02,A62,A62D,.5
zd,9,E04,E04C,.5
wf,1.06,H01,H01F,.5
zd,9,F01,F01P,.5
wm,5.04,B66,B66C,.5
zd,9,F16,F16H,.5
bk,6.04,B27,B27N,.5
ju,4.01,B23,B23Q,.5
pc,5.02,C14,C14C,.5
gy,5.02,A23,A23F,.5
ze,1.06,A01,A01C,.5
qa,3.01,F16,F16N,.5
ze,1.06,B21,B21D,.5
ze,1.06,C05,C05F,.5
ze,1.06,F01,F01L,.5
oi,3.02,B32,B32B,.5
qd,6.02,C23,C23C,.5
ze,1.06,H02,H02P,.5
bf,5.04,B23,B23F,.5
ot,6.02,E04,E04F,.5
vi,5.01,F21,F21S,.5
gu,1.06,F02,F02C,.5
ve,3.02,C21,C21C,.5
xq,2.11,B25,B25D,.5
ma,3.02,B25,B25D,.5
nu,5.08,G10,G10C,.5
ev,1.02,A47,A47B,.5
zk,9,H02,H02M,.5
db,2.08,A47,A47D,.5
ot,6.02,D01,D01D,.5
we,3.02,F42,F42D,.5
fs,6.04,F02,F02P,.5
jw,6.02,H03,H03G,.5
zm,1.06,B25,B25B,.5
zm,1.06,B27,B27K,.5
rz,3.03,B24,B24C,.5
zm,1.06,B60,B60K,.5
zm,1.06,B60,B60N,.5
re,1.05,A46,A46B,.5
zm,1.06,B67,B67D,.5
zm,1.06,C01,C01D,.5
rt,3.02,B42,B42B,.5
bk,6.04,B25,B25C,.5
or,5.09,H02,H02P,.5
tc,3.02,B60,B60P,.5
hy,1.06,H02,H02J,.5
vi,5.01,D06,D06F,.5
zm,1.06,H04,H04H,.5
ij,2.11,G03,G03C,.5
ew,1.02,D01,D01H,.5
uq,5.07,A41,A41D,.5
zm,1.06,F16,F16L,.5
zm,1.06,F16,F16M,.5
pi,1.06,G01,G01F,.5
jm,5.04,B64,B64D,.5
iq,2.02,A41,A41B,.5
vx,5.01,B60,B60N,.5
po,1.01,C09,C09J,.5
hb,5.03,A61,A61J,.5
xa,5.04,B66,B66C,.5
jb,5.07,B09,B09B,.5
zq,2.07,B25,B25D,.5
ja,1.05,G07,G07D,.5
tm,3.01,E04,E04B,.5
ky,1.05,C06,C06C,.5
zm,1.06,C10,C10K,.5
le,1.05,B22,B22D,.5
ui,1.03,F23,F23R,.5
li,3.02,A46,A46B,.5
zq,2.07,E01,E01B,.5
uf,1.03,B60,B60B,.5
aa,1.03,B67,B67D,.5
ae,4.05,E04,E04B,.5
wm,5.04,F16,F16K,.5
wu,5.04,A63,A63C,.5
wy,5.04,H01,H01B,.5
wu,5.04,B07,B07C,.5
zq,2.07,A23,A23C,.5
tm,3.01,F16,F16H,.5
gm,3.03,B23,B23D,.5
pz,2.05,B42,B42F,.5
iu,2.03,B43,B43L,.5
zq,2.07,H01,H01T,.5
zq,2.07,H03,H03J,.5
su,3.02,A01,A01C,.5
wc,3.03,F23,F23B,.5
wu,5.04,F04,F04C,.5
aq,3.02,C01,C01C,.5
he,5.03,G04,G04G,.5
zr,1.05,B02,B02B,.5
zr,1.05,B07,B07B,.5
vi,5.01,B65,B65H,.5
nq,5.01,H04,H04Q,.5
ru,3.01,F28,F28G,.5
ut,6.02,A23,A23J,.5
dk,5.02,B01,B01F,.5
tm,3.01,C25,C25C,.5
qu,1.06,B22,B22D,.5
yu,3.03,B25,B25G,.5
gu,1.06,B60,B60S,.5
zr,1.05,C12,C12H,.5
ba,3.02,C01,C01C,.5
bm,5.07,H01,H01C,.5
oe,5.06,B60,B60J,.5
li,3.02,F02,F02M,.5
zr,1.05,H02,H02G,.5
tu,3.01,G07,G07B,.5
ua,6.03,F23,F23G,.5
zr,1.05,Y02,Y02A,.5
fa,2.01,H04,H04H,.5
un,1.03,A61,A61G,.5
pn,1.01,D06,D06M,.5
bp,6.04,A23,A23F,.5
km,1.06,C22,C22F,.5
ni,3.01,B43,B43L,.5
py,3.02,E21,E21D,.5
pe,5.02,B61,B61K,.5
hb,5.03,A61,A61G,.5
tm,3.01,C12,C12C,.5
nu,5.08,B23,B23P,.5
aq,3.02,H04,H04B,.5
qu,1.06,F01,F01N,.5
nu,5.08,E05,E05C,.5
uf,1.03,A23,A23K,.5
oz,6.02,B21,B21K,.5
ua,6.03,B61,B61L,.5
bk,6.04,E05,E05F,.5
xa,5.04,A47,A47G,.5
vx,5.01,E04,E04H,.5
ua,6.03,A43,A43B,.5
za,3.02,B66,B66C,.5
hl,3.03,G05,G05F,.5
ue,2.11,C10,C10M,.5
or,5.09,F23,F23J,.5
pa,6.02,A22,A22B,.5
zm,1.06,D06,D06Q,.5
up,1.03,A47,A47C,.5
oe,5.06,B63,B63H,.5
ju,4.01,F16,F16K,.5
nn,3.03,H01,H01P,.5
db,2.08,B26,B26F,.5
xa,5.04,G08,G08C,.5
zq,2.07,B60,B60W,.5
ih,2.07,B23,B23D,.5
rb,2.02,G03,G03H,.5
ip,2.07,F16,F16M,.5
et,1.02,C10,C10C,.5
lj,3.02,A47,A47G,.5
fa,2.01,C12,C12G,.5
qc,6.02,B60,B60N,.5
pq,1.01,A21,A21B,.5
za,3.02,B21,B21B,.5
ah,4.01,B22,B22C,.5
jw,6.02,G01,G01M,.5
ij,2.11,B60,B60J,.5
he,5.03,H01,H01J,.5
qd,6.02,H04,H04J,.5
yo,3.01,C06,C06D,.5
dm,3.02,H02,H02B,.5
pc,5.02,F16,F16B,.5
qg,2.05,B62,B62D,.5
nn,3.03,B64,B64C,.5
bd,1.06,F41,F41B,.5
js,6.04,B03,B03B,.5
bd,1.06,B06,B06B,.5
ot,6.02,B65,B65G,.5
te,1.05,H02,H02J,.5
pq,1.01,F02,F02P,.5
jb,5.07,B41,B41M,.5
dw,1.04,G07,G07B,.5
if,2.11,A22,A22C,.5
db,2.08,B60,B60L,.5
iq,2.02,B01,B01B,.5
fu,5.04,C08,C08K,.5
et,1.02,E06,E06C,.5
ki,3.02,H03,H03C,.5
tc,3.02,F42,F42B,.5
pm,2.05,B60,B60M,.5
ij,2.11,A41,A41B,.5
wm,5.04,B21,B21F,.5
ai,2.03,E05,E05C,.5
td,3.02,F02,F02F,.5
um,3.01,B60,B60Q,.5
rq,1.06,B23,B23B,.5
ep,1.02,F25,F25C,.5
ih,2.07,G03,G03C,.5
oy,9,A01,A01M,.5
uh,1.03,B60,B60W,.5
uf,1.03,H04,H04H,.5
dw,1.04,B04,B04B,.5
xa,5.04,A21,A21D,.5
xq,2.11,B64,B64F,.5
oe,5.06,C11,C11C,.5
id,2.07,A01,A01J,.5
vp,3.03,A43,A43B,.5
di,5.02,F23,F23R,.5
pq,1.01,B62,B62K,.5
nm,5.02,G08,G08B,.5
ew,1.02,B02,B02C,.5
dw,1.04,F24,F24D,.5
uh,1.03,E04,E04C,.5
ti,9,B64,B64D,.5
uh,1.03,F02,F02M,.5
wm,5.04,B60,B60G,.5
zd,9,B60,B60G,.5
qh,2.05,G09,G09G,.5
uu,5.06,B44,B44C,.5
im,2.01,A45,A45C,.5
oi,3.02,B65,B65D,.5
ub,1.03,B25,B25H,.5
yy,5.07,B26,B26D,.5
vp,3.03,G01,G01C,.5
wm,5.04,E03,E03F,.5
tc,3.02,B62,B62B,.5
qh,2.05,B27,B27G,.5
ti,9,D05,D05B,.5
ub,1.03,F01,F01M,.5
xw,3.03,F24,F24S,.5
up,1.03,D03,D03D,.5
vm,5.06,G07,G07C,.5
ip,2.07,B60,B60M,.5
ub,1.03,E05,E05B,.5
uy,1.04,B64,B64B,.5
es,2.02,B26,B26D,.5
aa,1.03,A21,A21D,.5
ml,9,G11,G11B,.5
es,2.02,F16,F16G,.5
db,2.08,B31,B31D,.5
bp,6.04,B41,B41K,.5
cl,9,B41,B41J,.5
wy,5.04,H04,H04R,.5
yy,5.07,G01,G01T,.5
ju,4.01,F21,F21V,.5
bd,1.06,B60,B60S,.5
ti,9,H02,H02P,.5
pw,2.06,E02,E02D,.5
qh,2.05,A23,A23D,.5
yo,3.01,F23,F23R,.5
pz,2.05,A01,A01F,.5
si,1.05,D07,D07B,.5
iy,1.06,D21,D21H,.5
nu,5.08,E05,E05D,.5
nm,5.02,C09,C09K,.5
bm,5.07,F23,F23N,.5
qe,2.09,A63,A63H,.5
wy,5.04,H05,H05B,.5
vs,5.01,F24,F24F,.5
dt,2.03,A63,A63H,.5
bk,6.04,D02,D02G,.5
ee,1.04,A62,A62C,.5
tm,3.01,A44,A44C,.5
ph,6.02,G01,G01L,.5
ih,2.07,F02,F02N,.5
sa,3.03,G03,G03C,.5
pi,1.06,B23,B23Q,.5
ox,6.02,H01,H01H,.5
vx,5.01,H02,H02H,.5
wc,3.03,F01,F01M,.5
wu,5.04,H03,H03J,.5
dr,1.06,G06,G06E,.5
ot,6.02,F25,F25D,.5
nq,5.01,B29,B29D,.5
mm,6.01,A24,A24B,.5
nu,5.08,F04,F04C,.5
cq,1.06,Y02,Y02E,.5
uy,1.04,B21,B21D,.5
ea,1.04,F01,F01P,.5
ub,1.03,B43,B43K,.5
ta,1.06,H04,H04Q,.5
bi,6.01,G06,G06M,.5
gc,1.05,B03,B03C,.5
he,5.03,C03,C03B,.5
ja,1.05,B25,B25D,.5
ta,1.06,C10,C10L,.5
om,5.05,B24,B24C,.5
ub,1.03,B25,B25G,.5
ui,1.03,E04,E04F,.5
ot,6.02,B60,B60J,.5
ev,1.02,G10,G10D,.5
jw,6.02,G01,G01L,.5
et,1.02,D06,D06C,.5
ih,2.07,A23,A23F,.5
oy,9,A23,A23N,.5
rq,1.06,G09,G09F,.5
sd,3.02,C04,C04B,.5
rp,6.04,F03,F03C,.5
ja,1.05,B28,B28C,.5
ga,3.02,F16,F16M,.5
qh,2.05,F41,F41C,.5
ut,6.02,H02,H02G,.5
ig,2.06,F01,F01C,.5
su,3.02,F41,F41A,.5
ye,2.02,B24,B24C,.5
dt,2.03,F04,F04F,.5
rp,6.04,B02,B02C,.5
yr,2.01,B63,B63B,.5
ix,2.07,C06,C06B,.5
ph,6.02,G03,G03G,.5
pe,5.02,B63,B63H,.5
un,1.03,F41,F41B,.5
ip,2.07,G08,G08B,.5
ma,3.02,F21,F21V,.5
we,3.02,F16,F16B,.5
sa,3.03,B21,B21H,.5
ya,3.02,E04,E04C,.5
ju,4.01,B60,B60C,.5
up,1.03,B09,B09C,.5
qk,6.01,B62,B62K,.5
wm,5.04,E04,E04G,.5
bd,1.06,A61,A61C,.5
tq,3.02,E05,E05C,.5
un,1.03,A24,A24F,.5
tc,3.02,B05,B05C,.5
bp,6.04,H03,H03B,.5
po,1.01,F16,F16B,.5
fy,3.02,A45,A45C,.5
hy,1.06,A47,A47C,.5
tq,3.02,H03,H03H,.5
bm,5.07,G05,G05F,.5
xy,1.01,B60,B60K,.5
ad,4.02,B60,B60L,.5
ki,3.02,B21,B21B,.5
ka,4.01,B63,B63H,.5
my,5.01,C21,C21D,.5
oy,9,B60,B60G,.5
hl,3.03,A45,A45C,.5
tu,3.01,F01,F01P,.5
zk,9,C08,C08K,.5
tu,3.01,B25,B25B,.5
ba,3.02,B60,B60R,.5
yq,5.07,A01,A01G,.5
pa,6.02,F02,F02K,.5
dw,1.04,A41,A41H,.5
um,3.01,F02,F02M,.5
xa,5.04,B27,B27D,.5
si,1.05,H02,H02P,.5
mm,6.01,B27,B27B,.5
tu,3.01,B21,B21C,.5
rt,3.02,F01,F01C,.5
vx,5.01,B25,B25B,.5
tq,3.02,H03,H03D,.5
td,3.02,B65,B65B,.5
dy,1.04,A43,A43D,.5
su,3.02,H04,H04H,.5
ox,6.02,A61,A61Q,.5
te,1.05,H04,H04J,.5
wc,3.03,C09,C09J,.5
uu,5.06,D06,D06M,.5
bp,6.04,E05,E05F,.5
yg,6.04,G03,G03G,.5
dr,1.06,B23,B23B,.5
tu,3.01,B60,B60C,.5
ha,5.03,B25,B25H,.5
wm,5.04,F02,F02D,.5
tu,3.01,B60,B60P,.5
aa,1.03,G07,G07B,.5
ua,6.03,A47,A47B,.5
mw,5.09,F21,F21S,.5
ff,3.02,F03,F03D,.5
ad,4.02,F23,F23L,.5
wf,1.06,C03,C03C,.5
wh,3.02,G07,G07F,.5
nn,3.03,H02,H02P,.5
py,3.02,B66,B66B,.5
zr,1.05,B62,B62J,.5
bi,6.01,B27,B27N,.5
vx,5.01,A47,A47J,.5
eq,3.01,A47,A47B,.5
wh,3.02,F21,F21S,.5
ad,4.02,G01,G01W,.5
jm,5.04,C09,C09B,.5
pn,1.01,F27,F27D,.5
ja,1.05,F24,F24C,.5
ox,6.02,A62,A62B,.5
qg,2.05,F04,F04F,.5
qu,1.06,F02,F02F,.5
xq,2.11,G07,G07G,.5
bi,6.01,H02,H02P,.5
ja,1.05,B23,B23D,.5
ba,3.02,C10,C10L,.5
de,1.06,B60,B60G,.5
cu,1.06,B63,B63C,.5
pw,2.06,F02,F02M,.5
aq,3.02,C09,C09D,.5
bq,6.05,B42,B42C,.5
pm,2.05,A01,A01F,.5
uu,5.06,F41,F41G,.5
tu,3.01,F23,F23R,.5
tu,3.01,F27,F27D,.5
tq,3.02,F16,F16C,.5
bp,6.04,B31,B31F,.5
xy,1.01,F27,F27D,.5
tq,3.02,F16,F16D,.5
yo,3.01,F28,F28F,.5
ew,1.02,A47,A47D,.5
sy,1.03,E03,E03F,.5
am,4.01,H02,H02G,.5
ot,6.02,C06,C06B,.5
hf,6.03,C21,C21D,.5
tm,3.01,E01,E01F,.5
bd,1.06,C21,C21C,.5
km,1.06,B26,B26F,.5
rp,6.04,B64,B64G,.5
cq,1.06,E21,E21D,.5
zc,4.03,C12,C12F,.5
et,1.02,B44,B44D,.5
bf,5.04,F42,F42D,.5
qc,6.02,B60,B60D,.5
ue,2.11,F16,F16J,.5
pw,2.06,F17,F17C,.5
et,1.02,C10,C10F,.5
ox,6.02,E21,E21B,.5
ma,3.02,B22,B22C,.5
uu,5.06,C12,C12G,.5
di,5.02,B23,B23B,.5
ha,5.03,H03,H03C,.5
bd,1.06,C25,C25D,.5
nu,5.08,H03,H03G,.5
qh,2.05,G04,G04B,.5
eo,6.02,F02,F02P,.5
my,5.01,B03,B03C,.5
ig,2.06,B31,B31D,.5
qe,2.09,B06,B06B,.5
hf,6.03,A47,A47B,.5
ua,6.03,G04,G04B,.5
tm,3.01,F01,F01C,.5
vm,5.06,H02,H02S,.5
xe,4.01,B60,B60R,.5
my,5.01,A63,A63C,.5
pc,5.02,H01,H01K,.5
uy,1.04,G07,G07B,.5
ot,6.02,A43,A43B,.5
qj,2.05,B60,B60K,.5
jw,6.02,G09,G09B,.5
jo,5.04,B65,B65D,.5
tm,3.01,F02,F02P,.5
hl,3.03,C09,C09C,.5
mm,6.01,B23,B23C,.5
pc,5.02,F04,F04F,.5
gy,5.02,B65,B65F,.5
un,1.03,A47,A47C,.5
bf,5.04,H02,H02G,.5
ha,5.03,F17,F17C,.5
ub,1.03,B31,B31F,.5
ff,3.02,F41,F41B,.5
ne,3.03,F23,F23Q,.5
vj,5.01,B64,B64B,.5
ew,1.02,D21,D21F,.5
py,3.02,E01,E01D,.5
uy,1.04,E03,E03C,.5
bi,6.01,B21,B21B,.5
mw,5.09,C22,C22C,.5
ua,6.03,A45,A45C,.5
tc,3.02,B60,B60J,.5
ua,6.03,A62,A62B,.5
vm,5.06,B23,B23B,.5
gu,1.06,B28,B28C,.5
qg,2.05,F24,F24D,.5
hf,6.03,F16,F16L,.5
pk,2.05,F01,F01K,.5
co,1.06,B67,B67D,.5
ti,9,B60,B60L,.5
vj,5.01,G09,G09F,.5
de,1.06,H01,H01C,.5
bv,5.01,H01,H01J,.5
sa,3.03,A24,A24D,.5
ua,6.03,B25,B25D,.5
pc,5.02,B63,B63H,.5
uy,1.04,B07,B07B,.5
fu,5.04,H02,H02B,.5
su,3.02,B23,B23H,.5
ra,2.11,E01,E01D,.5
ev,1.02,B65,B65F,.5
ii,2.04,Y02,Y02W,.5
wf,1.06,B64,B64F,.5
rb,2.02,C14,C14B,.5
if,2.11,A47,A47J,.5
oe,5.06,E06,E06B,.5
om,5.05,A23,A23N,.5
ya,3.02,D21,D21C,.5000000037252903
jy,4.05,G10,G10H,.5000000037252903
ps,5.04,G01,G01M,.5000000037252903
rb,2.02,B82,B82B,.5000000055879354
wf,1.06,G10,G10L,.5000000074505806
fa,2.01,B41,B41N,.5000000074505806
un,1.03,F02,F02G,.5000000074505806
ix,2.07,B41,B41N,.5000000074505806
pe,5.02,C06,C06B,.5000000074505806
et,1.02,A63,A63J,.5000000074505806
es,2.02,B44,B44C,.5000000074505806
ga,3.02,C12,C12G,.5000000074505806
ti,9,B29,B29C,.5000000074505806
bp,6.04,A47,A47F,.5000000074505806
ih,2.07,C22,C22F,.5000000074505806
pn,1.01,F41,F41J,.5000000074505806
im,2.01,B41,B41N,.5000000074505806
le,1.05,C09,C09J,.5000000074505806
ik,2.11,F16,F16M,.5000000111758709
po,1.01,H01,H01S,.5000000111758709
ns,2.01,D03,D03D,.5000000111758709
pc,5.02,E02,E02F,.5000000111758709
ec,1.04,F23,F23C,.5000000149011612
pz,2.05,F24,F24C,.5000000149011612
ur,1.01,B23,B23D,.5000000149011612
ix,2.07,E02,E02B,.5000000149011612
bu,1.03,G21,G21F,.5000000149011612
cq,1.06,B23,B23Q,.5000000149011612
yr,2.01,F24,F24C,.5000000149011612
en,9,G03,G03B,.5000000149011612
qq,1.05,F23,F23M,.5000000149011612
en,9,B01,B01D,.5000000149011612
wf,1.06,A63,A63F,.5000000149011612
pi,1.06,A22,A22C,.5000000149011612
aa,1.03,A47,A47B,.5000000149011612
ve,3.02,A62,A62B,.5000000149011612
dq,9,H04,H04Q,.5000000149011612
iy,1.06,F42,F42B,.5000000149011612
dt,2.03,F22,F22D,.5000000149011612
xw,3.03,F21,F21L,.5000000149011612
ne,3.03,E03,E03B,.5000000149011612
ex,1.02,E21,E21C,.5000000149011612
ku,5.07,G01,G01L,.5000000149011612
ei,1.04,B61,B61C,.5000000149011612
ip,2.07,D06,D06F,.5000000149011612
dy,1.04,B60,B60Q,.5000000149011612
af,4.05,E04,E04C,.5000000149011612
po,1.01,F16,F16F,.5000000149011612
et,1.02,F16,F16M,.5000000149011612
ep,1.02,E03,E03F,.5000000149011612
eq,3.01,C11,C11D,.5000000149011612
lq,3.03,C09,C09D,.5000000149011612
qa,3.01,F16,F16M,.5000000149011612
ka,4.01,H02,H02G,.5000000149011612
uq,5.07,E05,E05F,.5000000149011612
yr,2.01,F28,F28D,.5000000149011612
yy,5.07,B60,B60P,.5000000149011612
pj,2.05,A47,A47J,.5000000149011612
dw,1.04,B65,B65H,.5000000149011612
ku,5.07,B65,B65G,.5000000149011612
rz,3.03,G01,G01V,.5000000149011612
tq,3.02,C01,C01G,.5000000149011612
ec,1.04,F28,F28F,.5000000149011612
li,3.02,G01,G01S,.5000000149011612
dy,1.04,C23,C23D,.5000000149011612
yo,3.01,G08,G08B,.5000000149011612
yy,5.07,E05,E05F,.5000000149011612
am,4.01,A47,A47J,.5000000149011612
if,2.11,E04,E04F,.5000000149011612
aa,1.03,B60,B60B,.5000000149011612
le,1.05,B28,B28B,.5000000149011612
zr,1.05,A63,A63B,.5000000149011612
hi,5.01,F16,F16C,.5000000149011612
uq,5.07,B60,B60P,.5000000149011612
im,2.01,F24,F24D,.5000000149011612
jb,5.07,B60,B60P,.5000000149011612
ia,3.02,B60,B60T,.5000000149011612
dw,1.04,F23,F23R,.5000000149011612
ik,2.11,D01,D01G,.5000000149011612
rx,3.02,G10,G10L,.5000000149011612
aa,1.03,D21,D21F,.5000000149011612
wu,5.04,A24,A24F,.5000000149011612
qj,2.05,E02,E02D,.5000000149011612
or,5.09,B01,B01F,.5000000149011612
xy,1.01,C22,C22C,.5000000149011612
qf,9,F02,F02K,.5000000149011612
ig,2.06,B61,B61L,.5000000149011612
aa,1.03,B24,B24C,.5000000149011612
hq,1.04,F23,F23G,.5000000149011612
af,4.05,H05,H05B,.5000000149011612
im,2.01,C05,C05D,.5000000149011612
da,1.06,B23,B23Q,.5000000149011612
ru,3.01,C21,C21B,.5000000149011612
ns,2.01,F27,F27D,.5000000149011612
wu,5.04,A24,A24D,.5000000149011612
ra,2.11,H03,H03B,.5000000149011612
pu,2.03,D21,D21F,.5000000149011612
yr,2.01,G01,G01G,.5000000149011612
db,2.08,B63,B63J,.5000000149011612
vy,3.02,H05,H05C,.5000000149011612
bu,1.03,E04,E04B,.5000000149011612
pj,2.05,G03,G03H,.5000000149011612
ue,2.11,B60,B60N,.5000000149011612
ya,3.02,B62,B62K,.5000000149011612
zq,2.07,G01,G01C,.5000000149011612
es,2.02,A23,A23F,.5000000149011612
qa,3.01,E01,E01H,.5000000149011612
ah,4.01,A21,A21B,.5000000149011612
yr,2.01,F25,F25D,.5000000149011612
iu,2.03,F22,F22D,.5000000149011612
bv,5.01,H01,H01S,.5000000149011612
ub,1.03,B61,B61F,.5000000149011612
ep,1.02,B41,B41B,.5000000149011612
zc,4.03,C25,C25F,.5000000149011612
pi,1.06,F03,F03D,.5000000149011612
eq,3.01,A24,A24F,.5000000149011612
er,1.02,C08,C08F,.5000000149011612
jb,5.07,E05,E05F,.5000000149011612
my,5.01,C22,C22C,.5000000149011612
ew,1.02,B30,B30B,.5000000149011612
po,1.01,B23,B23Q,.5000000149011612
es,2.02,B23,B23D,.5000000149011612
vi,5.01,D21,D21H,.5000000149011612
nm,5.02,B05,B05B,.5000000149011612
iy,1.06,G01,G01M,.5000000149011612
oz,6.02,D06,D06P,.5000000149011612
oa,2.11,F01,F01P,.5000000149011612
ia,3.02,B25,B25J,.5000000149011612
qj,2.05,A47,A47J,.5000000149011612
ip,2.07,B41,B41J,.5000000149011612
ru,3.01,C25,C25C,.5000000149011612
ve,3.02,A41,A41D,.5000000149011612
tc,3.02,F21,F21L,.5000000149011612
nq,5.01,A41,A41C,.5000000149011612
mr,6.01,C04,C04B,.5000000149011612
ze,1.06,B25,B25J,.5000000149011612
ii,2.04,B63,B63H,.5000000149011612
op,3.03,H02,H02P,.5000000149011612
gu,1.06,D03,D03D,.5000000149011612
yr,2.01,G03,G03G,.5000000149011612
ea,1.04,B65,B65F,.5000000149011612
qe,2.09,C07,C07B,.5000000149011612
uh,1.03,H01,H01T,.5000000149011612
zk,9,G03,G03G,.5000000149011612
rb,2.02,H01,H01S,.5000000149011612
nm,5.02,B05,B05D,.5000000149011612
pe,5.02,H04,H04S,.5000000149011612
po,1.01,B30,B30B,.5000000149011612
rx,3.02,A63,A63F,.5000000149011612
eu,2.02,G09,G09F,.5000000149011612
pn,1.01,A01,A01D,.5000000149011612
fi,1.04,F16,F16D,.5000000149011612
jb,5.07,F02,F02M,.5000000149011612
ga,3.02,A47,A47G,.5000000149011612
ye,2.02,F27,F27D,.5000000149011612
yr,2.01,E04,E04C,.5000000149011612
pe,5.02,A43,A43D,.5000000149011612
qj,2.05,B23,B23K,.5000000149011612
uy,1.04,G04,G04B,.5000000149011612
ra,2.11,E21,E21B,.5000000149011612
hb,5.03,F03,F03B,.5000000149011612
tq,3.02,B29,B29D,.5000000149011612
yi,6.03,A23,A23D,.5000000149011612
qh,2.05,G01,G01P,.5000000167638063
db,2.08,D21,D21G,.5000000223517418
we,3.02,G01,G01H,.5000000223517418
ur,1.01,A01,A01N,.5000881045125425
qa,3.01,B81,B81C,.5001984257251024
wq,5.01,E21,E21B,.5002164617180824
zd,9,A61,A61D,.5003156587481499
ns,2.01,C08,C08C,.5004166720900685
ue,2.11,H02,H02K,.5007936637848616
oi,3.02,B01,B01D,.5008458681404591
dy,1.04,H05,H05G,.501101597212255
he,5.03,G06,G06K,.501190485432744
iu,2.03,C11,C11B,.5011904928833246
ky,1.05,C10,C10L,.5013175230706111
ya,3.02,C12,C12H,.5015220700297505
ga,3.02,A23,A23K,.501567387022078
fi,1.04,A23,A23D,.5015723269898444
gc,1.05,C08,C08L,.5016339869471267
uk,1.03,B03,B03B,.5016806833446026
zr,1.05,B01,B01L,.501682651694864
um,3.01,H04,H04J,.5018115942366421
uh,1.03,A01,A01K,.5019379844889045
yo,3.01,C12,C12H,.5022831049282104
mc,1.06,C09,C09J,.5023529410827905
ct,9,B01,B01L,.5024275940377265
qu,1.06,A63,A63F,.5024509909562767
mc,1.06,H02,H02K,.5025316455867141
oy,9,B82,B82Y,.5027777813374996
wc,3.03,G01,G01G,.5027777887880802
aq,3.02,B01,B01L,.5028089887928218
yg,6.04,C11,C11B,.5028901733458042
ur,1.01,B05,B05B,.5029761996120214
qk,6.01,A01,A01H,.5030241906642914
rt,3.02,C09,C09J,.5030637322925031
dx,3.01,C01,C01F,.5031454372219741
uk,1.03,D02,D02G,.5031524111982435
pw,2.06,H04,H04B,.5032027559354901
ew,1.02,H01,H01K,.503333333414048
ia,3.02,G01,G01T,.5034687570296228
um,3.01,C10,C10M,.5036231884732842
tu,3.01,B66,B66C,.5036416489165276
ru,3.01,D01,D01D,.5036549819633365
id,2.07,B25,B25J,.5037037115544081
qk,6.01,C12,C12P,.5037037171423435
gy,5.02,H03,H03H,.5037878789007664
pe,5.02,A61,A61Q,.5038314175326377
ee,1.04,B41,B41N,.503875968977809
fi,1.04,B03,B03C,.5039215837605298
yp,3.02,C01,C01B,.5039682686328888
dw,1.04,B64,B64C,.5041666720062494
jb,5.07,H03,H03F,.5043478258885443
up,1.03,H03,H03H,.5044642947614193
ue,2.11,H02,H02H,.504545446485281
wm,5.04,B01,B01L,.5046296296641231
vx,5.01,A47,A47C,.5047090109437704
ye,2.02,F03,F03G,.5047147353179753
dm,3.02,B67,B67D,.5047619193792343
ze,1.06,A23,A23G,.5047619193792343
if,2.11,F03,F03B,.5047619193792343
db,2.08,F02,F02P,.5048309178091586
zc,4.03,C08,C08F,.5048941895365715
ew,1.02,B66,B66D,.5050505148246884
ve,3.02,B22,B22F,.5051282052882016
ku,5.07,H03,H03K,.5051587373018265
ia,3.02,F02,F02C,.5052083334885538
bi,6.01,B32,B32B,.5053763440810144
az,3.02,C40,C40B,.5054347827099264
su,3.02,B32,B32B,.5054824613034725
vx,5.01,A43,A43B,.5054945056326687
cu,1.06,C10,C10B,.5055555556900799
qg,2.05,F02,F02D,.5055555556900799
uk,1.03,A43,A43B,.5055555589497089
js,6.04,A23,A23C,.5055555589497089
xw,3.03,B05,B05B,.5056179775856435
oa,2.11,A45,A45F,.5058139534667134
zr,1.05,A61,A61N,.5058380477130413
ki,3.02,C01,C01F,.5058823530562222
im,2.01,G08,G08C,.5059523810632527
qe,2.09,F16,F16H,.5063291140832007
tc,3.02,H05,H05K,.5063291140832007
qu,1.06,H05,H05H,.5064046150073409
kv,1.05,A23,A23L,.5064102564938366
im,2.01,G04,G04F,.5064102564938366
hi,5.01,G02,G02C,.5064102564938366
ds,3.02,G01,G01J,.5065490755951032
ja,1.05,H05,H05H,.5066134976223111
ev,1.02,C01,C01D,.5066666668280959
es,2.02,H01,H01K,.5066666668280959
bf,5.04,G03,G03F,.5066666668280959
ue,2.11,C09,C09J,.5066666752099991
jy,4.05,B66,B66C,.5067567569203675
uy,1.04,C25,C25F,.5068627453874797
ue,2.11,C10,C10G,.5069444552063942
pt,3.03,H01,H01J,.5071638475637883
dq,9,H04,H04J,.5072463769465685
ub,1.03,A62,A62B,.5072767231613398
ex,1.02,B29,B29B,.5074074072763324
ec,1.04,F21,F21V,.5074418019503355
qa,3.01,B64,B64C,.5074627012945712
eo,6.02,G10,G10L,.5075457096099854
ih,2.07,B01,B01B,.5075757578015327
xy,1.01,B41,B41J,.5075757578015327
re,1.05,A63,A63G,.5075757652521133
gc,1.05,A63,A63G,.5075757652521133
ia,3.02,G01,G01D,.5075757652521133
ht,1.06,C12,C12Y,.507665787357837
ru,3.01,B23,B23P,.5078125
oe,5.06,A23,A23G,.5079365083947778
il,2.07,C07,C07D,.5079365083947778
ea,1.04,B60,B60W,.5079365195706487
ah,4.01,C08,C08C,.5081349317915738
dt,2.03,G01,G01Q,.5081665199249983
lq,3.03,H04,H04H,.5081967208534479
aa,1.03,B23,B23P,.5083333402872086
aa,1.03,B65,B65H,.5083333440124989
ru,3.01,D06,D06P,.5083333440124989
ds,3.02,D21,D21H,.5084745762869716
xe,4.01,D21,D21H,.5084745762869716
km,1.06,A61,A61H,.5086015900596976
mu,4.01,G07,G07F,.5086206896230578
um,3.01,G01,G01T,.5086956517770886
py,3.02,A61,A61D,.5087560396641493
hq,1.04,F42,F42B,.5087719447910786
ih,2.07,F17,F17C,.5088624469935894
uh,1.03,G07,G07C,.5089285718277097
qg,2.05,G06,G06G,.5089285718277097
uy,1.04,C12,C12C,.5089743677526712
am,4.01,G02,G02F,.5090097403153777
li,3.02,G09,G09B,.509185308823362
zr,1.05,B07,B07C,.5092592593282461
qq,1.05,E02,E02D,.5092592611908913
qh,2.05,C25,C25B,.5094269691035151
pw,2.06,A62,A62D,.5094339624047279
vj,5.01,G01,G01V,.5094627663493156
ds,3.02,C08,C08L,.5094663798809052
qg,2.05,F27,F27B,.5095238098874688
si,1.05,A23,A23G,.50952382478863
ur,1.01,F16,F16L,.5096153849735856
zq,2.07,C12,C12Q,.5097911143675447
ma,3.02,F21,F21K,.5098039219155908
zd,9,F21,F21K,.5098039219155908
pz,2.05,H04,H04S,.5098039219155908
ji,5.01,B64,B64C,.5099999979138374
zm,1.06,A22,A22C,.5099999997764826
oo,3.03,A61,A61N,.5100862956605852
pj,2.05,C10,C10C,.5101010100916028
re,1.05,B09,B09C,.5101852007210255
bf,5.04,C07,C07F,.5102040814235806
op,3.03,G10,G10L,.5102564254775643
cu,1.06,F02,F02C,.5104166667442769
um,3.01,B05,B05D,.5104166669771075
ns,2.01,A63,A63G,.5105263162404299
pd,6.02,C12,C12P,.5105263162404299
nn,3.03,H02,H02K,.5105485231615603
vx,5.01,F02,F02D,.5107142888009548
hf,6.03,H03,H03F,.5108695654198527
ec,1.04,H04,H04M,.5108695654198527
cu,1.06,B60,B60K,.5108695654198527
ay,3.01,A23,A23K,.5111111113801599
vy,3.02,E06,E06B,.5111111178994179
sd,3.02,H04,H04H,.5111111178994179
ac,2.02,C21,C21B,.5111111178994179
fs,6.04,G07,G07D,.5111111178994179
qa,3.01,G07,G07D,.5111111178994179
fi,1.04,F21,F21S,.5111111253499985
ht,1.06,G03,G03F,.5111111253499985
ea,1.04,F16,F16J,.5111111253499985
cn,5.01,A21,A21D,.5111291650682688
km,1.06,G09,G09F,.511235966347158
tq,3.02,G01,G01B,.5113636367022991
km,1.06,B26,B26D,.5113636404275894
dr,1.06,H01,H01P,.511494267731905
sr,2.07,B60,B60Q,.5116035416722298
ih,2.07,A24,A24F,.5116279069334269
ff,3.02,C09,C09J,.5117647061124444
iu,2.03,C25,C25F,.5117647061124444
zq,2.07,D06,D06M,.5117918313480914
qa,3.01,H04,H04Q,.5118055585771799
gm,3.03,H05,H05B,.5119047621265054
le,1.05,F02,F02D,.5119047621265054
xq,2.11,B23,B23H,.5119047621265054
ii,2.04,F04,F04F,.5119047621265054
le,1.05,C11,C11C,.5120192375034094
ox,6.02,C08,C08K,.5121212154626846
my,5.01,G01,G01L,.5121951214969158
ye,2.02,H05,H05G,.5121951214969158
oo,3.03,B29,B29C,.5123106092214584
pq,1.01,H05,H05H,.5123456791043282
cl,9,H03,H03D,.5125000001862645
mu,4.01,G02,G02B,.5125000001862645
kv,1.05,H01,H01J,.5125000001862645
yi,6.03,B82,B82Y,.5125000001862645
si,1.05,A47,A47C,.5125000029802322
bd,1.06,G03,G03F,.5125146200880408
ur,1.01,A63,A63H,.5128205129876733
he,5.03,A61,A61Q,.5128205129876733
ni,3.01,F28,F28F,.5128205278888345
dr,1.06,A62,A62D,.5129680354148149
pq,1.01,C01,C01F,.5131578948348761
ya,3.02,B22,B22F,.5133333336561918
rt,3.02,D02,D02J,.5133333336561918
dy,1.04,B26,B26D,.5133771752007306
hb,5.03,G07,G07D,.5134615413844585
hq,1.04,B28,B28D,.513513513840735
yp,3.02,H01,H01S,.513513513840735
if,2.11,B04,B04B,.513513513840735
ma,3.02,B66,B66C,.513513513840735
ur,1.01,G05,G05F,.513513513840735
ju,4.01,C11,C11D,.513594469986856
wc,3.03,B01,B01D,.5136986300349236
li,3.02,A61,A61J,.5138523455243558
mc,1.06,A61,A61C,.5138888889923692
ip,2.07,F23,F23L,.5138888889923692
qg,2.05,B21,B21J,.5138888889923692
sa,3.03,B41,B41M,.5138888955116272
ry,2.03,F27,F27B,.5138888992369175
yp,3.02,G01,G01V,.5138888992369175
pe,5.02,A61,A61C,.5138889038935304
bk,6.04,C07,C07H,.5139932259917259
js,6.04,B01,B01F,.5140845067799091
ra,2.11,C03,C03C,.5142857143655419
dy,1.04,G04,G04G,.5142857143655419
or,5.09,H01,H01G,.5142857143655419
eu,2.02,C07,C07B,.5142857143655419
zr,1.05,C03,C03C,.5144056975841522
if,2.11,E01,E01F,.514492753893137
di,5.02,H01,H01S,.514492753893137
uq,5.07,G05,G05B,.514492753893137
ra,2.11,H05,H05K,.5144996205344796
uy,1.04,F15,F15D,.514667353592813
dm,3.02,G01,G01H,.5147058824077249
qu,1.06,G21,G21F,.5147058824077249
hq,1.04,B23,B23B,.5148148201406002
mc,1.06,H01,H01G,.5148809552192688
ui,1.03,D21,D21B,.5149253727868199
sr,2.07,B22,B22F,.5149528407491744
um,3.01,G03,G03F,.5149772614240646
vy,3.02,F04,F04D,.5151082426309586
km,1.06,B60,B60N,.5151515146717429
dw,1.04,B65,B65G,.5151515156030655
ma,3.02,G01,G01Q,.5151515156030655
oe,5.06,G07,G07B,.5151515156030655
ki,3.02,C11,C11C,.5151515156030655
le,1.05,H01,H01G,.5153846153989434
gy,5.02,D06,D06M,.515384622849524
ns,2.01,F02,F02D,.5155555559322238
ph,6.02,C12,C12M,.515625
ik,2.11,G05,G05G,.515625
ga,3.02,B05,B05D,.515625
vi,5.01,A01,A01G,.515625
dx,3.01,H04,H04R,.515625
dt,2.03,G01,G01T,.5156250149011612
fa,2.01,E21,E21F,.5158730167895555
fa,2.01,F42,F42D,.5158730167895555
si,1.05,G01,G01D,.515873022377491
ea,1.04,F02,F02C,.515972237335518
wh,3.02,G10,G10D,.5161290317773819
iq,2.02,B09,B09B,.5161290317773819
mm,6.01,A61,A61J,.5161290317773819
ea,1.04,F25,F25D,.5161290317773819
ij,2.11,D21,D21G,.5161290317773819
ij,2.11,A01,A01G,.5161300599575043
zk,9,H03,H03K,.5162037038244307
hl,3.03,C22,C22C,.5162037089467049
jb,5.07,H02,H02S,.5166666675359011
wv,3.03,H01,H01J,.5166666675359011
rz,3.03,A23,A23C,.5166666675359011
lq,3.03,H01,H01J,.5166666675359011
xq,2.11,G08,G08C,.5166666675359011
eu,2.02,B60,B60L,.5166666675359011
qa,3.01,G01,G01G,.5166666675359011
en,9,C08,C08G,.5166666693985462
iu,2.03,F23,F23Q,.5166666731238365
rz,3.03,C11,C11C,.5166666731238365
ih,2.07,A01,A01B,.5166666731238365
io,2.07,G08,G08B,.5166666731238365
dy,1.04,E02,E02F,.5166666731238365
we,3.02,H04,H04Q,.5166666731238365
pe,5.02,B66,B66B,.5166666731238365
wu,5.04,E03,E03C,.5166666731238365
te,1.05,C08,C08F,.5166666731238365
ad,4.02,A01,A01F,.5166666805744171
jy,4.05,A01,A01F,.5166666805744171
er,1.02,H01,H01F,.5166666805744171
ni,3.01,C30,C30B,.5166666805744171
id,2.07,B66,B66B,.5166666824370623
pe,5.02,H03,H03H,.5166666842997074
ij,2.11,H03,H03G,.5170068023726344
ry,2.03,B01,B01F,.5170385334640741
ba,3.02,G07,G07F,.5172413792461157
vj,5.01,G01,G01F,.5172413792461157
re,1.05,G01,G01S,.5172413792461157
wm,5.04,B62,B62D,.5172413866966963
oi,3.02,C11,C11B,.5172709273174405
yr,2.01,C12,C12N,.5174233506550081
wf,1.06,C12,C12R,.5174922347068787
wc,3.03,B23,B23P,.5175438597798347
yi,6.03,C10,C10M,.5175438746809959
km,1.06,A01,A01C,.5176962232217193
pi,1.06,C07,C07F,.5178096001036465
am,4.01,C40,C40B,.5178466157522053
qq,1.05,A61,A61J,.5178571436554193
dt,2.03,B24,B24B,.5178571436554193
ih,2.07,B21,B21D,.5178571436554193
ja,1.05,F04,F04F,.5178571436554193
hl,3.03,B64,B64D,.5178571436554193
qq,1.05,B63,B63H,.5178571492433548
oi,3.02,H01,H01R,.5178571492433548
pz,2.05,G16,G16H,.5178571585565805
pk,2.05,G16,G16H,.5178571585565805
yq,5.07,B63,B63B,.5178571585565805
ik,2.11,E04,E04B,.5178571585565805
om,5.05,G16,G16H,.5179526356514543
ew,1.02,C07,C07F,.5179773364216089
ia,3.02,H04,H04R,.5181818176060915
gy,5.02,D01,D01D,.5181818176060915
zq,2.07,B25,B25J,.5182539783418179
ai,2.03,G16,G16H,.5183450626209378
ze,1.06,A63,A63F,.5183823530096561
hq,1.04,H03,H03G,.5185185186564922
vx,5.01,B65,B65D,.5185185186564922
qf,9,A62,A62C,.5185185186564922
fi,1.04,B44,B44F,.5185185298323631
ai,2.03,F25,F25D,.5185606218874454
ik,2.11,C23,C23G,.5189716415479779
up,1.03,A61,A61L,.5190860219299793
de,1.06,C12,C12F,.5192307699471712
um,3.01,H01,H01H,.5192307699471712
dr,1.06,A47,A47B,.5192307699471712
ih,2.07,D06,D06P,.5192307773977518
su,3.02,F16,F16K,.5192307885736227
aa,1.03,C09,C09K,.519298255443573
dw,1.04,B81,B81C,.519577706232667
tc,3.02,G02,G02C,.5196078438311815
vy,3.02,C06,C06B,.5196078438311815
ot,6.02,D06,D06M,.5196078438311815
cn,5.01,G01,G01S,.5196759346872568
aa,1.03,F01,F01L,.5198412723839283
uu,5.06,A23,A23G,.5198412854224443
ma,3.02,H01,H01G,.5199952109251171
zm,1.06,B42,B42D,.5199999995529652
qe,2.09,F04,F04D,.5199999995529652
ya,3.02,B03,B03C,.5201954457443208
ct,9,G06,G06K,.520218743244186
ru,3.01,A45,A45D,.5204081702977419
vi,5.01,H03,H03K,.520634924992919
rb,2.02,F04,F04B,.5208333320915699
ev,1.02,B21,B21B,.520833333954215
qg,2.05,C05,C05C,.520833333954215
im,2.01,H03,H03F,.520833333954215
yp,3.02,C09,C09B,.520833333954215
km,1.06,F01,F01K,.520833333954215
da,1.06,B02,B02C,.520833333954215
dr,1.06,F16,F16B,.520833333954215
ur,1.01,F41,F41H,.520833333954215
ub,1.03,C05,C05C,.520833333954215
ei,1.04,F42,F42D,.5208333358168602
uk,1.03,F16,F16B,.5208333395421505
qg,2.05,B30,B30B,.5208333432674408
ac,2.02,F01,F01B,.5208333432674408
wq,5.01,G16,G16H,.5208333451300859
pu,2.03,D21,D21C,.5208333488553762
ve,3.02,A24,A24F,.5209302417933941
pw,2.06,H03,H03K,.5212765950709581
yu,3.03,A23,A23C,.5213636364787817
id,2.07,A23,A23B,.5214285776019096
yp,3.02,B65,B65B,.5215053763240576
qu,1.06,A47,A47L,.521548829972744
or,5.09,C03,C03C,.5217086840420961
ev,1.02,F41,F41A,.5217391308397055
qa,3.01,C23,C23F,.5217391308397055
ip,2.07,C01,C01F,.5217785844579339
oo,3.03,H04,H04B,.5218254085630178
aq,3.02,G09,G09B,.5218585766851902
ec,1.04,G21,G21B,.5218731835484505
jb,5.07,F25,F25B,.5219697095453739
cn,5.01,B60,B60K,.5219806907698512
om,5.05,E03,E03F,.5222222227603197
ja,1.05,A61,A61D,.5222222227603197
po,1.01,G05,G05D,.5222222227603197
sr,2.07,F25,F25B,.5222222227603197
sd,3.02,B64,B64G,.5222222227603197
di,5.02,G21,G21C,.522222223225981
re,1.05,B81,B81C,.5222222246229649
zq,2.07,B81,B81C,.5222222246229649
id,2.07,D06,D06N,.5222222320735455
yr,2.01,B65,B65B,.5222222376614809
mu,4.01,C07,C07F,.5223484844900668
ds,3.02,G01,G01S,.5225434685125947
cn,5.01,H01,H01F,.5227272734045982
dw,1.04,G03,G03H,.5227272734045982
uf,1.03,G06,G06E,.5227272734045982
ea,1.04,E01,E01C,.5227272734045982
da,1.06,F21,F21K,.5227272734045982
fe,5.05,G06,G06T,.5227272734045982
ij,2.11,F24,F24S,.5227272734045982
iy,1.06,C05,C05B,.5227272808551788
da,1.06,H01,H01G,.5227915826253593
nq,5.01,A23,A23L,.5228145513683558
dq,9,G08,G08C,.5228310499805957
qq,1.05,H03,H03H,.5228758174926043
ui,1.03,B41,B41N,.5232558138668537
dk,5.02,F21,F21V,.5232558138668537
ot,6.02,A01,A01K,.523276639636606
cn,5.01,G01,G01C,.5234541166573763
nn,3.03,B01,B01F,.5236529994290322
cn,5.01,A24,A24B,.5238095242530107
vi,5.01,C11,C11C,.5238095242530107
um,3.01,F16,F16L,.5238095242530107
ni,3.01,G03,G03H,.5238095242530107
mm,6.01,A21,A21D,.5238095242530107
yr,2.01,E02,E02B,.5238095242530107
tu,3.01,C05,C05F,.523955125361681
mc,1.06,B82,B82Y,.5240305867046118
pg,6.02,C12,C12N,.5240441774949431
ml,9,H04,H04B,.5240998836234212
ai,2.03,A01,A01K,.5242063542827964
ta,1.06,A01,A01N,.5242424383759499
su,3.02,A23,A23B,.5243902429938316
er,1.02,F15,F15B,.5247222259640694
ah,4.01,G02,G02B,.5249756444245577
bm,5.07,C08,C08F,.525000000372529
ji,5.01,B82,B82Y,.525000000372529
sd,3.02,F21,F21K,.525000000372529
sy,1.03,F24,F24C,.5250000059604645
ub,1.03,C07,C07B,.525036551989615
ka,4.01,C10,C10C,.5252525256946683
am,4.01,B07,B07C,.5254902094602585
qh,2.05,B81,B81B,.5255250004120171
up,1.03,A63,A63F,.5256410259753466
yg,6.04,G08,G08B,.5256410259753466
uk,1.03,B63,B63B,.5256410259753466
ub,1.03,D04,D04B,.5256410297006369
dw,1.04,F28,F28C,.5258620688691735
fy,3.02,G01,G01T,.5259740259498358
qf,9,F27,F27B,.5261904774233699
ni,3.01,B05,B05D,.5262722168117762
wy,5.04,H04,H04N,.5263157896697521
hb,5.03,G09,G09G,.5263157896697521
pi,1.06,H04,H04R,.5263157896697521
jo,5.04,A61,A61Q,.5263157896697521
bu,1.03,H03,H03H,.5263480450958014
vi,5.01,H03,H03M,.526388889644295
xq,2.11,B81,B81C,.5264481212943792
er,1.02,B32,B32B,.5265151634812355
hq,1.04,B63,B63B,.5266666673123837
hq,1.04,H03,H03L,.5271103894338012
er,1.02,F02,F02M,.5272401580587029
da,1.06,F04,F04D,.5272727278061211
yp,3.02,B23,B23P,.5277777779847383
eu,2.02,C10,C10M,.5277777779847383
db,2.08,D04,D04C,.5277777779847383
ur,1.01,H04,H04S,.5277777779847383
ea,1.04,B23,B23P,.5277777779847383
un,1.03,A63,A63B,.5277777779847383
zm,1.06,C05,C05C,.5277777779847383
pn,1.01,A21,A21B,.5277777779847383
ew,1.02,A01,A01M,.5277777779847383
xq,2.11,B22,B22C,.5277777779847383
ai,2.03,D04,D04B,.5277777779847383
ur,1.01,B22,B22D,.5277777779847383
qh,2.05,B06,B06B,.5277777835726738
yr,2.01,E05,E05B,.5277777835726738
yr,2.01,E04,E04D,.5277777835726738
sa,3.03,A62,A62D,.5277777835726738
oa,2.11,C21,C21C,.5277777835726738
pk,2.05,F41,F41A,.5277777835726738
dt,2.03,F21,F21S,.5277777835726738
hq,1.04,G21,G21F,.5277777835726738
rz,3.03,B64,B64C,.5277777835726738
re,1.05,C21,C21C,.5277777835726738
op,3.03,A24,A24D,.5277777835726738
xw,3.03,A41,A41H,.5277777835726738
yo,3.01,G05,G05D,.5277777835726738
ac,2.02,C21,C21C,.5277777835726738
uk,1.03,E04,E04C,.5277777835726738
ql,9,G05,G05B,.5277777872979641
ur,1.01,G01,G01W,.5277777910232544
wy,5.04,E04,E04B,.5277777910232544
hq,1.04,G01,G01W,.5277777910232544
pi,1.06,B63,B63J,.5277777910232544
gu,1.06,B24,B24B,.5277777910232544
vm,5.06,E04,E04B,.5277777910232544
im,2.01,C25,C25C,.5277777910232544
ht,1.06,G09,G09B,.5277777928858995
qh,2.05,D04,D04C,.5277777928858995
ja,1.05,A01,A01B,.5277777947485447
zq,2.07,G01,G01D,.527935606893152
qe,2.09,B03,B03C,.5280797127634287
iq,2.02,A23,A23P,.5283018862828612
ut,6.02,C07,C07H,.5284302765503526
pq,1.01,C08,C08B,.5285714287310839
pe,5.02,G01,G01T,.5285714296624064
ky,1.05,C12,C12P,.5285714361816645
qq,1.05,C09,C09J,.5285714436322451
fu,5.04,G01,G01N,.5286764749325812
ue,2.11,H03,H03J,.52870371658355
cq,1.06,B82,B82B,.5287815185729414
yr,2.01,C12,C12Q,.5288453015964478
ew,1.02,A45,A45F,.5288692861795425
pe,5.02,E21,E21D,.5290404045954347
pc,5.02,E21,E21D,.5290404045954347
ea,1.04,H01,H01P,.5290477946400642
ee,1.04,G01,G01P,.5290920869447291
cn,5.01,A23,A23C,.5291666705161333
pt,3.03,H04,H04J,.5292642144486308
ka,4.01,D21,D21B,.5293109752237797
ja,1.05,H02,H02N,.52936508692801
ec,1.04,C10,C10K,.5294117648154497
wc,3.03,G07,G07B,.5294117648154497
cu,1.06,C10,C10G,.5294117648154497
or,5.09,A23,A23L,.5294117648154497
yp,3.02,C22,C22C,.5294117648154497
gc,1.05,B24,B24D,.5294117648154497
yo,3.01,H04,H04J,.5294117648154497
re,1.05,H02,H02J,.5294372299686074
zd,9,B01,B01F,.5295329708606005
qe,2.09,F04,F04B,.5295635526999831
cu,1.06,A62,A62D,.5296492800116539
qa,3.01,G01,G01P,.5297060664743185
ht,1.06,H01,H01R,.5297619178891182
le,1.05,B06,B06B,.5297619178891182
tc,3.02,C10,C10M,.5299999993294477
yo,3.01,A63,A63F,.5301317004486918
ai,2.03,A61,A61D,.530303031206131
gu,1.06,G08,G08C,.530303031206131
cl,9,H01,H01J,.530303031206131
pe,5.02,B29,B29B,.530303031206131
ga,3.02,G07,G07D,.530303031206131
li,3.02,G02,G02C,.530303031206131
ya,3.02,G07,G07D,.530303031206131
dw,1.04,F24,F24C,.530303031206131
vy,3.02,A43,A43B,.5303113664267585
er,1.02,B66,B66C,.5305555574595928
ye,2.02,C22,C22F,.5305555574595928
zq,2.07,H02,H02J,.530885327141732
ue,2.11,A01,A01H,.5310777090489864
yu,3.03,C23,C23C,.5311302682384849
cq,1.06,F01,F01K,.53125
pt,3.03,A01,A01C,.53125
ot,6.02,G01,G01B,.53125
wc,3.03,H03,H03K,.53125
bm,5.07,H02,H02J,.53125
im,2.01,A61,A61G,.53125
te,1.05,C07,C07D,.53125
ia,3.02,C05,C05D,.53125
wm,5.04,B41,B41M,.53125
ku,5.07,G01,G01P,.53125
ry,2.03,F22,F22G,.53125
xq,2.11,A24,A24D,.53125
oe,5.06,H02,H02J,.53125
ds,3.02,C09,C09B,.53125
ru,3.01,G05,G05F,.53125
cn,5.01,C21,C21D,.5312500149011612
mc,1.06,H04,H04S,.5313822806347162
da,1.06,G05,G05D,.5318073537200689
ev,1.02,B66,B66B,.531818188726902
ee,1.04,F28,F28D,.5319148926064372
zd,9,H01,H01G,.5319923374336213
ay,3.01,B64,B64C,.5320020485669374
tc,3.02,C08,C08F,.532056275755167
py,3.02,A23,A23P,.5322580635547638
zm,1.06,G08,G08B,.5322580635547638
zq,2.07,G05,G05D,.5324074076488614
qg,2.05,H03,H03M,.5324962909799069
er,1.02,G01,G01L,.5325434417463839
bd,1.06,A01,A01H,.5327380960807204
hq,1.04,G21,G21G,.5328947380185127
ya,3.02,G08,G08C,.5329816117882729
ou,1.06,A62,A62D,.5330615974962711
et,1.02,B43,B43L,.5333333350718021
dw,1.04,E02,E02F,.5333333350718021
ru,3.01,F28,F28D,.5333333350718021
pn,1.01,H01,H01C,.5333333350718021
eu,2.02,B64,B64G,.5333333350718021
pw,2.06,F16,F16F,.5333333350718021
uh,1.03,C01,C01C,.5333333350718021
jb,5.07,F28,F28D,.5333333350718021
ue,2.11,A01,A01M,.5333333350718021
di,5.02,C09,C09C,.5333333350718021
ig,2.06,F01,F01N,.5333333350718021
et,1.02,B28,B28B,.5333333350718021
ot,6.02,C12,C12M,.5333333350718021
sd,3.02,F01,F01N,.5333333350718021
xa,5.04,G01,G01T,.5333333350718021
yp,3.02,H01,H01G,.5333333350718021
ex,1.02,B23,B23Q,.5333333387970924
qg,2.05,D04,D04H,.5333333387970924
mm,6.01,G03,G03H,.5333333387970924
ue,2.11,H01,H01B,.5333333406597376
id,2.07,A23,A23F,.5333333425223827
ip,2.07,C09,C09J,.533333346247673
vi,5.01,F02,F02B,.533333346247673
ae,4.05,G01,G01W,.533333346247673
su,3.02,C22,C22B,.533333346247673
ea,1.04,F16,F16D,.533333346247673
er,1.02,C03,C03B,.533333346247673
dt,2.03,D21,D21F,.533333346247673
cq,1.06,C09,C09G,.533333346247673
mc,1.06,F01,F01N,.533333346247673
js,6.04,F28,F28D,.533333346247673
zq,2.07,G03,G03G,.533333346247673
ja,1.05,A23,A23N,.533333346247673
qd,6.02,H01,H01J,.533333346247673
ph,6.02,C23,C23C,.533333346247673
zr,1.05,C21,C21D,.533333346247673
za,3.02,D06,D06M,.533333346247673
ju,4.01,C01,C01B,.533333346247673
az,3.02,G06,G06T,.533333346247673
pa,6.02,G21,G21K,.533333346247673
dx,3.01,E02,E02F,.533333346247673
bv,5.01,B60,B60L,.533333346247673
oe,5.06,C02,C02F,.533333346247673
cn,5.01,H01,H01H,.533333346247673
di,5.02,C03,C03C,.533333346247673
uk,1.03,F23,F23D,.533333346247673
vy,3.02,C10,C10L,.533333346247673
ff,3.02,G10,G10L,.533333346247673
tm,3.01,G03,G03B,.533333346247673
qq,1.05,B24,B24D,.533333346247673
pa,6.02,A61,A61J,.533333346247673
yq,5.07,G11,G11C,.533333346247673
ex,1.02,A45,A45C,.5333333499729633
po,1.01,C11,C11D,.5333333499729633
po,1.01,C07,C07F,.5333333499729633
xw,3.03,F28,F28F,.5333333499729633
iq,2.02,C23,C23D,.5333333536982536
ei,1.04,H03,H03D,.533522741869092
pw,2.06,G01,G01C,.5337797622196376
wm,5.04,C11,C11B,.534090917557478
qh,2.05,C03,C03B,.5341158034279943
da,1.06,H01,H01B,.5341264881426468
zd,9,G08,G08C,.5342465750873089
fa,2.01,C12,C12N,.5342708007665351
mm,6.01,H05,H05G,.5344827584922314
om,5.05,A41,A41D,.5344827584922314
ki,3.02,A41,A41D,.5344827584922314
hq,1.04,F23,F23K,.5347222229465842
jw,6.02,H03,H03K,.5347222238779068
si,1.05,A23,A23K,.5349997004959732
ec,1.04,G01,G01C,.5350877195596695
ah,4.01,C10,C10G,.5351591217331588
ew,1.02,B03,B03C,.5352564230561256
hl,3.03,H05,H05B,.53541667945683
lq,3.03,H05,H05B,.53541667945683
dt,2.03,F41,F41G,.535483876010403
iq,2.02,E03,E03F,.5355555713176727
ij,2.11,C01,C01F,.5356442709453404
cu,1.06,H01,H01G,.5356628654990345
aa,1.03,H01,H01G,.5357137126848102
li,3.02,G01,G01P,.5357142873108387
om,5.05,G01,G01M,.5357142873108387
if,2.11,E04,E04D,.5357142873108387
ev,1.02,H03,H03D,.5357142873108387
lj,3.02,G01,G01P,.5357142873108387
oo,3.03,B60,B60R,.5357142873108387
ox,6.02,G01,G01R,.5357142873108387
ru,3.01,B65,B65G,.5357142873108387
oe,5.06,C30,C30B,.5357142873108387
oy,9,B64,B64D,.5357142873108387
te,1.05,G01,G01R,.5357142873108387
jb,5.07,G01,G01T,.5357142873108387
ui,1.03,G08,G08C,.5357142873108387
wm,5.04,C09,C09B,.5357142873108387
cn,5.01,G01,G01V,.5357142947614193
pc,5.02,B07,B07C,.5357142984867096
su,3.02,H05,H05B,.5359649229794741
bp,6.04,G01,G01T,.536269199103117
xq,2.11,C25,C25B,.536630037240684
pq,1.01,A21,A21D,.5366646274924278
pu,2.03,B65,B65B,.536666679661721
tm,3.01,E01,E01C,.5370370373129845
jb,5.07,C22,C22C,.5370370373129845
vy,3.02,A01,A01J,.5370370373129845
pa,6.02,C08,C08B,.5370370373129845
cu,1.06,G07,G07G,.5370370373129845
xq,2.11,A62,A62B,.5370370373129845
ka,4.01,E02,E02D,.5370370373129845
hb,5.03,F04,F04B,.5370370373129845
ru,3.01,G21,G21G,.5370370373129845
ze,1.06,D06,D06M,.5370370373129845
tu,3.01,G10,G10K,.5370370373129845
dr,1.06,C10,C10B,.5370370373129845
ee,1.04,A62,A62B,.5370370373129845
cn,5.01,C02,C02F,.5370370373129845
co,1.06,D04,D04H,.5370370522141457
hq,1.04,A01,A01C,.5373931750655174
oo,3.03,C08,C08F,.5375000014901161
xy,1.01,G10,G10K,.5375000182539225
hi,5.01,C08,C08G,.5377777926623821
pg,6.02,A61,A61C,.5378571432083845
fa,2.01,C12,C12M,.5378787890076637
yp,3.02,H02,H02K,.5378788039088249
ev,1.02,B64,B64B,.5380952507257462
ex,1.02,B64,B64B,.5380952507257462
ah,4.01,A24,A24D,.5381944580003619
pq,1.01,C40,C40B,.5384207740426064
ay,3.01,A23,A23L,.5384207740426064
qg,2.05,A47,A47G,.5384615384973586
ui,1.03,A23,A23J,.5384615398943424
pu,2.03,B61,B61B,.5384615398943424
jy,4.05,A47,A47B,.5384615398943424
qe,2.09,B24,B24D,.5384615398943424
dr,1.06,F04,F04B,.5385416755452752
zq,2.07,B21,B21D,.5386904776096344
re,1.05,B21,B21D,.5386904776096344
ne,3.03,B25,B25F,.5387715306133032
da,1.06,G01,G01W,.5388888958841562
fa,2.01,G11,G11C,.5388888977468014
tq,3.02,H03,H03F,.5388888977468014
hl,3.03,H01,H01R,.538888905197382
ve,3.02,A61,A61J,.539036107249558
ih,2.07,F02,F02B,.5392157025635242
er,1.02,A61,A61G,.5396125204861164
cu,1.06,C01,C01F,.5396825522184372
uk,1.03,B41,B41N,.5397286931984127
pm,2.05,A45,A45F,.5399261265993118
ai,2.03,B62,B62J,.5399999991059303
xy,1.01,G01,G01L,.5399999991059303
er,1.02,C09,C09C,.5399999991059303
eo,6.02,G09,G09G,.5399999991059303
td,3.02,G05,G05B,.5399999991059303
pe,5.02,F15,F15B,.5399999991059303
om,5.05,A23,A23G,.5399999991059303
hf,6.03,C12,C12P,.5400326801463962
ka,4.01,H04,H04R,.5401515290141106
xq,2.11,G04,G04F,.5402777828276157
cq,1.06,F25,F25D,.5403225868940353
tm,3.01,G03,G03F,.5405198894441128
da,1.06,F16,F16P,.5405405415222049
ah,4.01,D21,D21C,.5406562499701977
tc,3.02,C11,C11D,.5407258181367069
af,4.05,A61,A61B,.5409259330481291
ns,2.01,B64,B64G,.5412871059961617
qa,3.01,C25,C25B,.5416427440941334
sy,1.03,A22,A22C,.5416666669771075
ec,1.04,F16,F16C,.5416666679084301
ec,1.04,G10,G10H,.5416666679084301
dr,1.06,C21,C21C,.5416666679084301
qg,2.05,G08,G08C,.5416666679084301
oy,9,G07,G07D,.5416666679084301
li,3.02,A43,A43B,.5416666679084301
cq,1.06,H02,H02P,.5416666679084301
mc,1.06,B64,B64C,.5416666679084301
aa,1.03,A01,A01D,.5416666679084301
ki,3.02,G07,G07C,.5416666679084301
qa,3.01,D21,D21C,.5416666679084301
ev,1.02,C25,C25D,.5416666679084301
ji,5.01,G08,G08C,.5416666679084301
ru,3.01,H02,H02H,.5416666679084301
vy,3.02,F41,F41H,.5416666679084301
ot,6.02,A01,A01D,.5416666716337204
xa,5.04,E01,E01C,.5416666716337204
gc,1.05,A63,A63H,.5416666716337204
un,1.03,C01,C01C,.5416666716337204
hl,3.03,G02,G02C,.5416666716337204
yy,5.07,E01,E01C,.5416666716337204
nu,5.08,F01,F01D,.5416666716337204
pj,2.05,D06,D06L,.5416666716337204
gu,1.06,F23,F23D,.5416666716337204
ye,2.02,G21,G21F,.5416666716337204
cq,1.06,B23,B23D,.5416666716337204
td,3.02,G10,G10K,.5416666716337204
ih,2.07,F02,F02K,.5416666753590107
ns,2.01,A23,A23K,.5416666753590107
et,1.02,B60,B60G,.541666679084301
ju,4.01,H02,H02M,.541666679084301
ih,2.07,F02,F02P,.541666679084301
tu,3.01,H04,H04S,.541666679084301
hq,1.04,C10,C10K,.541666679084301
tm,3.01,B65,B65G,.5416666828095913
dw,1.04,F27,F27B,.5416666828095913
lq,3.03,H01,H01M,.5416666828095913
ou,1.06,G01,G01W,.5416666828095913
yr,2.01,B41,B41M,.5416666828095913
ub,1.03,F24,F24D,.5416666828095913
dr,1.06,A47,A47L,.5416666828095913
ub,1.03,A47,A47G,.5417612025048584
mq,6.01,G06,G06N,.5417694915086031
ja,1.05,C07,C07J,.5421743919141591
uk,1.03,H01,H01T,.5422657979652286
ha,5.03,G01,G01J,.5423076935112476
ac,2.02,C08,C08G,.542372552677989
dy,1.04,A47,A47G,.5424219176638871
pt,3.03,H01,H01R,.5425751004368067
ah,4.01,G03,G03F,.5428161025047302
qg,2.05,B63,B63B,.5428571430966258
xy,1.01,C01,C01B,.5430555567145348
su,3.02,A61,A61D,.5434782616794109
nq,5.01,F41,F41A,.5434782616794109
ue,2.11,H02,H02N,.5437500057742
co,1.06,F42,F42B,.5439246268942952
yy,5.07,C12,C12N,.544000098016113
ep,1.02,C03,C03B,.5440656654536724
ps,5.04,G05,G05B,.54411028791219
oa,2.11,C06,C06B,.5441176472231746
ht,1.06,B01,B01D,.5443998537957668
fi,1.04,G21,G21C,.5444444566965103
mr,6.01,C08,C08F,.5444444566965103
aa,1.03,B60,B60W,.5444444566965103
po,1.01,E04,E04B,.5444444566965103
jo,5.04,G06,G06K,.5444444566965103
un,1.03,H03,H03L,.5444444566965103
ue,2.11,A47,A47L,.5444733265321702
ru,3.01,A23,A23D,.5446145157329738
ga,3.02,B01,B01L,.5446735364384949
nq,5.01,A61,A61G,.5447304053232074
id,2.07,B29,B29D,.5447674505412579
ku,5.07,C02,C02F,.5448412713594735
oy,9,C10,C10L,.545031841378659
le,1.05,H01,H01S,.5450382959097624
ni,3.01,B09,B09C,.5452385605312884
af,4.05,C07,C07H,.5453972998075187
uh,1.03,C07,C07J,.5454341042786837
yy,5.07,A47,A47J,.5454545468091965
il,2.07,A61,A61F,.5454545468091965
mq,6.01,C23,C23C,.5454545468091965
ps,5.04,B01,B01J,.5454545468091965
mq,6.01,C22,C22F,.5454545468091965
dx,3.01,B08,B08B,.5454545468091965
ve,3.02,F23,F23G,.5454545468091965
or,5.09,H04,H04Q,.5454545468091965
ne,3.03,A22,A22B,.5454545468091965
ju,4.01,C10,C10M,.5454545468091965
wc,3.03,F23,F23G,.5454545468091965
hf,6.03,H04,H04H,.5454545468091965
hf,6.03,A61,A61C,.5454545468091965
pn,1.01,A01,A01G,.5454545617103577
op,3.03,G06,G06N,.5454545617103577
pc,5.02,C12,C12Q,.5454596339259297
ik,2.11,H03,H03D,.5456110758241266
po,1.01,G10,G10K,.5459418194368482
jb,5.07,G01,G01F,.5459770113229752
ze,1.06,C08,C08J,.5463615036569536
ds,3.02,F16,F16K,.5464285798370838
qe,2.09,A41,A41D,.5466954028233886
cq,1.06,F41,F41H,.5468254103325307
ub,1.03,A23,A23N,.5468750009313226
gm,3.03,C12,C12Y,.547380156815052
mc,1.06,C12,C12R,.5473939552903175
um,3.01,C07,C07B,.547402991913259
tc,3.02,H05,H05B,.5476190485060215
cn,5.01,B24,B24B,.5476190485060215
qf,9,B64,B64F,.5476190485060215
ih,2.07,D21,D21G,.5476190485060215
ii,2.04,B61,B61D,.5476190485060215
wc,3.03,F42,F42D,.5476190485060215
dt,2.03,F16,F16H,.5476190485060215
vx,5.01,B24,B24B,.5476190485060215
uy,1.04,H03,H03G,.5476190485060215
fy,3.02,C21,C21D,.5476190485060215
io,2.07,C08,C08F,.5476190485060215
qh,2.05,C10,C10L,.5476190485060215
ro,1.07,B64,B64F,.5476190485060215
ye,2.02,D04,D04B,.5476190485060215
up,1.03,B03,B03B,.5476190485060215
jb,5.07,E04,E04B,.5476190485060215
az,3.02,G11,G11C,.5476190485060215
qh,2.05,B61,B61D,.5476190485060215
ye,2.02,C22,C22C,.5476190485060215
uy,1.04,F16,F16H,.5476190485060215
de,1.06,B42,B42D,.5476190485060215
im,2.01,C09,C09C,.5476190634071827
jo,5.04,H04,H04M,.5476190634071827
rx,3.02,H01,H01R,.5476190634071827
gu,1.06,D06,D06F,.547619067132473
pc,5.02,A47,A47B,.547619067132473
qu,1.06,C09,C09C,.547619067132473
qh,2.05,C10,C10G,.5477624796330929
hb,5.03,G10,G10H,.5477901604026556
fi,1.04,G10,G10K,.5479853637516499
ds,3.02,C02,C02F,.5481150802224874
ru,3.01,B81,B81C,.5481396652758121
tm,3.01,A23,A23J,.5483165048062801
tm,3.01,F02,F02D,.5486453217454255
oy,9,C12,C12M,.5489583350718021
yr,2.01,F16,F16P,.5490196086466312
rb,2.02,G01,G01W,.5491071436554193
sa,3.03,C08,C08H,.5494746179319918
if,2.11,F02,F02G,.5495169144123793
ji,5.01,C04,C04B,.5497501520439982
zq,2.07,H01,H01B,.5497750216163695
qg,2.05,H05,H05F,.5500000007450581
tq,3.02,B66,B66C,.5500000007450581
ev,1.02,D06,D06H,.5500000007450581
hb,5.03,F28,F28F,.5500000007450581
mm,6.01,G01,G01M,.5500000007450581
pt,3.03,F16,F16L,.5500000007450581
hb,5.03,G01,G01G,.5500000007450581
ja,1.05,F16,F16H,.5500000007450581
mq,6.01,B29,B29D,.5500000007450581
ik,2.11,B66,B66B,.5500000007450581
si,1.05,B03,B03D,.5500000007450581
hb,5.03,G07,G07C,.5500000007450581
qg,2.05,F21,F21S,.5500000007450581
qa,3.01,E06,E06B,.5500000007450581
tm,3.01,C08,C08K,.5500000007450581
li,3.02,C11,C11B,.5500000007450581
su,3.02,C09,C09J,.5500000007450581
if,2.11,H01,H01K,.5500000007450581
un,1.03,F23,F23C,.5500000007450581
uf,1.03,A62,A62C,.5500000007450581
sd,3.02,A63,A63H,.5500000007450581
rt,3.02,C25,C25F,.5500000007450581
hi,5.01,G01,G01L,.5500000007450581
mq,6.01,G07,G07C,.5500000007450581
ka,4.01,B01,B01L,.5500000007450581
az,3.02,B82,B82Y,.5500000007450581
wm,5.04,G21,G21F,.5500000007450581
hf,6.03,H03,H03M,.5500000044703484
ki,3.02,G01,G01L,.5500000044703484
up,1.03,G04,G04F,.550000011920929
ih,2.07,E03,E03B,.550000011920929
sy,1.03,F24,F24F,.5500000156462193
hf,6.03,E04,E04C,.5505050513893366
wv,3.03,E04,E04C,.5505050513893366
ix,2.07,G01,G01R,.5505952434614301
tm,3.01,B05,B05B,.5506074717268348
cq,1.06,H02,H02K,.5506329126656055
da,1.06,F28,F28F,.5506410412490368
xq,2.11,C12,C12C,.5507181845605373
es,2.02,C25,C25F,.5508658029139042
co,1.06,B44,B44C,.5509259384125471
er,1.02,H02,H02K,.551101591438055
yo,3.01,G06,G06N,.5511138117872179
pe,5.02,H01,H01F,.5512820519506931
qq,1.05,G21,G21C,.5512820519506931
qq,1.05,F23,F23D,.5512820649892092
ns,2.01,F24,F24H,.5512820668518543
ik,2.11,G10,G10K,.5514025166630745
ev,1.02,A43,A43B,.5518315025838092
ki,3.02,C09,C09B,.5519207688048482
if,2.11,C08,C08H,.5520302974618971
pt,3.03,B23,B23P,.552083333954215
cn,5.01,G03,G03B,.55219298414886
ec,1.04,G01,G01J,.5522092985920608
tm,3.01,H03,H03M,.5523049803450704
zr,1.05,C30,C30B,.5526315793395042
ba,3.02,H05,H05K,.5526315793395042
dq,9,C10,C10G,.55277777928859
dk,5.02,C08,C08B,.5529122240841389
ja,1.05,D21,D21G,.5529953925870359
rb,2.02,C23,C23C,.5532467663288116
qg,2.05,F25,F25D,.5533279292285442
de,1.06,H01,H01F,.5533910552039742
xw,3.03,D21,D21H,.5535714477300644
ue,2.11,B22,B22C,.5537037048488855
wu,5.04,G16,G16H,.553822458954528
oo,3.03,A01,A01H,.5539682549424469
ni,3.01,C10,C10L,.5540650524199009
io,2.07,H04,H04J,.5541666783392429
aa,1.03,C01,C01G,.5544117819517851
co,1.06,A47,A47B,.5544871808961034
pw,2.06,H01,H01R,.5545440493151546
pd,6.02,G01,G01N,.5548941940069199
cu,1.06,B65,B65B,.5549170195590705
aa,1.03,C25,C25B,.5551282130181789
rz,3.03,H04,H04R,.555218854919076
ih,2.07,C09,C09B,.5553221460431814
un,1.03,B01,B01F,.5554945170879364
qe,2.09,B23,B23P,.5555555559694767
bv,5.01,G07,G07F,.5555555559694767
aq,3.02,G03,G03F,.5555555559694767
cq,1.06,B23,B23B,.5555555559694767
ii,2.04,F42,F42C,.5555555559694767
bd,1.06,B01,B01J,.5555555559694767
pu,2.03,B60,B60L,.5555555559694767
mr,6.01,A61,A61F,.5555555559694767
es,2.02,C10,C10L,.5555555559694767
ur,1.01,F02,F02D,.5555555559694767
ee,1.04,B64,B64D,.5555555559694767
ip,2.07,C12,C12C,.5555555559694767
ik,2.11,B63,B63C,.5555555559694767
dr,1.06,B07,B07C,.5555555559694767
ee,1.04,B23,B23B,.5555555559694767
ju,4.01,A61,A61N,.5555555559694767
id,2.07,G07,G07G,.5555555559694767
ja,1.05,F23,F23L,.5555555559694767
oe,5.06,C03,C03C,.5555555559694767
bf,5.04,G01,G01J,.5555555559694767
dw,1.04,F42,F42C,.5555555559694767
sa,3.03,H01,H01B,.5555555559694767
io,2.07,B65,B65G,.5555555559694767
tq,3.02,B61,B61F,.5555555559694767
ox,6.02,H04,H04R,.5555555559694767
da,1.06,F16,F16D,.5555555559694767
vx,5.01,C01,C01B,.5555555559694767
cl,9,C08,C08G,.5555555559694767
xq,2.11,C10,C10J,.5555555559694767
ig,2.06,G21,G21F,.5555555559694767
hl,3.03,A47,A47L,.5555555559694767
wm,5.04,A43,A43B,.5555555559694767
tq,3.02,E04,E04C,.5555555559694767
xa,5.04,F41,F41B,.5555555559694767
nu,5.08,A24,A24B,.5555555559694767
za,3.02,D04,D04C,.555555559694767
db,2.08,D21,D21F,.555555559694767
zr,1.05,C05,C05B,.5555555671453476
pu,2.03,E04,E04G,.5555555671453476
vy,3.02,C01,C01D,.5555555671453476
oy,9,E02,E02D,.5555555671453476
ij,2.11,B33,B33Y,.5555555671453476
vy,3.02,D04,D04H,.5555555671453476
ya,3.02,A41,A41G,.5555555671453476
il,2.07,B32,B32B,.5555555671453476
pc,5.02,E04,E04F,.5555555671453476
pe,5.02,B05,B05B,.5555555690079927
iq,2.02,A47,A47K,.5555555708706379
zr,1.05,G08,G08G,.5555555708706379
ae,4.05,B03,B03D,.5557997692376375
pf,6.02,C07,C07K,.556017211638391
da,1.06,H03,H03B,.5560606084764004
nn,3.03,D01,D01F,.556089760735631
ih,2.07,A61,A61H,.556250000372529
nq,5.01,B82,B82Y,.556250000372529
de,1.06,C12,C12H,.5562948561273515
yo,3.01,D01,D01F,.5567468055523932
qf,9,H03,H03M,.5567736101802438
cn,5.01,H04,H04R,.5567871811799705
pq,1.01,G16,G16H,.556833803653717
ra,2.11,G01,G01H,.5569444578140974
oa,2.11,F03,F03B,.5571428770199418
iu,2.03,G21,G21B,.5572072239592671
rz,3.03,C08,C08B,.5572100318968296
td,3.02,C09,C09J,.5572916809469461
td,3.02,C07,C07F,.5574186788871884
ah,4.01,D06,D06M,.5574698718264699
io,2.07,G01,G01D,.5575396865606308
pi,1.06,C08,C08F,.5575613141991198
xy,1.01,C07,C07H,.5577122573158704
iu,2.03,B44,B44C,.5577381141483784
id,2.07,D01,D01C,.5578703712671995
pc,5.02,B60,B60W,.5580586148425937
ev,1.02,A47,A47J,.5582222226075828
xw,3.03,G01,G01F,.5583333373069763
gy,5.02,C07,C07J,.5584415709599853
mc,1.06,G01,G01G,.5584757030010223
ox,6.02,C08,C08F,.5588235296308994
eu,2.02,B22,B22D,.5588235296308994
wq,5.01,H04,H04J,.5588235296308994
ij,2.11,H01,H01T,.5588235314935446
da,1.06,B22,B22F,.5588602619245648
sr,2.07,G01,G01G,.5589417144656181
co,1.06,C09,C09C,.5589607018046081
hq,1.04,G08,G08C,.5589743759483099
fi,1.04,B41,B41J,.5590084362775087
qe,2.09,C25,C25B,.5590904159471393
ig,2.06,G10,G10D,.5591397834941745
eu,2.02,G10,G10K,.5591640849597752
pk,2.05,A24,A24D,.5592105276882648
wv,3.03,C12,C12P,.5592634500935674
ht,1.06,B01,B01L,.5593813186278567
uf,1.03,A01,A01G,.5595238171517849
bk,6.04,F02,F02G,.5595238208770752
pj,2.05,C12,C12H,.5595238208770752
ui,1.03,H02,H02G,.5595238208770752
ru,3.01,G04,G04G,.5595238283276558
si,1.05,G01,G01B,.5599485118873417
es,2.02,B62,B62J,.5599999986588955
mc,1.06,G01,G01J,.5600809750612825
ah,4.01,B30,B30B,.560317475348711
cu,1.06,C10,C10L,.5603602831251919
cu,1.06,H01,H01Q,.5605734828859568
ru,3.01,C10,C10L,.5605994313955307
ei,1.04,B07,B07C,.56064816378057
uq,5.07,C12,C12Q,.5607077064923942
xa,5.04,B82,B82Y,.5607142876833677
oa,2.11,G21,G21H,.5607142969965935
rb,2.02,B60,B60C,.5608333423733711
pz,2.05,F21,F21V,.5608333479613066
xe,4.01,A23,A23B,.5609478252008557
pe,5.02,F01,F01D,.5609523821622133
er,1.02,A61,A61C,.5611111121252179
et,1.02,E05,E05F,.5611111149191856
ep,1.02,E01,E01C,.5611111149191856
dr,1.06,D06,D06F,.5612745117396116
vx,5.01,G05,G05G,.5613636374473572
dt,2.03,B29,B29D,.5614942535758018
uu,5.06,G07,G07B,.5616883132606745
ii,2.04,G06,G06G,.5617258958518505
uf,1.03,B29,B29D,.5617816187441349
cq,1.06,B27,B27K,.5619328506290913
aa,1.03,B42,B42D,.5619488703086972
hf,6.03,G02,G02F,.5620300769805908
ik,2.11,A63,A63H,.5625
ui,1.03,C01,C01D,.5625
mq,6.01,C11,C11D,.5625
uf,1.03,H01,H01R,.5625
ju,4.01,A61,A61D,.5625
tu,3.01,F16,F16J,.5625
pa,6.02,B60,B60K,.5625
py,3.02,F24,F24H,.5625
yq,5.07,E02,E02D,.5625
oz,6.02,H03,H03L,.5625
oz,6.02,B21,B21B,.5625
uu,5.06,B60,B60K,.5625
am,4.01,B21,B21D,.5625
mw,5.09,G07,G07F,.5625
pa,6.02,B09,B09B,.5625
af,4.05,G10,G10L,.5625
po,1.01,G10,G10H,.5625
pz,2.05,F22,F22B,.5625
le,1.05,F04,F04B,.5625
ei,1.04,H03,H03C,.5625
hl,3.03,F01,F01N,.5625
pn,1.01,E21,E21C,.5625
ij,2.11,F26,F26B,.5625
pe,5.02,B65,B65H,.5625
rt,3.02,C23,C23F,.5625
ry,2.03,B21,B21J,.5625
zq,2.07,H01,H01H,.5625
yg,6.04,B82,B82Y,.5625
ai,2.03,E02,E02D,.5625
ve,3.02,C23,C23F,.5625
ds,3.02,A42,A42B,.5625
su,3.02,B61,B61L,.5625
ds,3.02,A63,A63F,.5625
iu,2.03,D01,D01H,.5625
km,1.06,F21,F21K,.5625
kv,1.05,G07,G07D,.5625
im,2.01,H05,H05H,.5625000018626451
if,2.11,F23,F23M,.5625000037252903
un,1.03,B64,B64G,.5625000074505806
bf,5.04,C08,C08F,.5625000149011612
km,1.06,G08,G08B,.5625000149011612
sy,1.03,F16,F16J,.5625000149011612
id,2.07,H01,H01P,.5625574765726924
ya,3.02,A23,A23D,.5633225915953517
ji,5.01,G16,G16H,.5633310072589666
um,3.01,G21,G21K,.563492065295577
dq,9,F16,F16M,.5634920783340931
pg,6.02,C07,C07K,.5635803639888763
tq,3.02,G08,G08G,.5636363662779331
rx,3.02,C07,C07C,.5636939734686166
fs,6.04,C07,C07F,.5636971741914749
ig,2.06,D04,D04B,.5641025826334953
am,4.01,H04,H04B,.5642469848971814
zq,2.07,C09,C09D,.5642712004482746
py,3.02,G10,G10D,.5645161271095276
si,1.05,A01,A01M,.5645604580640793
ma,3.02,H02,H02N,.5646551791578531
cn,5.01,H01,H01J,.5648148152977228
ig,2.06,B03,B03B,.5649038483388722
yo,3.01,H03,H03C,.5652777813374996
rz,3.03,B32,B32B,.5655914098024368
qu,1.06,B05,B05D,.5656250193715096
jw,6.02,C09,C09K,.5659090951085091
ii,2.04,Y02,Y02A,.5660919537767768
da,1.06,B29,B29B,.5662963120266795
dt,2.03,D21,D21C,.5663962000980973
tu,3.01,B29,B29D,.5666666682809591
cq,1.06,F23,F23D,.5666666701436043
yr,2.01,C11,C11D,.5666666701436043
ku,5.07,A01,A01B,.5666666701436043
ve,3.02,A62,A62C,.5666666701436043
es,2.02,D21,D21F,.5666666701436043
pm,2.05,B25,B25H,.5666666701436043
ve,3.02,F01,F01L,.5666666701436043
eq,3.01,G01,G01S,.5666666701436043
wy,5.04,G09,G09G,.5666666701436043
hl,3.03,H02,H02G,.5666666701436043
ji,5.01,F16,F16C,.5666666701436043
or,5.09,F28,F28D,.5666666701436043
zd,9,B23,B23B,.5666666701436043
il,2.07,A01,A01K,.5666666701436043
bp,6.04,B23,B23Q,.5666666701436043
bv,5.01,G01,G01K,.5666666701436043
ku,5.07,E04,E04D,.5666666701436043
dm,3.02,F01,F01N,.5666666701436043
pn,1.01,C12,C12R,.5666666701436043
ni,3.01,B64,B64D,.5666666701436043
uh,1.03,A23,A23F,.5666666701436043
dq,9,E03,E03F,.5666666701436043
pz,2.05,B67,B67D,.5666666701436043
wq,5.01,G09,G09G,.5666666701436043
ac,2.02,A63,A63C,.5666666701436043
ro,1.07,F25,F25C,.5666666701436043
eq,3.01,A23,A23K,.5666666701436043
ct,9,B23,B23K,.5666666701436043
ub,1.03,E04,E04D,.5666666701436043
ai,2.03,A01,A01M,.5666666701436043
am,4.01,B60,B60R,.5666666701436043
xa,5.04,G07,G07D,.5666666701436043
uy,1.04,F02,F02C,.5666666701436043
za,3.02,A45,A45D,.5666666701436043
kv,1.05,E04,E04D,.5666666701436043
ra,2.11,H04,H04M,.5666666701436043
et,1.02,B21,B21F,.5666666701436043
ns,2.01,F02,F02M,.5666666701436043
bd,1.06,A01,A01M,.5666666701436043
ja,1.05,B60,B60N,.5666666701436043
ki,3.02,C01,C01B,.5666666738688946
nq,5.01,H04,H04R,.5666666738688946
hb,5.03,H02,H02J,.5666666738688946
ec,1.04,C05,C05D,.5666666775941849
pc,5.02,C21,C21B,.5666666775941849
ub,1.03,C05,C05F,.5666666775941849
yg,6.04,E04,E04C,.5666666775941849
uf,1.03,F26,F26B,.5666666813194752
zr,1.05,C22,C22C,.5666666831821203
pi,1.06,D06,D06M,.5666666850447655
ni,3.01,B21,B21D,.5666666850447655
yr,2.01,B44,B44C,.5666666850447655
dx,3.01,A01,A01M,.5667989552021027
uk,1.03,C11,C11B,.5668752156198025
ns,2.01,F04,F04F,.5670454651117325
xe,4.01,G05,G05D,.5673237815499306
si,1.05,H02,H02N,.5676378929056227
cq,1.06,F25,F25B,.5676767788827419
op,3.03,H01,H01J,.5679503614082932
cn,5.01,B01,B01J,.5679824687540531
sd,3.02,A23,A23G,.5680555561557412
yo,3.01,C05,C05F,.5680876858532429
ae,4.05,C12,C12Y,.5681370543316007
iq,2.02,B25,B25D,.5681818202137947
nu,5.08,F02,F02K,.5681818202137947
xq,2.11,H01,H01T,.5681818351149559
td,3.02,C04,C04B,.5683689154684544
po,1.01,B05,B05D,.5686162081547081
un,1.03,C23,C23F,.5687500014901161
fs,6.04,A61,A61L,.5687645711004734
oy,9,G01,G01S,.568764578551054
qh,2.05,C22,C22B,.5688034268096089
ns,2.01,F04,F04D,.5692300740629435
ot,6.02,H04,H04H,.5692307706922293
iu,2.03,D04,D04B,.5694444458931684
es,2.02,F16,F16F,.5694444514811039
ep,1.02,B44,B44F,.5694444552063942
po,1.01,H01,H01P,.5694444552063942
hf,6.03,G10,G10L,.5694444552063942
rz,3.03,C08,C08K,.5694444552063942
jy,4.05,F16,F16K,.5697784880176187
mc,1.06,C08,C08G,.5699032861739397
ru,3.01,G08,G08C,.5699123793747276
un,1.03,C07,C07K,.570095133036375
py,3.02,B25,B25B,.570175439119339
ei,1.04,H02,H02S,.5702082549687475
rq,1.06,B01,B01D,.5702161341905594
ip,2.07,C12,C12R,.5703703723847866
iy,1.06,C12,C12Y,.5703990829642862
co,1.06,H05,H05H,.5704762022942305
um,3.01,H04,H04H,.5705555658787489
ja,1.05,D01,D01D,.5710142496973276
ae,4.05,F02,F02D,.5712963072583079
dt,2.03,G08,G08C,.5714285727590322
po,1.01,F28,F28F,.5714285727590322
hi,5.01,H01,H01G,.5714285746216774
am,4.01,C01,C01C,.5714285746216774
ue,2.11,C10,C10L,.5714285746216774
ps,5.04,F16,F16J,.5714285746216774
ut,6.02,G01,G01T,.5714285746216774
vj,5.01,H04,H04S,.5714285746216774
lj,3.02,G03,G03G,.5714285746216774
ku,5.07,B62,B62D,.5714285746216774
dq,9,A47,A47J,.5714285746216774
oy,9,B05,B05B,.5714285746216774
uf,1.03,G03,G03C,.5714285746216774
dw,1.04,B23,B23P,.5714285746216774
ea,1.04,F25,F25J,.5714285746216774
bp,6.04,B64,B64D,.5714285746216774
ih,2.07,A47,A47B,.5714285746216774
rz,3.03,B61,B61L,.5714285746216774
cl,9,F01,F01D,.5714285746216774
ig,2.06,D06,D06L,.5714285746216774
ip,2.07,C11,C11B,.5714285746216774
dq,9,E04,E04H,.5714285746216774
pz,2.05,A24,A24D,.5714285746216774
pn,1.01,B27,B27M,.5714285746216774
yy,5.07,C11,C11B,.5714285746216774
pd,6.02,C08,C08J,.5714285746216774
gy,5.02,F16,F16J,.5714285746216774
rp,6.04,B64,B64D,.5714285746216774
wf,1.06,H03,H03K,.5714285746216774
uq,5.07,G09,G09B,.5714285746216774
ik,2.11,B61,B61D,.5714285746216774
yy,5.07,B60,B60K,.5714285746216774
te,1.05,G07,G07F,.5714285746216774
fa,2.01,F41,F41H,.571428582072258
uh,1.03,C11,C11B,.5714285895228386
pk,2.05,C23,C23D,.5714285969734192
ex,1.02,H01,H01G,.5715277930721641
lq,3.03,H01,H01F,.571536798030138
il,2.07,G02,G02B,.5716091240756214
nq,5.01,A61,A61F,.571743952576071
yo,3.01,E21,E21B,.572148515842855
ee,1.04,H01,H01S,.5725036112125963
qh,2.05,C08,C08H,.572720805183053
ff,3.02,E21,E21B,.5727564245462418
op,3.03,A61,A61N,.5728104612790048
wf,1.06,C07,C07F,.5728421944659203
dy,1.04,B04,B04C,.5729166688397527
uh,1.03,B66,B66C,.5734234270639718
uk,1.03,C10,C10B,.5734605239704251
wh,3.02,H01,H01M,.5740740746259689
di,5.02,H04,H04S,.5740740746259689
dw,1.04,A47,A47G,.5740740746259689
yq,5.07,B61,B61C,.5740740746259689
jy,4.05,C05,C05C,.5740740895271301
hq,1.04,B65,B65G,.5740740895271301
ij,2.11,A23,A23L,.5741512989625335
uu,5.06,G01,G01T,.5741758272051811
aq,3.02,G07,G07F,.5744047742336988
ep,1.02,B23,B23H,.5744186099618673
ay,3.01,C08,C08L,.5744234807789326
qq,1.05,B25,B25J,.5744513338431716
vy,3.02,C08,C08H,.5748019237071276
qf,9,G03,G03H,.574925963068381
io,2.07,D06,D06F,.5750000029802322
oe,5.06,D06,D06F,.5750000029802322
ph,6.02,C08,C08J,.5750000029802322
mm,6.01,D06,D06P,.5750000029802322
wu,5.04,B01,B01F,.5750000178813934
ka,4.01,G01,G01V,.5752965742722154
ai,2.03,E01,E01C,.5753968358039856
wf,1.06,C08,C08G,.5754734515212476
dw,1.04,A01,A01D,.5756410267204046
qa,3.01,B60,B60D,.5756410267204046
wc,3.03,H01,H01J,.5757575780153275
dy,1.04,A24,A24F,.5759690050035715
pq,1.01,A23,A23D,.5761904940009117
bv,5.01,C12,C12N,.5761908073909581
co,1.06,C12,C12G,.5763888964429498
dt,2.03,D21,D21H,.5763889057561755
gm,3.03,G05,G05B,.5769230797886848
oe,5.06,B05,B05D,.5769230797886848
if,2.11,E01,E01D,.5769230797886848
xq,2.11,A47,A47C,.5769230797886848
dm,3.02,B29,B29B,.5769230797886848
wh,3.02,B62,B62D,.5769230797886848
cu,1.06,G07,G07D,.5769230797886848
km,1.06,C08,C08H,.5769988121464849
cn,5.01,C11,C11D,.5770676704123616
uh,1.03,H02,H02J,.5771085573360324
jo,5.04,G07,G07C,.5773809589445591
gc,1.05,G07,G07C,.5773809589445591
up,1.03,G09,G09B,.5773809589445591
ml,9,C07,C07C,.5774547343607992
vj,5.01,G05,G05B,.57752525806427
tu,3.01,F21,F21K,.5776960938237607
gy,5.02,H01,H01S,.5779762044548988
un,1.03,C09,C09J,.578125
ru,3.01,B65,B65B,.5781287420541048
iq,2.02,C11,C11C,.5781489284709096
gu,1.06,C40,C40B,.5784552842378616
ur,1.01,B65,B65D,.5785440616309643
ru,3.01,A47,A47L,.5785610640887171
bf,5.04,A01,A01M,.5787878818809986
ni,3.01,G02,G02C,.5787878818809986
mr,6.01,H04,H04N,.5788690485060215
bq,6.05,G21,G21K,.5789682641625404
or,5.09,G06,G06N,.5791666675359011
le,1.05,A47,A47L,.5791666731238365
xy,1.01,G07,G07D,.5791666805744171
xe,4.01,C08,C08H,.5791666824370623
pu,2.03,B03,B03B,.5792838369961828
ru,3.01,B41,B41M,.5793248983100057
hb,5.03,H01,H01B,.5794117655605078
yo,3.01,G09,G09G,.5794285899028182
wv,3.03,G05,G05B,.5796568728983402
uf,1.03,H01,H01G,.5796669223345816
ju,4.01,A23,A23C,.579797986894846
ot,6.02,G07,G07D,.5801282078027725
li,3.02,A23,A23G,.5801767753437161
tq,3.02,C11,C11C,.5802139211446047
co,1.06,B42,B42D,.5804256862029433
il,2.07,H01,H01M,.5804347931407392
ea,1.04,B09,B09B,.5805555619299412
ui,1.03,B23,B23P,.5805555656552315
un,1.03,H03,H03M,.5809884630143642
il,2.07,F25,F25C,.5811688341200352
io,2.07,F25,F25C,.5811688341200352
ip,2.07,A01,A01N,.5811688341200352
ep,1.02,C03,C03C,.5814586114138365
db,2.08,A01,A01D,.5814814940094948
qq,1.05,F23,F23N,.5816666707396507
kv,1.05,A01,A01C,.5817307699471712
ni,3.01,A24,A24B,.5817901315167546
po,1.01,C02,C02F,.5818070885725319
jm,5.04,H04,H04B,.5819047708064318
xw,3.03,G08,G08C,.5820830618031323
ec,1.04,H02,H02J,.5821486581116915
dm,3.02,C08,C08H,.5822044648230076
ac,2.02,C07,C07H,.5822055260650814
ex,1.02,H05,H05G,.5822916701436043
nq,5.01,G01,G01G,.5824074205011129
vi,5.01,A41,A41D,.5824699206277728
ee,1.04,B23,B23K,.5826874403283
hy,1.06,G06,G06N,.5827405010350049
ia,3.02,G01,G01S,.5827957093715668
wm,5.04,B22,B22D,.583333333954215
pz,2.05,G08,G08C,.583333333954215
pn,1.01,D01,D01D,.583333333954215
ei,1.04,H02,H02G,.5833333358168602
yy,5.07,C09,C09K,.5833333358168602
bm,5.07,G01,G01J,.5833333358168602
rb,2.02,C10,C10G,.5833333358168602
pz,2.05,C10,C10K,.5833333358168602
ub,1.03,G10,G10D,.5833333358168602
dk,5.02,A63,A63B,.5833333358168602
pn,1.01,B65,B65B,.5833333358168602
ga,3.02,C14,C14C,.5833333358168602
vs,5.01,C08,C08G,.5833333358168602
km,1.06,F01,F01D,.5833333358168602
pt,3.03,B60,B60G,.5833333358168602
tq,3.02,B22,B22D,.5833333358168602
es,2.02,E01,E01F,.5833333358168602
dw,1.04,F01,F01D,.5833333358168602
cq,1.06,B06,B06B,.5833333358168602
ex,1.02,F42,F42C,.5833333358168602
am,4.01,A63,A63F,.5833333358168602
pi,1.06,B60,B60K,.5833333358168602
ep,1.02,A62,A62C,.5833333358168602
ni,3.01,F17,F17C,.5833333358168602
ja,1.05,F15,F15B,.5833333358168602
wv,3.03,A47,A47G,.5833333358168602
ki,3.02,F25,F25B,.5833333358168602
ta,1.06,G02,G02B,.5833333358168602
hi,5.01,C01,C01F,.5833333358168602
ga,3.02,G01,G01C,.5833333358168602
pw,2.06,H01,H01F,.5833333358168602
dr,1.06,C22,C22F,.5833333358168602
sy,1.03,B66,B66C,.5833333358168602
gy,5.02,A43,A43B,.5833333358168602
hf,6.03,G01,G01V,.5833333358168602
il,2.07,G01,G01K,.5833333358168602
es,2.02,B60,B60H,.5833333358168602
co,1.06,F16,F16F,.5833333358168602
wc,3.03,B62,B62K,.5833333358168602
pt,3.03,E21,E21B,.5833333358168602
ku,5.07,B60,B60T,.5833333358168602
ew,1.02,D06,D06M,.5833333358168602
ut,6.02,G08,G08C,.5833333358168602
zm,1.06,B03,B03B,.5833333358168602
vx,5.01,H04,H04J,.5833333358168602
qa,3.01,G03,G03B,.5833333358168602
mc,1.06,H04,H04Q,.5833333358168602
bd,1.06,A61,A61Q,.5833333358168602
uq,5.07,G01,G01C,.5833333358168602
gy,5.02,H04,H04K,.5833333358168602
mq,6.01,F02,F02P,.5833333358168602
bi,6.01,D06,D06M,.5833333358168602
ha,5.03,C08,C08B,.5833333358168602
ij,2.11,F41,F41H,.5833333358168602
oy,9,E01,E01C,.5833333358168602
wc,3.03,C03,C03C,.5833333358168602
gy,5.02,F21,F21S,.5833333358168602
nn,3.03,A62,A62B,.5833333358168602
ig,2.06,F02,F02K,.5833333358168602
ox,6.02,A01,A01K,.5833333358168602
bu,1.03,B64,B64B,.5833333358168602
sa,3.03,B24,B24D,.5833333358168602
xq,2.11,C01,C01C,.5833333358168602
dx,3.01,F16,F16H,.5833333358168602
ub,1.03,E01,E01F,.5833333358168602
eq,3.01,H04,H04Q,.5833333358168602
hq,1.04,B23,B23P,.5833333358168602
dw,1.04,B60,B60C,.5833333358168602
ur,1.01,F16,F16C,.5833333358168602
vy,3.02,B41,B41F,.5833333358168602
yp,3.02,B60,B60N,.5833333358168602
uq,5.07,C09,C09C,.5833333358168602
ja,1.05,A45,A45F,.5833333358168602
km,1.06,B31,B31D,.5833333358168602
da,1.06,H04,H04Q,.5833333358168602
uy,1.04,C01,C01D,.5833333358168602
wv,3.03,H01,H01B,.5833333358168602
et,1.02,E01,E01F,.5833333358168602
vx,5.01,E05,E05F,.5833333358168602
yq,5.07,G01,G01J,.5833333358168602
ac,2.02,B62,B62H,.5833333358168602
iq,2.02,B62,B62H,.5833333358168602
hl,3.03,C12,C12C,.5833333358168602
oo,3.03,C09,C09D,.5833333358168602
le,1.05,B64,B64B,.5833333358168602
yy,5.07,F02,F02B,.5833333358168602
ur,1.01,C23,C23F,.5833333358168602
ij,2.11,C10,C10J,.5833333358168602
ot,6.02,G01,G01G,.5833333358168602
ve,3.02,F02,F02P,.5833333432674408
am,4.01,A62,A62B,.5833333432674408
ne,3.03,C12,C12G,.5833333432674408
ai,2.03,B60,B60H,.5833333432674408
et,1.02,B60,B60F,.5833333432674408
ma,3.02,F03,F03D,.5833333432674408
dr,1.06,B63,B63H,.5833333432674408
pj,2.05,F17,F17D,.5833333432674408
oe,5.06,E04,E04F,.5833333432674408
pc,5.02,E04,E04B,.5833333432674408
wf,1.06,C09,C09J,.5833333432674408
cq,1.06,B62,B62K,.5833333432674408
ik,2.11,C08,C08B,.5833333432674408
fe,5.05,G10,G10L,.5833333432674408
ro,1.07,B65,B65C,.5833333432674408
ih,2.07,B41,B41F,.5833333432674408
qf,9,B60,B60C,.5833333432674408
dx,3.01,F25,F25B,.5833333432674408
ep,1.02,F04,F04C,.5833333432674408
rb,2.02,B60,B60F,.5833333432674408
ve,3.02,B66,B66F,.5833333432674408
gy,5.02,B61,B61F,.5833333432674408
fe,5.05,G09,G09G,.5833333432674408
ii,2.04,A63,A63C,.5833333432674408
dw,1.04,F16,F16M,.5833333432674408
ne,3.03,F03,F03D,.5833333432674408
dr,1.06,E01,E01C,.5833333432674408
ad,4.02,A01,A01M,.5833333432674408
ev,1.02,G06,G06M,.5833333432674408
wu,5.04,H02,H02N,.5833333432674408
et,1.02,D21,D21B,.5833333432674408
ns,2.01,A01,A01D,.5833333432674408
up,1.03,H02,H02H,.5833333432674408
ex,1.02,B41,B41B,.5833333432674408
ds,3.02,H02,H02J,.5833333432674408
eu,2.02,F01,F01L,.5833333432674408
ba,3.02,G01,G01S,.5833333432674408
ev,1.02,B30,B30B,.5833333432674408
rp,6.04,C07,C07J,.5833333432674408
qc,6.02,G01,G01V,.5833333432674408
nq,5.01,C11,C11D,.5833333432674408
fa,2.01,A62,A62D,.5833333432674408
er,1.02,F25,F25B,.5833333432674408
ru,3.01,H03,H03B,.5833333432674408
pq,1.01,C06,C06D,.5833333432674408
vy,3.02,B60,B60T,.5833333432674408
pm,2.05,D01,D01G,.5833333432674408
jy,4.05,E01,E01C,.5833333432674408
ni,3.01,H04,H04R,.5833333432674408
pw,2.06,E21,E21B,.5833333432674408
ze,1.06,A61,A61C,.5833333432674408
nn,3.03,G08,G08C,.5833333432674408
lq,3.03,C06,C06B,.5833333432674408
ij,2.11,C23,C23G,.5833333432674408
lq,3.03,H01,H01Q,.5833333432674408
hf,6.03,F41,F41A,.5833333432674408
es,2.02,A21,A21D,.5833333432674408
jy,4.05,H02,H02H,.5833333432674408
oy,9,G01,G01D,.5833333432674408
jm,5.04,A63,A63B,.5833333432674408
xa,5.04,B03,B03B,.5833333432674408
ru,3.01,A42,A42B,.5833333432674408
db,2.08,F16,F16M,.5833333432674408
zc,4.03,A41,A41D,.5833333432674408
qk,6.01,H01,H01R,.5833333432674408
pe,5.02,C09,C09C,.5833333432674408
pz,2.05,A01,A01D,.5833333432674408
wu,5.04,B67,B67D,.5833333432674408
tq,3.02,H01,H01P,.5833333432674408
pa,6.02,H03,H03J,.5833333432674408
qq,1.05,D21,D21B,.5833333432674408
ik,2.11,A47,A47J,.5833333432674408
yq,5.07,E04,E04F,.5833333432674408
po,1.01,A01,A01K,.5833333432674408
iq,2.02,B60,B60F,.5833333432674408
hi,5.01,C10,C10M,.5833333432674408
zk,9,H01,H01R,.5833333432674408
di,5.02,G21,G21F,.5833333432674408
gu,1.06,H01,H01P,.5833333432674408
pt,3.03,F41,F41G,.5833333432674408
rt,3.02,F02,F02P,.5833333432674408
sd,3.02,F16,F16J,.5833333432674408
hl,3.03,B62,B62D,.5833333432674408
et,1.02,B07,B07C,.5833333432674408
ik,2.11,F26,F26B,.5833333432674408
fa,2.01,G01,G01P,.5833333432674408
pn,1.01,C06,C06B,.5833333432674408
iu,2.03,D07,D07B,.5833333432674408
le,1.05,E04,E04D,.5833333432674408
oy,9,A47,A47K,.5833333432674408
pc,5.02,F28,F28D,.5833333432674408
ou,1.06,H01,H01J,.5833333432674408
my,5.01,E01,E01B,.5833333432674408
ou,1.06,H02,H02J,.5833333432674408
cn,5.01,C22,C22C,.5833333432674408
ps,5.04,B60,B60R,.5833333432674408
id,2.07,B60,B60S,.5833333432674408
pc,5.02,B23,B23B,.5833333432674408
ih,2.07,B60,B60R,.5833333432674408
pc,5.02,A23,A23J,.5833333432674408
dr,1.06,C06,C06D,.5833333432674408
pc,5.02,B62,B62K,.5833333432674408
fa,2.01,E05,E05F,.5833333432674408
rz,3.03,C09,C09C,.5833333432674408
pu,2.03,F28,F28G,.5833333432674408
yo,3.01,B62,B62D,.5833333432674408
dk,5.02,B60,B60P,.5833333432674408
un,1.03,H02,H02H,.5833333432674408
xq,2.11,C21,C21D,.5833333432674408
ur,1.01,B28,B28B,.5833333432674408
vj,5.01,E04,E04H,.5833333432674408
ze,1.06,F16,F16L,.5833333432674408
ps,5.04,H05,H05B,.5833333432674408
di,5.02,B21,B21D,.5833333432674408
pq,1.01,C03,C03C,.5833333432674408
si,1.05,C10,C10M,.5833333432674408
di,5.02,G21,G21B,.5833333432674408
pz,2.05,H02,H02B,.5833333432674408
ya,3.02,B21,B21C,.5833333432674408
ik,2.11,D05,D05B,.5833333432674408
pc,5.02,B60,B60N,.5833333432674408
pz,2.05,E04,E04F,.5833333432674408
ep,1.02,B60,B60F,.5833333432674408
ev,1.02,E01,E01B,.5833333432674408
pk,2.05,B26,B26B,.5833333432674408
qk,6.01,G07,G07F,.5833333432674408
ew,1.02,E01,E01B,.5833333432674408
qa,3.01,B42,B42D,.5833333432674408
ze,1.06,B23,B23K,.5833333432674408
bq,6.05,H03,H03D,.5833333432674408
ju,4.01,G03,G03F,.5833333432674408
pe,5.02,F16,F16M,.5833333432674408
cq,1.06,B63,B63C,.5833333432674408
wu,5.04,B61,B61D,.5833333432674408
dk,5.02,F16,F16M,.5833333432674408
il,2.07,C23,C23C,.5833333432674408
oe,5.06,F41,F41G,.5833333432674408
ni,3.01,C21,C21B,.5833333432674408
vm,5.06,G01,G01M,.5833333432674408
zc,4.03,A01,A01C,.5833333432674408
hq,1.04,D07,D07B,.5833333432674408
ij,2.11,F28,F28D,.5833333432674408
oo,3.03,A61,A61Q,.5833333432674408
eo,6.02,H01,H01B,.5833333432674408
te,1.05,G03,G03G,.5833333432674408
zc,4.03,C14,C14C,.5833333432674408
ns,2.01,F01,F01C,.5833333432674408
ue,2.11,B63,B63G,.5833333432674408
tc,3.02,B43,B43K,.5833333432674408
bu,1.03,A01,A01C,.5833333432674408
nm,5.02,H04,H04B,.5833333432674408
ij,2.11,F02,F02K,.5833333432674408
xy,1.01,G01,G01W,.5833333432674408
ec,1.04,B65,B65G,.5833333432674408
yq,5.07,A61,A61N,.5833333432674408
uk,1.03,B63,B63H,.5833333432674408
zc,4.03,A47,A47K,.5833333432674408
ac,2.02,F01,F01P,.5833333432674408
rz,3.03,C25,C25D,.5833333432674408
vs,5.01,G09,G09G,.5833333432674408
ve,3.02,B63,B63B,.5833333432674408
il,2.07,C04,C04B,.5833333432674408
wc,3.03,H05,H05K,.5833333432674408
af,4.05,B01,B01D,.5833333432674408
ha,5.03,H01,H01B,.5833333432674408
ja,1.05,F02,F02F,.5833333432674408
tc,3.02,B06,B06B,.5833333432674408
zm,1.06,B60,B60R,.5833333432674408
ji,5.01,A47,A47B,.5833333432674408
tu,3.01,B61,B61L,.5833333432674408
dw,1.04,B62,B62D,.5833333432674408
km,1.06,B07,B07C,.5833333469927311
su,3.02,B81,B81B,.5833333479240537
oa,2.11,D03,D03D,.5833333488553762
hl,3.03,H04,H04S,.5833333507180214
nn,3.03,B05,B05D,.5833333507180214
ex,1.02,B23,B23C,.5833333507180214
yr,2.01,G01,G01D,.5833333507180214
db,2.08,C21,C21C,.5833333507180214
qu,1.06,F16,F16L,.5833333507180214
ee,1.04,B21,B21C,.5833333507180214
dy,1.04,B63,B63J,.5833333507180214
oy,9,A01,A01H,.5833333507180214
zr,1.05,H02,H02K,.5833333507180214
jy,4.05,G09,G09G,.5833333507180214
yr,2.01,F41,F41B,.5833333507180214
nq,5.01,H01,H01M,.5833333507180214
pu,2.03,B27,B27M,.5833333507180214
er,1.02,H01,H01M,.5833333507180214
vi,5.01,F04,F04B,.5833333507180214
de,1.06,D21,D21F,.5833333507180214
bv,5.01,H04,H04B,.583739195484668
jy,4.05,B22,B22F,.5838139615952969
zr,1.05,C11,C11C,.5839743670076132
fi,1.04,C12,C12M,.584073034580797
up,1.03,A61,A61M,.5843243794515729
ur,1.01,G03,G03G,.584417350590229
ay,3.01,G01,G01B,.5844933018088341
ba,3.02,C09,C09K,.5845081023871899
ro,1.07,E03,E03B,.5846205968409777
xy,1.01,G05,G05F,.5847619231790304
un,1.03,G05,G05D,.5849673207849264
up,1.03,G01,G01K,.5853696842677891
ev,1.02,C07,C07B,.5853757141157985
js,6.04,B41,B41J,.5859649255871773
re,1.05,C01,C01D,.5863095242530107
en,9,H03,H03K,.5864939875900745
rq,1.06,A23,A23G,.5865551182068884
ya,3.02,B05,B05C,.58666667714715
up,1.03,G03,G03G,.5868902429938316
cn,5.01,C12,C12P,.5869878409430385
yp,3.02,G01,G01F,.587288573384285
am,4.01,H03,H03M,.587301604449749
rt,3.02,E03,E03B,.5873983707278967
oe,5.06,A61,A61Q,.5874269083142281
tu,3.01,C08,C08C,.5875000101514161
re,1.05,D01,D01F,.5877193138003349
bv,5.01,A23,A23K,.5877247876487672
yq,5.07,B60,B60Q,.5877926452085376
dq,9,B01,B01F,.5878478121012449
ay,3.01,C08,C08J,.5879629729315639
ah,4.01,C05,C05C,.5879629794508219
bf,5.04,C12,C12P,.5881757135502994
po,1.01,H04,H04J,.5884407125413418
ex,1.02,B81,B81C,.5885008345358074
aq,3.02,A21,A21D,.5885447831824422
pc,5.02,C10,C10M,.5887681259773672
rq,1.06,C08,C08B,.5888074105605483
dk,5.02,H05,H05H,.5888158045709133
pu,2.03,D21,D21D,.5888278419151902
bq,6.05,G01,G01G,.5888888910412788
zr,1.05,F01,F01N,.5888888910412788
ai,2.03,G07,G07G,.588888892903924
po,1.01,G08,G08G,.5888888947665691
tc,3.02,C02,C02F,.5892857164144516
jb,5.07,C12,C12Q,.5893865269608796
aa,1.03,B02,B02C,.5895061828196049
dr,1.06,H02,H02K,.5896624573506415
sr,2.07,G04,G04F,.589743607211858
oa,2.11,C08,C08B,.5899394587613642
af,4.05,A01,A01B,.5900000035762787
wc,3.03,B01,B01L,.5900738248601556
id,2.07,H01,H01C,.5903383027762175
vx,5.01,A23,A23D,.5904761929996312
dk,5.02,A61,A61J,.5909090936183929
if,2.11,D06,D06B,.5909090936183929
bf,5.04,G01,G01B,.5909090936183929
ve,3.02,C22,C22F,.5909090936183929
zc,4.03,H02,H02M,.5909090936183929
jw,6.02,G01,G01K,.5909090936183929
fi,1.04,E02,E02D,.5909090936183929
oe,5.06,F25,F25B,.5909090936183929
di,5.02,B27,B27N,.5909090936183929
bi,6.01,G05,G05D,.5909090936183929
wy,5.04,H01,H01M,.5909090936183929
ue,2.11,A45,A45D,.5909401858225465
io,2.07,A61,A61M,.5910373777151108
wv,3.03,G06,G06K,.5910673197358847
ae,4.05,B29,B29B,.5913793109357357
wf,1.06,A61,A61G,.5913978470489383
pc,5.02,H03,H03H,.5916666723787785
jy,4.05,C06,C06B,.5916666761040688
ev,1.02,D05,D05B,.5916666770353913
ea,1.04,B82,B82B,.5916820182465017
ra,2.11,C12,C12R,.5920202154666185
ct,9,A61,A61C,.5921768886037171
da,1.06,G06,G06G,.5922619085758924
ma,3.02,C08,C08K,.5923254352528602
km,1.06,H05,H05B,.5924407998099923
ep,1.02,F22,F22B,.5924731185659766
pz,2.05,A62,A62C,.5925925932824612
ro,1.07,C12,C12J,.592857152223587
gc,1.05,A63,A63B,.5928571559488773
ml,9,C12,C12N,.5933127428870648
uh,1.03,B41,B41F,.5936507973819971
pm,2.05,G06,G06E,.5936700054444373
jy,4.05,F24,F24F,.59375
ga,3.02,F04,F04B,.59375
dt,2.03,F17,F17D,.59375
qh,2.05,F16,F16K,.5937500074505806
ev,1.02,C30,C30B,.5937539977021515
ad,4.02,C09,C09J,.5937888212502003
da,1.06,H04,H04M,.5938614159822464
qg,2.05,C12,C12M,.5938782314769924
ou,1.06,A01,A01N,.594086023978889
dk,5.02,G01,G01F,.5941558480262756
ma,3.02,G10,G10L,.5941666718572378
wf,1.06,A23,A23G,.5942080398090184
wu,5.04,B29,B29B,.5942982584238052
dx,3.01,G09,G09B,.5944444481283426
um,3.01,B41,B41M,.5944444537162781
nq,5.01,C09,C09D,.5944444537162781
xw,3.03,G01,G01W,.5944444574415684
dm,3.02,B60,B60L,.5944624990224838
xq,2.11,B09,B09C,.5945558622479439
et,1.02,F15,F15B,.5946969799697399
qa,3.01,H05,H05B,.5949915945529938
uf,1.03,C06,C06B,.5952381016686559
mw,5.09,A61,A61L,.5952381053939462
zc,4.03,G01,G01V,.5952381119132042
dr,1.06,B64,B64C,.5952381119132042
cq,1.06,E04,E04B,.5952381128445268
ye,2.02,G21,G21C,.595555558335036
cl,9,B08,B08B,.5956710129976273
un,1.03,F01,F01N,.5958333350718021
pn,1.01,B23,B23Q,.5958333350718021
ur,1.01,C10,C10M,.5958333425223827
zc,4.03,B65,B65B,.5958961497526616
rt,3.02,G01,G01P,.5959707163274288
dq,9,G01,G01P,.5961538590490818
da,1.06,C22,C22B,.5961795449256897
cu,1.06,D21,D21C,.5963718816637993
ht,1.06,C08,C08J,.5964124547317624
es,2.02,B64,B64B,.5964285805821419
vj,5.01,H04,H04Q,.5965231396257877
dw,1.04,G01,G01L,.5968699520453811
ep,1.02,F28,F28D,.5969888027757406
qu,1.06,B27,B27K,.5972222238779068
ur,1.01,H01,H01G,.5972222238779068
dm,3.02,A41,A41C,.5972222248092294
jb,5.07,B32,B32B,.5972222276031971
pm,2.05,F42,F42C,.5972222276031971
tm,3.01,B65,B65D,.59722223225981
si,1.05,C23,C23C,.59722223225981
ik,2.11,G03,G03C,.5972222327254713
ns,2.01,B44,B44B,.5972222350537777
pm,2.05,B60,B60Q,.597222238779068
ni,3.01,G06,G06N,.5973983395379037
ue,2.11,C23,C23F,.5975153464823961
dw,1.04,F16,F16K,.5975177399814129
ur,1.01,H03,H03F,.5975783495232463
ub,1.03,E05,E05F,.5976190492510796
ei,1.04,F02,F02G,.5978260897099972
uy,1.04,G21,G21G,.5978260915726423
ii,2.04,F25,F25C,.5978355016559362
ub,1.03,C08,C08C,.5979166689794511
cq,1.06,H02,H02N,.5979938320815563
uh,1.03,C12,C12Y,.5980392163619399
co,1.06,G01,G01W,.5980392182245851
ig,2.06,B26,B26F,.5982142873108387
ua,6.03,H01,H01P,.5982142873108387
ay,3.01,G06,G06Q,.5982575975358486
ds,3.02,B29,B29C,.5986638637259603
hl,3.03,B23,B23K,.5987346353940666
pm,2.05,A23,A23N,.5989583348855376
yo,3.01,G03,G03F,.5990850040689111
ah,4.01,B09,B09B,.5991369634866714
bu,1.03,C12,C12R,.5991453011520207
oe,5.06,A23,A23C,.5992063526064157
da,1.06,A41,A41D,.5992393624037504
nq,5.01,B60,B60K,.5992753664031625
io,2.07,B64,B64C,.5993343675509095
yp,3.02,H04,H04R,.5993756293319166
et,1.02,A63,A63G,.5994152165949345
un,1.03,G01,G01D,.5994347147643566
sd,3.02,H03,H03K,.5995370396412909
oe,5.06,C08,C08G,.5996498726308346
km,1.06,B25,B25J,.5997689384967089
fi,1.04,B64,B64C,.6000000014901161
ra,2.11,B08,B08B,.6000000014901161
hb,5.03,G01,G01D,.6000000014901161
le,1.05,B21,B21B,.6000000014901161
uu,5.06,A23,A23K,.6000000014901161
ea,1.04,C06,C06C,.6000000014901161
co,1.06,B64,B64D,.6000000014901161
zq,2.07,G09,G09B,.6000000014901161
ue,2.11,A47,A47F,.6000000014901161
ad,4.02,E02,E02B,.6000000014901161
ev,1.02,C25,C25C,.6000000014901161
nu,5.08,D04,D04C,.6000000014901161
gc,1.05,E04,E04C,.6000000014901161
mr,6.01,A61,A61L,.6000000014901161
vi,5.01,F41,F41A,.6000000014901161
ut,6.02,C08,C08G,.6000000014901161
bm,5.07,H01,H01Q,.6000000014901161
ac,2.02,A43,A43B,.6000000014901161
cu,1.06,F25,F25B,.6000000014901161
ha,5.03,G01,G01G,.6000000014901161
ei,1.04,F01,F01L,.6000000014901161
zm,1.06,B63,B63H,.6000000014901161
if,2.11,F23,F23Q,.6000000014901161
iu,2.03,D06,D06P,.6000000014901161
if,2.11,D04,D04B,.6000000014901161
yu,3.03,H04,H04N,.6000000014901161
iq,2.02,A22,A22B,.6000000014901161
ox,6.02,C01,C01B,.6000000014901161
wc,3.03,H02,H02M,.6000000014901161
et,1.02,C01,C01C,.6000000014901161
ih,2.07,B29,B29D,.6000000014901161
hy,1.06,H04,H04Q,.6000000014901161
ah,4.01,H04,H04B,.6000000014901161
sa,3.03,C05,C05F,.6000000014901161
bk,6.04,B66,B66F,.6000000014901161
po,1.01,H04,H04H,.6000000014901161
ye,2.02,E06,E06B,.6000000014901161
tm,3.01,A24,A24D,.6000000014901161
am,4.01,B65,B65B,.6000000014901161
ub,1.03,A24,A24C,.6000000014901161
sr,2.07,C10,C10M,.6000000014901161
et,1.02,G04,G04D,.6000000014901161
ec,1.04,F17,F17D,.6000000014901161
ub,1.03,G12,G12B,.6000000014901161
ja,1.05,D06,D06N,.6000000014901161
xw,3.03,B05,B05D,.6000000014901161
ik,2.11,A43,A43B,.6000000014901161
wu,5.04,G01,G01H,.6000000014901161
om,5.05,B01,B01L,.6000000014901161
nu,5.08,C01,C01C,.6000000014901161
wc,3.03,B05,B05D,.6000000014901161
um,3.01,F16,F16K,.6000000014901161
ba,3.02,A62,A62D,.6000000014901161
ia,3.02,B22,B22D,.6000000014901161
vi,5.01,A61,A61D,.6000000014901161
wf,1.06,G06,G06C,.6000000014901161
vx,5.01,C22,C22F,.6000000014901161
uu,5.06,B60,B60N,.6000000014901161
ox,6.02,H04,H04Q,.6000000014901161
vs,5.01,H05,H05K,.6000000014901161
rt,3.02,G05,G05F,.6000000014901161
pq,1.01,B21,B21D,.6000000014901161
re,1.05,H04,H04N,.6000000033527613
ni,3.01,G01,G01F,.6000000052154064
dr,1.06,B63,B63B,.6000000052154064
si,1.05,E04,E04F,.6000000089406967
bu,1.03,H04,H04H,.6000000089406967
ry,2.03,B24,B24C,.6000000089406967
ex,1.02,A63,A63D,.6000000089406967
rt,3.02,H05,H05G,.6000000089406967
ui,1.03,G04,G04G,.6000000089406967
cn,5.01,B25,B25B,.6000000089406967
iy,1.06,F25,F25B,.6000000089406967
li,3.02,F16,F16K,.6000000089406967
im,2.01,G01,G01G,.6000000089406967
qq,1.05,H04,H04H,.6000000089406967
nq,5.01,B25,B25B,.6000000089406967
ji,5.01,B25,B25B,.6000000089406967
mq,6.01,C08,C08B,.6000000108033419
dw,1.04,A21,A21B,.6000000163912773
qq,1.05,A47,A47G,.6000000163912773
cu,1.06,B63,B63H,.6000000163912773
et,1.02,F24,F24S,.6000000163912773
ik,2.11,G01,G01G,.6000000163912773
qh,2.05,G01,G01V,.6000000163912773
pe,5.02,H05,H05B,.6000000163912773
pu,2.03,B42,B42D,.6000000163912773
ya,3.02,B26,B26B,.6000000163912773
hf,6.03,C07,C07C,.6000925926491618
ut,6.02,C12,C12Q,.6002178387716413
ub,1.03,B66,B66C,.6004078639671206
hy,1.06,C08,C08F,.6004875837825239
ub,1.03,G01,G01W,.6004902087152004
am,4.01,A61,A61F,.6005102153867483
un,1.03,C08,C08K,.6005969266407192
rz,3.03,A23,A23P,.6007821708917618
gu,1.06,B08,B08B,.600845412351191
ba,3.02,B01,B01J,.6008771955966949
qg,2.05,G21,G21H,.6009740345180035
uh,1.03,B27,B27K,.6011904887855053
ii,2.04,B60,B60H,.6011904925107956
da,1.06,C03,C03C,.6014105046633631
cq,1.06,C09,C09F,.6018518544733524
fa,2.01,B22,B22C,.6018518544733524
ee,1.04,C09,C09F,.6018518544733524
ur,1.01,H05,H05B,.601851861923933
ju,4.01,A61,A61M,.601851861923933
ur,1.01,H04,H04K,.601867338642478
sa,3.03,D01,D01D,.6020833337679505
ut,6.02,C12,C12R,.602380957454443
ij,2.11,B60,B60Q,.602380957454443
ji,5.01,B60,B60Q,.602380957454443
bp,6.04,A23,A23D,.6027777809649706
ip,2.07,C22,C22B,.602777786552906
cu,1.06,A23,A23P,.6028225794434547
pu,2.03,H05,H05G,.6028231075033545
zd,9,C40,C40B,.6028232080279849
dr,1.06,C08,C08C,.6029411796480417
co,1.06,B05,B05C,.6030943901278079
oy,9,C07,C07H,.6032800655812025
io,2.07,H02,H02N,.6033521802164614
uh,1.03,A63,A63F,.6037732651457191
ea,1.04,A62,A62B,.6041666679084301
ea,1.04,B64,B64D,.6041666697710752
rt,3.02,A42,A42B,.6041666716337204
yp,3.02,G08,G08B,.6041666772216558
ou,1.06,C12,C12M,.6041739759966731
lj,3.02,A61,A61L,.604186458978802
vi,5.01,B23,B23K,.6047619134187698
wc,3.03,G08,G08C,.6050228299573064
da,1.06,C22,C22C,.6051282100379467
co,1.06,A61,A61H,.6053081369027495
tm,3.01,C08,C08J,.6054292949847877
dt,2.03,H01,H01C,.6055555567145348
rb,2.02,F01,F01D,.6055555660277605
vs,5.01,G01,G01R,.6055555660277605
ns,2.01,G06,G06G,.6057234455365688
mc,1.06,H02,H02J,.6059523825533688
hq,1.04,B01,B01B,.6060606092214584
pc,5.02,C22,C22F,.6060606092214584
hq,1.04,A61,A61J,.6061904933303595
bu,1.03,H03,H03K,.6064716326072812
if,2.11,B03,B03D,.6064935084432364
vm,5.06,H03,H03K,.606565659865737
ro,1.07,C13,C13B,.6066095791757107
ve,3.02,G08,G08C,.6068493165075779
pc,5.02,C12,C12P,.6069171695271507
iq,2.02,A24,A24B,.6071079499088228
ga,3.02,F16,F16L,.6071428591385484
ij,2.11,B03,B03C,.6071428600698709
sr,2.07,B66,B66C,.6071428619325161
il,2.07,B64,B64C,.6071428619325161
il,2.07,B66,B66C,.6071428619325161
le,1.05,B66,B66C,.6071428619325161
ei,1.04,B21,B21J,.6071428749710321
ae,4.05,C08,C08F,.6072253240272403
ni,3.01,A23,A23F,.6073493068106472
nq,5.01,B29,B29C,.6073529426939785
le,1.05,A23,A23G,.6074404800310731
ik,2.11,H03,H03B,.607539689168334
su,3.02,G10,G10L,.6075757667422295
iu,2.03,B04,B04C,.6076388973742723
ex,1.02,G05,G05G,.607954565435648
cq,1.06,H04,H04S,.608034523203969
cu,1.06,D06,D06M,.6080645397305489
vi,5.01,C04,C04B,.6083333417773247
ct,9,H04,H04R,.608333345502615
es,2.02,A45,A45C,.6083333510905504
wv,3.03,C08,C08G,.6083959937095642
le,1.05,G21,G21K,.6089285751804709
wv,3.03,C12,C12Q,.6089407338295132
ns,2.01,A63,A63H,.6092948750592768
db,2.08,B66,B66C,.6096437375526875
ne,3.03,B03,B03C,.6096491329371929
ju,4.01,G01,G01C,.6096713524311781
bf,5.04,H01,H01Q,.6098901145160198
et,1.02,B65,B65F,.6099537052214146
tm,3.01,A61,A61H,.6099610610399395
aa,1.03,D06,D06M,.6102513261139393
tm,3.01,G01,G01C,.6102971117943525
er,1.02,F21,F21V,.6104437410831451
pt,3.03,A01,A01N,.6108695669099689
cu,1.06,A01,A01C,.6110042855143547
qq,1.05,C12,C12M,.6110232365317643
ee,1.04,G21,G21C,.6111111119389534
ik,2.11,B27,B27G,.6111111119389534
ua,6.03,B60,B60P,.6111111119389534
tq,3.02,H04,H04Q,.6111111119389534
aa,1.03,E05,E05B,.6111111119389534
ry,2.03,F03,F03D,.6111111119389534
uu,5.06,A23,A23P,.6111111119389534
gy,5.02,A23,A23P,.6111111119389534
dt,2.03,B04,B04B,.6111111119389534
eo,6.02,H01,H01M,.6111111119389534
ew,1.02,E05,E05F,.6111111119389534
xa,5.04,F25,F25B,.6111111119389534
ix,2.07,C08,C08F,.6111111119389534
iq,2.02,A41,A41F,.6111111119389534
pz,2.05,B44,B44C,.6111111119389534
qu,1.06,E04,E04F,.6111111119389534
fe,5.05,G07,G07F,.6111111119389534
ip,2.07,H02,H02P,.6111111119389534
tm,3.01,H01,H01H,.6111111119389534
ik,2.11,A47,A47C,.6111111119389534
ae,4.05,H03,H03K,.6111111119389534
yp,3.02,B64,B64D,.6111111119389534
oz,6.02,C14,C14C,.6111111119389534
un,1.03,F16,F16M,.6111111119389534
et,1.02,B03,B03D,.6111111119389534
db,2.08,B07,B07B,.6111111119389534
mm,6.01,E01,E01C,.6111111119389534
dm,3.02,A47,A47K,.6111111119389534
yo,3.01,C25,C25D,.6111111119389534
su,3.02,D06,D06M,.6111111119389534
sr,2.07,C01,C01B,.6111111119389534
ro,1.07,G04,G04R,.6111111119389534
up,1.03,F16,F16M,.6111111119389534
zk,9,G01,G01D,.6111111119389534
di,5.02,C10,C10L,.6111111119389534
rz,3.03,F16,F16M,.6111111119389534
py,3.02,H02,H02N,.6111111119389534
tm,3.01,G01,G01D,.6111111119389534
ju,4.01,B65,B65H,.6111111119389534
or,5.09,C08,C08L,.6111111119389534
ip,2.07,B60,B60W,.6111111119389534
yq,5.07,B64,B64D,.6111111119389534
yp,3.02,F02,F02M,.6111111119389534
rt,3.02,B60,B60Q,.6111111119389534
yq,5.07,E21,E21D,.6111111119389534
ye,2.02,B66,B66D,.6111111119389534
ve,3.02,C09,C09B,.6111111119389534
lq,3.03,F16,F16D,.6111111119389534
qu,1.06,H02,H02G,.6111111119389534
qa,3.01,B63,B63C,.6111111119389534
qe,2.09,C09,C09G,.6111111119389534
ii,2.04,B23,B23D,.6111111119389534
yq,5.07,F01,F01D,.6111111119389534
iq,2.02,A44,A44B,.6111111119389534
di,5.02,B41,B41F,.6111111119389534
ml,9,H01,H01M,.6111111119389534
sd,3.02,B23,B23K,.6111111138015985
ru,3.01,B62,B62K,.6111111138015985
tc,3.02,B24,B24C,.6111111156642437
ru,3.01,E05,E05B,.611111119389534
ru,3.01,B60,B60W,.611111119389534
ev,1.02,B63,B63H,.6111111212521791
qf,9,A47,A47J,.6111111212521791
ya,3.02,D04,D04C,.6111111231148243
rt,3.02,B06,B06B,.6111111231148243
po,1.01,B22,B22D,.6111111249774694
et,1.02,F24,F24C,.6111111268401146
yp,3.02,B64,B64C,.6111111268401146
jo,5.04,G05,G05B,.6111111268401146
hl,3.03,C09,C09K,.6111111268401146
eo,6.02,A01,A01H,.6111111268401146
dw,1.04,F25,F25B,.6111111268401146
ub,1.03,C07,C07J,.6111111268401146
tc,3.02,B22,B22C,.6111111268401146
xw,3.03,B22,B22C,.6111111268401146
ip,2.07,G08,G08G,.6111111268401146
pu,2.03,F41,F41J,.6111111268401146
hq,1.04,G07,G07F,.611195070669055
aq,3.02,C12,C12Y,.6113479882478714
oa,2.11,A45,A45D,.6113945608958602
ij,2.11,B64,B64G,.6115520354360342
un,1.03,B08,B08B,.611627908423543
hq,1.04,A63,A63B,.6119047794491053
qf,9,H05,H05H,.61208022153005
xq,2.11,G16,G16H,.6121554002165794
ac,2.02,D06,D06H,.6125000007450581
pu,2.03,F15,F15C,.6125577446073294
xq,2.11,C06,C06B,.6127451006323099
ew,1.02,A21,A21D,.6127451080828905
uh,1.03,F16,F16C,.6128472276031971
qg,2.05,H01,H01T,.612923358567059
ex,1.02,C23,C23F,.6132549066096544
id,2.07,A61,A61C,.6133278515189886
if,2.11,C06,C06C,.6133333370089531
dt,2.03,C06,C06D,.6133333370089531
po,1.01,C12,C12Q,.6134660077514127
qj,2.05,A62,A62D,.6136363744735718
vi,5.01,C07,C07J,.6138047175481915
ig,2.06,G01,G01W,.6138889025896788
ih,2.07,C10,C10K,.6140523049980402
un,1.03,A23,A23L,.6141203716397285
ec,1.04,B65,B65D,.6141828815452754
ep,1.02,F01,F01L,.6142857186496258
oa,2.11,A23,A23J,.6142857186496258
ee,1.04,H03,H03M,.6143888393417001
lq,3.03,G05,G05B,.6144117675721645
ui,1.03,F42,F42D,.6145833432674408
uf,1.03,A01,A01H,.6145833432674408
zq,2.07,B05,B05B,.6150173768401146
li,3.02,H01,H01J,.6150997164659202
ns,2.01,A24,A24B,.6151370303705335
oo,3.03,H01,H01M,.6152146467939019
wv,3.03,H01,H01M,.6152146467939019
hq,1.04,B65,B65B,.615248235873878
pq,1.01,H03,H03F,.6154762096703053
dx,3.01,C09,C09C,.6155202835798264
dm,3.02,A45,A45D,.6156462579965591
da,1.06,B09,B09C,.6156464060768485
ei,1.04,D21,D21B,.6164179313927889
dr,1.06,A46,A46B,.6166666708886623
zk,9,G06,G06N,.6166666708886623
ac,2.02,C11,C11D,.6166666708886623
db,2.08,A01,A01J,.6166666708886623
qh,2.05,G11,G11B,.6166666708886623
db,2.08,F02,F02B,.6166666746139526
eu,2.02,B23,B23H,.6166666746139526
hq,1.04,B60,B60C,.6166666746139526
qa,3.01,F01,F01N,.6166666746139526
pq,1.01,B64,B64G,.6166666746139526
xq,2.11,A62,A62C,.6166666746139526
qq,1.05,G21,G21F,.6166666746139526
ia,3.02,G09,G09F,.6166666746139526
yg,6.04,A61,A61C,.6166666746139526
ia,3.02,H02,H02M,.6166666783392429
wc,3.03,G05,G05G,.6166666820645332
iu,2.03,G04,G04D,.6166666820645332
yu,3.03,G02,G02B,.6166776791214943
cl,9,H02,H02P,.6168831214308739
yu,3.03,A61,A61N,.6168906996026635
gc,1.05,F42,F42D,.6169871836900711
ev,1.02,B29,B29B,.6170767201110721
ni,3.01,B25,B25J,.6172248981893063
dx,3.01,G16,G16H,.6173611269332469
aa,1.03,B25,B25D,.6174242459237576
tm,3.01,C08,C08L,.617464380338788
oo,3.03,G01,G01R,.6174713000655174
sr,2.07,B01,B01L,.6176244530361146
pa,6.02,B01,B01L,.6176470592617989
fi,1.04,C40,C40B,.6177769716887269
ga,3.02,H01,H01Q,.6178571451455355
io,2.07,G03,G03B,.6178571525961161
uf,1.03,B29,B29B,.6180555559694767
ze,1.06,A23,A23J,.6181541802361608
qf,9,E01,E01C,.6181818339973688
wf,1.06,B03,B03C,.6185421100817621
sy,1.03,C07,C07B,.6185859916731715
bi,6.01,G01,G01R,.6185897476971149
eo,6.02,E21,E21B,.6185897625982761
qg,2.05,B60,B60K,.6190476231276989
ye,2.02,A47,A47B,.6190476231276989
id,2.07,F15,F15D,.6191102880984545
td,3.02,G01,G01H,.6192477103322744
hi,5.01,C07,C07K,.6192807916086167
xq,2.11,H03,H03C,.6194444485008717
zr,1.05,C07,C07H,.6202948521822691
wv,3.03,A01,A01K,.6203703805804253
ma,3.02,A23,A23C,.6204161122441292
vx,5.01,H04,H04H,.620555566623807
uk,1.03,F02,F02G,.6207158900797367
ev,1.02,H05,H05G,.6207161280326545
eu,2.02,A23,A23L,.6207336578518152
ia,3.02,C08,C08K,.6207596799358726
vi,5.01,B64,B64C,.6211111098527908
ee,1.04,A01,A01G,.6212301780469716
ah,4.01,G01,G01W,.6213235296308994
yu,3.03,B01,B01J,.6214285753667355
ve,3.02,C22,C22B,.6214285753667355
qg,2.05,A47,A47J,.6215277779847383
io,2.07,H02,H02K,.6217592637985945
pk,2.05,G01,G01M,.6217713002115488
ec,1.04,A01,A01G,.6217948757112026
ka,4.01,G11,G11C,.6217948831617832
ba,3.02,G01,G01F,.6217948868870735
ac,2.02,A41,A41D,.6221674978733063
mq,6.01,A23,A23G,.622222226113081
ru,3.01,G01,G01W,.622222226113081
ns,2.01,B65,B65B,.622222226113081
op,3.03,E21,E21B,.622222226113081
rx,3.02,H04,H04M,.6222222372889519
pu,2.03,H04,H04S,.6222222410142422
eu,2.02,C12,C12Q,.6222475727554411
zc,4.03,C25,C25B,.6224694885313511
dy,1.04,B25,B25F,.622549026273191
mc,1.06,G01,G01Q,.6225627649109811
qg,2.05,H02,H02M,.6225962308235466
cu,1.06,H04,H04Q,.6226190626621246
ae,4.05,A21,A21D,.6230885814875364
am,4.01,H05,H05B,.6231601843610406
ht,1.06,C08,C08B,.6231884066946805
um,3.01,B23,B23K,.6233333349227905
lj,3.02,G16,G16H,.6233333423733711
wq,5.01,C12,C12N,.6234238249016926
td,3.02,C07,C07H,.6234488566406071
ns,2.01,A61,A61G,.6235279189422727
ve,3.02,A23,A23J,.6235431432723999
ih,2.07,D21,D21B,.6238095350563526
ka,4.01,B82,B82Y,.6246031830087304
bd,1.06,G01,G01R,.6246246257796884
un,1.03,G01,G01B,.6249098181724548
pm,2.05,Y02,Y02A,.6249999995343387
we,3.02,B02,B02C,.625
yy,5.07,A63,A63B,.625
dr,1.06,B21,B21B,.625
dr,1.06,F24,F24H,.625
km,1.06,A63,A63H,.625
uy,1.04,G07,G07D,.625
ui,1.03,B61,B61L,.625
sd,3.02,G08,G08G,.625
qj,2.05,D21,D21F,.625
uk,1.03,B62,B62M,.625
cq,1.06,F41,F41A,.625
ei,1.04,B63,B63C,.625
ba,3.02,B09,B09B,.625
bi,6.01,H01,H01G,.625
hb,5.03,H01,H01R,.625
ig,2.06,F23,F23C,.625
yg,6.04,G01,G01J,.625
yr,2.01,B22,B22C,.625
wc,3.03,A47,A47B,.625
oi,3.02,D21,D21H,.625
xe,4.01,B41,B41M,.625
ev,1.02,B26,B26D,.625
wu,5.04,F25,F25B,.625
ha,5.03,B29,B29D,.625
pj,2.05,C25,C25B,.625
ky,1.05,A01,A01G,.625
cu,1.06,B05,B05C,.625
oi,3.02,A61,A61D,.625
pc,5.02,F21,F21K,.625
pj,2.05,G05,G05F,.625
wu,5.04,F16,F16L,.625
zm,1.06,B09,B09B,.625
iy,1.06,H04,H04J,.625
ru,3.01,A47,A47K,.625
wc,3.03,F02,F02M,.625
ne,3.03,B23,B23Q,.625
jb,5.07,G10,G10L,.625
sr,2.07,F04,F04B,.625
ev,1.02,A62,A62C,.625
dq,9,C08,C08C,.625
ee,1.04,H01,H01H,.625
pq,1.01,H02,H02H,.625
up,1.03,A63,A63B,.625
aq,3.02,C08,C08K,.625
ku,5.07,G01,G01K,.625
hl,3.03,B01,B01F,.625
pc,5.02,F42,F42B,.625
nn,3.03,H01,H01B,.625
ja,1.05,C09,C09F,.625
en,9,H04,H04M,.625
xy,1.01,B26,B26D,.625
aa,1.03,C09,C09B,.625
ew,1.02,F04,F04C,.625
es,2.02,A01,A01C,.625
ry,2.03,H01,H01H,.625
eu,2.02,A61,A61G,.625
ai,2.03,F02,F02P,.625
vm,5.06,A61,A61M,.625
mw,5.09,H01,H01R,.625
ni,3.01,B41,B41M,.625
oz,6.02,C10,C10B,.625
gc,1.05,A24,A24D,.625
fs,6.04,F01,F01N,.625
wf,1.06,H04,H04B,.625
ig,2.06,A01,A01J,.625
ja,1.05,F01,F01L,.625
js,6.04,A47,A47F,.625
mq,6.01,H01,H01H,.625
ec,1.04,F16,F16L,.625
pm,2.05,D01,D01H,.625
ds,3.02,H01,H01G,.625
le,1.05,G04,G04G,.625
qh,2.05,E02,E02D,.625
if,2.11,F42,F42C,.625
if,2.11,B62,B62M,.625
uh,1.03,A01,A01M,.625
pe,5.02,B26,B26B,.625
qf,9,B41,B41N,.625
re,1.05,A24,A24D,.625
ub,1.03,B62,B62M,.625
ha,5.03,H04,H04S,.625
pn,1.01,B22,B22F,.625
es,2.02,E04,E04D,.625
yi,6.03,G07,G07C,.625
cn,5.01,F16,F16H,.625
om,5.05,H01,H01S,.625
om,5.05,B60,B60L,.625
rp,6.04,G07,G07C,.625
ox,6.02,H01,H01Q,.625
pd,6.02,C09,C09K,.625
fa,2.01,H03,H03G,.625
im,2.01,A62,A62B,.625
xq,2.11,B29,B29B,.625
xa,5.04,E05,E05B,.625
eu,2.02,B23,B23B,.625
tq,3.02,G03,G03H,.625
rt,3.02,B26,B26D,.625
un,1.03,F02,F02B,.625
ig,2.06,A23,A23D,.625
qf,9,G10,G10D,.625
dw,1.04,A63,A63H,.625
hl,3.03,G09,G09F,.625
mu,4.01,C08,C08J,.625
uy,1.04,G05,G05G,.625
nq,5.01,H01,H01R,.625
mw,5.09,G09,G09B,.625
or,5.09,C12,C12Y,.625
hq,1.04,F24,F24H,.625
co,1.06,E04,E04B,.625
pu,2.03,C07,C07B,.625
cn,5.01,B62,B62D,.625
yq,5.07,E02,E02F,.625
kv,1.05,B29,B29C,.625
qg,2.05,B07,B07C,.625
ur,1.01,F22,F22B,.625
ds,3.02,H05,H05K,.625
dr,1.06,B06,B06B,.625
jb,5.07,B21,B21B,.625
qg,2.05,A45,A45D,.625
bm,5.07,H04,H04J,.625
pn,1.01,A45,A45D,.625
om,5.05,C22,C22B,.625
rt,3.02,G01,G01F,.625
wm,5.04,G09,G09F,.625
di,5.02,C09,C09K,.625
uf,1.03,B60,B60C,.625
zc,4.03,E04,E04F,.625
if,2.11,A47,A47F,.625
wu,5.04,H02,H02G,.625
dq,9,A23,A23J,.625
uy,1.04,F23,F23C,.625
dy,1.04,F42,F42D,.625
zr,1.05,C12,C12G,.625
za,3.02,B65,B65H,.625
rt,3.02,F17,F17D,.625
qg,2.05,A63,A63H,.625
af,4.05,H04,H04M,.625
wu,5.04,B23,B23Q,.625
ij,2.11,D02,D02G,.625
zm,1.06,B60,B60C,.625
pe,5.02,F42,F42B,.625
ew,1.02,A01,A01F,.625
pz,2.05,C01,C01C,.625
co,1.06,C09,C09G,.625
uk,1.03,A01,A01J,.625
zd,9,B22,B22D,.625
ff,3.02,A21,A21D,.625
ya,3.02,A62,A62B,.625
jb,5.07,C25,C25D,.625
ry,2.03,F24,F24D,.625
oy,9,C11,C11D,.625
es,2.02,A47,A47J,.6250000037252903
mc,1.06,B60,B60L,.6250000074505806
hq,1.04,D06,D06P,.6250000074505806
uy,1.04,A45,A45C,.6250000074505806
uq,5.07,A01,A01N,.6250000074505806
rt,3.02,D21,D21H,.6250000074505806
ac,2.02,F16,F16M,.6250000074505806
pt,3.03,B60,B60L,.6250000074505806
zq,2.07,F01,F01D,.6250000074505806
cl,9,G05,G05D,.6250000111758709
ve,3.02,H03,H03G,.6250000111758709
ad,4.02,G01,G01G,.6250000111758709
ei,1.04,G07,G07F,.6250000111758709
ox,6.02,F21,F21V,.6250000149011612
pe,5.02,B05,B05D,.6250000149011612
id,2.07,F01,F01P,.6250000149011612
pu,2.03,F01,F01P,.6250000149011612
ue,2.11,B44,B44D,.6250000149011612
sy,1.03,B60,B60M,.6250000149011612
ih,2.07,C07,C07B,.6250000186264515
ba,3.02,C12,C12Y,.6252007493749261
yy,5.07,B01,B01J,.6252917964011431
tu,3.01,A01,A01C,.6256410274654627
hf,6.03,H04,H04Q,.6257721483707428
hf,6.03,C08,C08G,.6258563101291656
qf,9,D02,D02G,.6261904868297279
cu,1.06,H03,H03H,.6262906235642731
yy,5.07,G01,G01R,.6264775451272726
ga,3.02,H04,H04J,.6265700501389802
ro,1.07,F23,F23N,.6266025826334953
cq,1.06,H01,H01C,.6270053498446941
jy,4.05,B27,B27N,.6272401437163353
ev,1.02,C09,C09J,.6273529410827905
cu,1.06,B30,B30B,.6275132317095995
um,3.01,A43,A43B,.6275335811078548
yr,2.01,E02,E02F,.6276709567755461
zk,9,A61,A61M,.6277777869254351
hb,5.03,C07,C07H,.6278306809253991
er,1.02,G01,G01W,.6278950404375792
ct,9,C08,C08H,.6280602645128965
hl,3.03,C25,C25D,.628157333470881
dy,1.04,F23,F23N,.6282051503658295
qa,3.01,C10,C10L,.628263549413532
xw,3.03,C12,C12P,.6285648739431053
le,1.05,D06,D06M,.6287037217989564
bq,6.05,H04,H04K,.6287878900766373
ja,1.05,C12,C12G,.6287878900766373
dt,2.03,C23,C23F,.6287878900766373
ht,1.06,A61,A61F,.6289163613691926
rp,6.04,C08,C08B,.6289682611823082
qk,6.01,H04,H04B,.6289772801101208
tc,3.02,G10,G10D,.6290322560817003
ns,2.01,G10,G10D,.6291666701436043
ig,2.06,A22,A22B,.6296296305954456
ex,1.02,C09,C09C,.6297619249671698
hl,3.03,C07,C07F,.6298696207813919
fy,3.02,A62,A62D,.6299790367484093
vm,5.06,C12,C12Q,.6300691748037934
po,1.01,G01,G01H,.6301587428897619
ae,4.05,G01,G01S,.6302521042525768
yr,2.01,G01,G01F,.6303418874740601
db,2.08,G07,G07B,.6304528843611479
um,3.01,H05,H05K,.630482466891408
ig,2.06,A23,A23K,.6305318153463304
cu,1.06,G03,G03C,.6305555556900799
sr,2.07,F16,F16L,.6305555589497089
cq,1.06,F16,F16P,.6306306337937713
es,2.02,G21,G21K,.6308848247863352
yr,2.01,C22,C22C,.6309523843228817
qh,2.05,E01,E01D,.6309523843228817
rb,2.02,B23,B23C,.6309523843228817
di,5.02,H01,H01Q,.6309523917734623
ih,2.07,F23,F23M,.6309523917734623
et,1.02,B24,B24D,.6311111114919186
dr,1.06,C13,C13K,.6311111114919186
pi,1.06,C05,C05G,.6312500014901161
rq,1.06,C02,C02F,.6313240816816688
wu,5.04,F16,F16K,.631547637283802
cq,1.06,E03,E03B,.6316395681351423
ry,2.03,C10,C10M,.6316666780039668
zm,1.06,H01,H01Q,.6317540425807238
cq,1.06,B66,B66C,.6317567599471658
km,1.06,B81,B81C,.6317640878260136
dr,1.06,A45,A45D,.6318027367815375
qf,9,B28,B28B,.6319047715514898
ql,9,A61,A61K,.6319440598599613
tm,3.01,C09,C09B,.6320248553529382
rb,2.02,F03,F03B,.6321428604424
db,2.08,H03,H03L,.6322115398943424
km,1.06,H03,H03L,.6322115398943424
ne,3.03,D21,D21H,.6322580650448799
zk,9,A23,A23L,.6324565606191754
gc,1.05,H01,H01B,.6325536090880632
iu,2.03,C25,C25C,.6325757689774036
co,1.06,B03,B03B,.6326121874153614
cu,1.06,B41,B41J,.632738096639514
im,2.01,B24,B24B,.6328502427786589
kv,1.05,G01,G01M,.6328502427786589
iu,2.03,H05,H05G,.6330284671857953
ht,1.06,C12,C12R,.6332134893164039
eo,6.02,H04,H04B,.6332784816622734
da,1.06,B60,B60G,.6333333402872086
ff,3.02,C09,C09K,.6333333402872086
ya,3.02,F28,F28D,.6333333402872086
oz,6.02,B60,B60G,.6333333402872086
ee,1.04,A45,A45C,.6333333402872086
er,1.02,F02,F02N,.6333333402872086
dr,1.06,B60,B60G,.6333333402872086
or,5.09,G10,G10L,.6333333440124989
ex,1.02,B21,B21B,.6333333440124989
wv,3.03,C06,C06B,.6333333440124989
ql,9,A61,A61B,.6333333440124989
ik,2.11,B66,B66C,.6333333440124989
ja,1.05,A62,A62C,.6333333440124989
hf,6.03,C06,C06B,.6333333440124989
wv,3.03,G03,G03G,.6333333477377892
ac,2.02,G21,G21D,.6333333514630795
ea,1.04,B06,B06B,.6333333514630795
le,1.05,E03,E03B,.6333333551883698
ik,2.11,B01,B01F,.6334277605637908
zq,2.07,C10,C10M,.6336114138830453
uf,1.03,B65,B65D,.634099616901949
uk,1.03,G06,G06E,.6341642304323614
zd,9,C12,C12R,.6342857228592038
hq,1.04,G03,G03B,.6343950275331736
po,1.01,C30,C30B,.6344116372056305
wc,3.03,A23,A23L,.6345326849259436
if,2.11,F15,F15D,.6345522936899215
cq,1.06,B02,B02B,.6347222253680229
pt,3.03,C12,C12P,.6347961050923914
ye,2.02,A45,A45D,.6349206361919641
cl,9,G01,G01K,.635119067505002
eq,3.01,C23,C23C,.6352040814235806
uh,1.03,B24,B24B,.635515883564949
sy,1.03,B64,B64F,.6357142888009548
vm,5.06,G02,G02F,.6357142999768257
ec,1.04,H04,H04B,.6357370708137751
nu,5.08,G10,G10K,.6357466094195843
qu,1.06,H01,H01F,.6358543452806771
ua,6.03,G01,G01J,.635964922606945
ox,6.02,A63,A63F,.636111119762063
rt,3.02,B64,B64D,.6361111234873533
zr,1.05,B03,B03C,.63630052190274
id,2.07,B01,B01B,.6363636404275894
dq,9,A23,A23C,.6364593408070505
ub,1.03,A24,A24F,.6365268789231777
dt,2.03,G05,G05F,.6366120716556907
pi,1.06,H04,H04J,.6366938725113869
ec,1.04,A61,A61C,.6367405608762056
iu,2.03,G21,G21K,.6370348003692925
uq,5.07,G02,G02F,.6370370388031006
uu,5.06,B82,B82Y,.6372053921222687
ay,3.01,C07,C07H,.6373440504539758
dt,2.03,B81,B81C,.637371264398098
ru,3.01,C05,C05C,.6375000001862645
da,1.06,H01,H01P,.6375421043485403
oa,2.11,B44,B44C,.6376190669834614
zr,1.05,B23,B23K,.6376518253237009
ea,1.04,A01,A01M,.6376573629677296
dm,3.02,B41,B41M,.6376582281664014
mu,4.01,A23,A23F,.6380952447652817
tm,3.01,C09,C09D,.6381944557651877
pn,1.01,F01,F01D,.6383333336561918
er,1.02,C07,C07K,.6383875308092684
ht,1.06,B01,B01J,.6384479103144258
dm,3.02,C25,C25B,.6385267213918269
op,3.03,C11,C11B,.6385416886769235
op,3.03,C07,C07F,.6388404793106019
aa,1.03,B23,B23D,.6388888899236917
dy,1.04,D06,D06Q,.6388888917863369
vx,5.01,H04,H04Q,.6388888917863369
re,1.05,G11,G11C,.6388888917863369
vi,5.01,H01,H01J,.6388888917863369
oa,2.11,F01,F01C,.6388888955116272
zr,1.05,B24,B24B,.6388888992369175
ou,1.06,E02,E02D,.6388889029622078
zq,2.07,F26,F26B,.6388889029622078
dw,1.04,D06,D06B,.6388889029622078
vy,3.02,F21,F21V,.6388889066874981
hl,3.03,A01,A01K,.6392592592164874
hb,5.03,G06,G06K,.639285730663687
wc,3.03,C12,C12P,.639364458154887
ya,3.02,F25,F25B,.6394686894491315
pq,1.01,G06,G06E,.6395161282271147
ec,1.04,D01,D01D,.639740158803761
ml,9,A63,A63B,.639880963601172
km,1.06,A23,A23B,.6400162521749735
ju,4.01,A63,A63F,.6401515305042267
li,3.02,A21,A21D,.6405075201764703
ea,1.04,G01,G01W,.6405228907242417
dk,5.02,A01,A01N,.6407505664974451
cl,9,A63,A63B,.6407867539674044
qu,1.06,A61,A61D,.6409420408308506
ro,1.07,A24,A24F,.6410256624221802
db,2.08,B26,B26D,.6411290317773819
wc,3.03,B60,B60W,.6414141431450844
pa,6.02,C11,C11B,.6415796712972224
am,4.01,G08,G08B,.6416666712611914
ex,1.02,B66,B66F,.6416666731238365
uq,5.07,A61,A61G,.6416666731238365
hl,3.03,G01,G01G,.6416666805744171
ih,2.07,H04,H04Q,.6416666842997074
cn,5.01,G07,G07F,.6419719262048602
qj,2.05,A01,A01H,.6420431439764798
zq,2.07,B24,B24B,.6420758576132357
td,3.02,H04,H04B,.6421052739024162
hq,1.04,F15,F15B,.6421356536448002
um,3.01,B04,B04B,.6421521371230483
if,2.11,H01,H01C,.6421568728983402
kv,1.05,C04,C04B,.6422051074914634
ep,1.02,F21,F21K,.6423611119389534
yp,3.02,H01,H01Q,.6423992859199643
ox,6.02,C08,C08L,.6426282115280628
ii,2.04,G05,G05F,.6427620826289058
pm,2.05,F28,F28G,.6428571492433548
ff,3.02,H04,H04B,.6428571492433548
ja,1.05,G10,G10H,.6428571492433548
le,1.05,H02,H02J,.6428571492433548
ni,3.01,A01,A01M,.6428571492433548
yi,6.03,F16,F16L,.6428571492433548
bk,6.04,A61,A61H,.6428571492433548
fy,3.02,B65,B65B,.6428571492433548
nq,5.01,E04,E04H,.6428571492433548
fi,1.04,B60,B60R,.6428571492433548
ec,1.04,B22,B22C,.6428571492433548
qj,2.05,H01,H01Q,.6428571492433548
bk,6.04,F41,F41A,.6428571492433548
aq,3.02,A01,A01M,.6428571492433548
bk,6.04,B41,B41F,.6428571492433548
pn,1.01,B61,B61K,.6428571492433548
wm,5.04,B44,B44C,.6428571492433548
pg,6.02,B01,B01D,.6428571492433548
wh,3.02,H04,H04R,.6428571492433548
ut,6.02,G02,G02F,.6428571492433548
mu,4.01,G09,G09G,.6428571492433548
qg,2.05,F02,F02K,.6428571492433548
bk,6.04,H03,H03B,.6428571492433548
ix,2.07,E21,E21F,.6428571604192257
bp,6.04,F01,F01L,.642857164144516
cq,1.06,E04,E04H,.642857164144516
ui,1.03,F03,F03B,.642857164144516
hl,3.03,H02,H02J,.6435897648334503
su,3.02,A23,A23G,.6437500095926225
qg,2.05,F24,F24C,.6439393982291222
zd,9,B41,B41J,.6439394056797028
uk,1.03,G07,G07C,.6439951080828905
ue,2.11,B60,B60L,.6441086735576391
ni,3.01,A23,A23B,.6441219756379724
oy,9,H04,H04H,.6442307699471712
db,2.08,G01,G01M,.6444444470107555
zr,1.05,B28,B28B,.6444444581866264
ig,2.06,F03,F03D,.6444444581866264
pz,2.05,B65,B65B,.6444444581866264
ry,2.03,D21,D21C,.6444444581866264
ea,1.04,B60,B60T,.6444444619119167
qu,1.06,G05,G05D,.6445221640169621
qf,9,G08,G08B,.6451048981398344
pk,2.05,F04,F04D,.6454081777483225
ei,1.04,G09,G09B,.6455016271211207
te,1.05,A01,A01H,.6455465611070395
ei,1.04,C05,C05F,.6456977808848023
zm,1.06,B29,B29D,.645833333954215
ip,2.07,A62,A62C,.6458333358168602
ex,1.02,A63,A63C,.6458333358168602
io,2.07,G01,G01L,.6458333358168602
vm,5.06,H03,H03F,.6458333358168602
ya,3.02,G03,G03B,.6458333432674408
ro,1.07,F22,F22B,.6458333432674408
ei,1.04,D06,D06N,.6458333432674408
pi,1.06,G06,G06N,.6458333451300859
dk,5.02,C10,C10L,.6458695651963353
yo,3.01,C40,C40B,.6460458959918469
xw,3.03,C07,C07F,.6461523892357945
fs,6.04,C02,C02F,.6464646495878696
sr,2.07,B01,B01J,.6466140870470554
dq,9,D01,D01F,.6469320636242628
dk,5.02,G10,G10L,.6470904122106731
er,1.02,A41,A41D,.647142868489027
pw,2.06,A61,A61H,.6471978658810258
ku,5.07,C07,C07F,.6472222283482552
zq,2.07,C07,C07K,.6474673278280534
ex,1.02,C09,C09J,.6475757621228695
fu,5.04,C07,C07C,.6476190686225891
hf,6.03,H01,H01R,.6477272734045982
sy,1.03,A41,A41D,.6479885168373585
id,2.07,B60,B60Q,.6481481492519379
po,1.01,C04,C04B,.6481920732185245
si,1.05,C12,C12R,.6482448745518923
da,1.06,H01,H01F,.6483490476384759
sy,1.03,A01,A01C,.6483974400907755
eq,3.01,H02,H02J,.6488095242530107
re,1.05,C09,C09J,.6489899167791009
mu,4.01,C12,C12C,.6491264246869832
ya,3.02,B60,B60N,.6491342019289732
dm,3.02,H05,H05G,.6493902429938316
or,5.09,C12,C12N,.6494289794936776
im,2.01,A01,A01K,.6494874469935894
jb,5.07,B24,B24B,.6495370380580425
li,3.02,C12,C12R,.6496913582086563
ev,1.02,A47,A47L,.649805661290884
wu,5.04,A01,A01K,.650000000372529
ix,2.07,A61,A61L,.650000000372529
sa,3.03,C23,C23F,.6500000022351742
cl,9,C02,C02F,.6500000022351742
ry,2.03,C09,C09C,.6500000059604645
tc,3.02,H02,H02J,.6500000059604645
kv,1.05,C11,C11D,.6500000059604645
mm,6.01,A47,A47C,.6500000059604645
rt,3.02,F28,F28D,.6500000059604645
sa,3.03,H05,H05K,.6500000059604645
pu,2.03,B09,B09B,.6500000059604645
ac,2.02,F27,F27B,.6500000134110451
ik,2.11,B65,B65H,.6500000134110451
qj,2.05,C22,C22B,.6500000134110451
ix,2.07,G01,G01S,.6501397881656885
qg,2.05,C11,C11C,.6506410259753466
wu,5.04,A61,A61J,.6507936529815197
si,1.05,G03,G03F,.6511111110448837
ub,1.03,A21,A21D,.6513157896697521
po,1.01,A01,A01G,.6515151560306549
ur,1.01,B41,B41J,.6515151634812355
xa,5.04,C12,C12P,.6516732140444219
de,1.06,D21,D21C,.6518237078562379
pj,2.05,H01,H01G,.6519716558977962
iy,1.06,A62,A62D,.6522401440888643
sr,2.07,C09,C09D,.6522883754223585
re,1.05,F02,F02M,.6527777798473835
zq,2.07,F04,F04B,.6527777798473835
ns,2.01,B22,B22C,.6527777798473835
gm,3.03,C08,C08G,.6527777803130448
vj,5.01,G07,G07D,.6527777910232544
im,2.01,F28,F28D,.6527777910232544
ev,1.02,F03,F03G,.6528030317276716
ro,1.07,C08,C08C,.6529761990532279
ou,1.06,C12,C12R,.6531348302960396
jb,5.07,B01,B01J,.6531746089458466
gy,5.02,A61,A61J,.6534090936183929
wc,3.03,G01,G01D,.6534954467788339
oa,2.11,B22,B22C,.6537037063390017
rb,2.02,B01,B01D,.6540194211993366
zq,2.07,D21,D21C,.6545138992369175
io,2.07,B64,B64D,.6547619104385376
wu,5.04,A23,A23G,.6547619104385376
oi,3.02,G10,G10H,.6547619104385376
im,2.01,H03,H03L,.6547619178891182
en,9,G03,G03F,.6547619178891182
jw,6.02,G07,G07C,.6547619178891182
ju,4.01,C05,C05F,.6547619178891182
iu,2.03,B42,B42D,.6547619178891182
jm,5.04,A01,A01H,.6547619327902794
ga,3.02,C01,C01B,.655128225684166
ye,2.02,A45,A45F,.655303031206131
pc,5.02,H03,H03G,.6555555611848831
im,2.01,F23,F23G,.6555555649101734
ec,1.04,D04,D04H,.6555555686354637
im,2.01,D21,D21H,.655555572360754
hq,1.04,G03,G03C,.6555962665006518
qq,1.05,A01,A01M,.6559081897139549
mu,4.01,A23,A23C,.6560606136918068
dx,3.01,C05,C05G,.6562257315963507
im,2.01,A63,A63G,.6562409996986389
zr,1.05,A63,A63G,.6562409996986389
sy,1.03,B44,B44B,.65625
uh,1.03,C11,C11C,.65625
ru,3.01,C21,C21D,.6562500149011612
ns,2.01,G03,G03C,.6565384801942855
ev,1.02,E02,E02D,.6565656587481499
my,5.01,A61,A61F,.6566719058901072
js,6.04,A47,A47L,.6571369096636772
da,1.06,D06,D06M,.6573188155889511
nq,5.01,A01,A01N,.6574074095115066
ep,1.02,C07,C07F,.6574760829098523
id,2.07,F21,F21K,.6577381193637848
vi,5.01,H01,H01S,.6577825220301747
yp,3.02,B32,B32B,.6577992318198085
ih,2.07,D01,D01D,.6580246947705746
rq,1.06,C12,C12C,.6580705351661891
sr,2.07,G08,G08C,.6581349316984415
hb,5.03,A61,A61C,.658199654892087
hb,5.03,B29,B29D,.6583333336748183
sd,3.02,B29,B29C,.6583333341404796
qh,2.05,G09,G09B,.6583333425223827
zr,1.05,H01,H01F,.658333346247673
ij,2.11,A43,A43D,.658333346247673
gy,5.02,G07,G07B,.6584526691585779
ds,3.02,G10,G10L,.6586309615522623
qq,1.05,C01,C01G,.6586386822164059
yr,2.01,G05,G05F,.6589743662625551
am,4.01,C13,C13K,.659065505489707
hq,1.04,G01,G01H,.6591097167693079
hl,3.03,B01,B01L,.659226194024086
ei,1.04,A63,A63H,.6597222369164228
am,4.01,C09,C09B,.6597619093954563
ei,1.04,B44,B44C,.6597946682013571
pn,1.01,B66,B66C,.6598385535180569
pe,5.02,C12,C12Q,.6599915663246065
pn,1.01,A01,A01K,.6600152663886547
ue,2.11,B03,B03C,.6600877195596695
ry,2.03,B65,B65D,.660149815492332
jw,6.02,G06,G06T,.6602564230561256
bf,5.04,C07,C07H,.6604147562757134
pm,2.05,H03,H03J,.6604617787525058
fa,2.01,G01,G01T,.6606280198320746
eo,6.02,C07,C07K,.6607043594121933
un,1.03,F02,F02M,.6607142873108387
io,2.07,G01,G01F,.660714291036129
ei,1.04,F03,F03B,.6607142984867096
dq,9,B65,B65B,.6607851271983236
km,1.06,G07,G07C,.6609848588705063
co,1.06,B02,B02C,.6611111126840115
pt,3.03,F04,F04B,.6611111126840115
im,2.01,B04,B04B,.6611111219972372
hq,1.04,B60,B60T,.6611111275851727
nm,5.02,C22,C22B,.6619047746062279
vi,5.01,G01,G01P,.661904776468873
pu,2.03,H04,H04J,.6619047801941633
qg,2.05,C07,C07B,.6623123143799603
ot,6.02,A23,A23G,.6625000014901161
wm,5.04,A21,A21D,.6625000014901161
qj,2.05,A21,A21D,.6625860836356878
ye,2.02,C23,C23F,.6626984160393476
ih,2.07,H01,H01F,.6627492923289537
ii,2.04,B01,B01B,.662878792732954
uf,1.03,B25,B25J,.6629818379878998
ue,2.11,G09,G09C,.6630952507257462
db,2.08,F23,F23C,.663194453343749
tc,3.02,A43,A43D,.6636904962360859
ct,9,B01,B01J,.6637362707406282
ht,1.06,C08,C08L,.6637989208102226
mc,1.06,G05,G05F,.6641269898973405
ij,2.11,F02,F02C,.6641550296917558
yy,5.07,A63,A63F,.6642857231199741
gu,1.06,A61,A61N,.6642915024422109
qe,2.09,F16,F16L,.664351861923933
aa,1.03,H01,H01B,.6645061764866114
hi,5.01,C08,C08J,.6645962800830603
hl,3.03,H05,H05H,.6646825410425663
xe,4.01,C01,C01G,.6649068417027593
uk,1.03,F17,F17D,.6650793813169003
nq,5.01,A41,A41D,.6653297794982791
dy,1.04,B04,B04B,.6659550997428596
xw,3.03,B01,B01J,.6659608380869031
zr,1.05,C11,C11B,.6660311408340931
ns,2.01,B03,B03B,.6660943399183452
sr,2.07,C23,C23C,.6663299761712551
rt,3.02,H03,H03G,.6666666679084301
bp,6.04,F01,F01D,.6666666679084301
es,2.02,B23,B23P,.6666666679084301
dx,3.01,C22,C22B,.6666666679084301
qj,2.05,C01,C01G,.6666666679084301
dt,2.03,B63,B63B,.6666666716337204
fa,2.01,G03,G03G,.6666666716337204
mq,6.01,C01,C01B,.6666666716337204
db,2.08,B23,B23Q,.6666666716337204
pe,5.02,B64,B64F,.6666666716337204
ev,1.02,A23,A23B,.6666666716337204
bk,6.04,F41,F41H,.6666666716337204
dm,3.02,B24,B24D,.6666666716337204
ec,1.04,C22,C22F,.6666666716337204
bm,5.07,F01,F01D,.6666666716337204
ub,1.03,F01,F01P,.6666666716337204
bd,1.06,B60,B60R,.6666666716337204
ev,1.02,B60,B60P,.6666666716337204
tq,3.02,F15,F15B,.6666666716337204
dw,1.04,F27,F27D,.6666666716337204
ev,1.02,A47,A47F,.6666666716337204
ki,3.02,H02,H02M,.6666666716337204
za,3.02,F15,F15B,.6666666716337204
ua,6.03,E04,E04H,.6666666716337204
ia,3.02,G01,G01F,.6666666716337204
km,1.06,F01,F01N,.6666666716337204
ji,5.01,G10,G10K,.6666666716337204
tq,3.02,C22,C22C,.6666666716337204
et,1.02,C06,C06B,.6666666716337204
et,1.02,A23,A23P,.6666666716337204
pw,2.06,C22,C22C,.6666666716337204
pi,1.06,D04,D04H,.6666666716337204
hl,3.03,C08,C08F,.6666666716337204
bp,6.04,F22,F22B,.6666666716337204
ga,3.02,F16,F16F,.6666666716337204
ka,4.01,G01,G01M,.6666666716337204
zc,4.03,H01,H01H,.6666666716337204
cq,1.06,G06,G06E,.6666666716337204
bm,5.07,F16,F16H,.6666666716337204
mr,6.01,G01,G01T,.6666666716337204
zr,1.05,H01,H01R,.6666666716337204
lq,3.03,H03,H03H,.6666666716337204
ah,4.01,G01,G01P,.6666666716337204
ep,1.02,A62,A62B,.6666666716337204
pi,1.06,G01,G01R,.6666666716337204
ye,2.02,A21,A21B,.6666666716337204
ju,4.01,C08,C08G,.6666666716337204
pz,2.05,B07,B07C,.6666666716337204
di,5.02,G03,G03B,.6666666716337204
ha,5.03,B66,B66D,.6666666716337204
dw,1.04,E02,E02D,.6666666716337204
my,5.01,B64,B64C,.6666666716337204
jw,6.02,G01,G01S,.6666666716337204
id,2.07,E05,E05B,.6666666716337204
dx,3.01,B62,B62K,.6666666716337204
ii,2.04,E01,E01F,.6666666716337204
zk,9,G01,G01F,.6666666716337204
ua,6.03,F02,F02D,.6666666716337204
gu,1.06,C05,C05B,.6666666716337204
ip,2.07,E04,E04B,.6666666716337204
ro,1.07,B62,B62M,.6666666716337204
dt,2.03,B61,B61L,.6666666716337204
aa,1.03,G04,G04G,.6666666716337204
ka,4.01,A24,A24B,.6666666716337204
ip,2.07,C21,C21D,.6666666716337204
qa,3.01,F01,F01K,.6666666716337204
db,2.08,E02,E02D,.6666666716337204
di,5.02,B23,B23Q,.6666666716337204
zd,9,B62,B62D,.6666666716337204
ex,1.02,F16,F16M,.6666666716337204
oy,9,C30,C30B,.6666666716337204
uu,5.06,A23,A23D,.6666666716337204
pc,5.02,F03,F03D,.6666666716337204
we,3.02,B32,B32B,.6666666716337204
hi,5.01,B64,B64C,.6666666716337204
nn,3.03,F24,F24C,.6666666716337204
ex,1.02,A22,A22C,.6666666716337204
rt,3.02,B24,B24D,.6666666716337204
zr,1.05,B65,B65H,.6666666716337204
si,1.05,F24,F24F,.6666666716337204
yq,5.07,G11,G11B,.6666666716337204
km,1.06,F01,F01L,.6666666716337204
hb,5.03,B64,B64C,.6666666716337204
gm,3.03,B41,B41F,.6666666716337204
jb,5.07,D21,D21H,.6666666716337204
am,4.01,B24,B24B,.6666666716337204
ga,3.02,C01,C01G,.6666666716337204
ot,6.02,F16,F16G,.6666666716337204
vx,5.01,F24,F24F,.6666666716337204
sd,3.02,F02,F02M,.6666666716337204
ij,2.11,D04,D04B,.6666666716337204
zm,1.06,B60,B60W,.6666666716337204
bk,6.04,B60,B60K,.6666666716337204
dt,2.03,A47,A47B,.6666666716337204
ki,3.02,A47,A47L,.6666666716337204
qc,6.02,A63,A63B,.6666666716337204
ua,6.03,D06,D06P,.6666666716337204
qq,1.05,G04,G04G,.6666666716337204
cl,9,B64,B64C,.6666666716337204
ja,1.05,H03,H03F,.6666666716337204
gu,1.06,A47,A47B,.6666666716337204
oa,2.11,A01,A01F,.6666666716337204
ne,3.03,G10,G10G,.6666666716337204
ij,2.11,F24,F24H,.6666666716337204
qh,2.05,A61,A61Q,.6666666716337204
pa,6.02,C01,C01D,.6666666716337204
km,1.06,B65,B65H,.6666666716337204
hf,6.03,F02,F02D,.6666666716337204
tu,3.01,C22,C22F,.6666666716337204
oe,5.06,B30,B30B,.6666666716337204
ya,3.02,B60,B60H,.6666666716337204
ye,2.02,F24,F24H,.6666666716337204
oz,6.02,C01,C01D,.6666666716337204
ml,9,A47,A47F,.6666666716337204
pi,1.06,G11,G11C,.6666666716337204
oy,9,H01,H01G,.6666666716337204
nm,5.02,C02,C02F,.6666666716337204
ka,4.01,C05,C05D,.6666666716337204
ql,9,G08,G08G,.6666666716337204
wm,5.04,B60,B60L,.6666666716337204
vy,3.02,B21,B21D,.6666666716337204
iq,2.02,A41,A41G,.6666666716337204
hy,1.06,H04,H04M,.6666666716337204
ik,2.11,F42,F42B,.6666666716337204
gy,5.02,B60,B60T,.6666666716337204
eq,3.01,F24,F24F,.6666666716337204
cq,1.06,B41,B41F,.6666666716337204
db,2.08,C23,C23G,.6666666716337204
bm,5.07,F23,F23D,.6666666716337204
xa,5.04,B64,B64D,.6666666716337204
uu,5.06,B60,B60L,.6666666716337204
ik,2.11,F23,F23C,.6666666716337204
wq,5.01,G08,G08B,.6666666716337204
ub,1.03,F02,F02N,.6666666716337204
co,1.06,B21,B21D,.6666666716337204
hq,1.04,F23,F23R,.6666666716337204
ij,2.11,A43,A43B,.6666666716337204
am,4.01,B22,B22F,.6666666716337204
dr,1.06,E04,E04H,.6666666716337204
pe,5.02,E04,E04B,.6666666716337204
ot,6.02,H01,H01G,.6666666716337204
pm,2.05,B65,B65C,.6666666716337204
gc,1.05,G21,G21F,.6666666716337204
es,2.02,B30,B30B,.6666666716337204
xe,4.01,A63,A63F,.6666666716337204
zr,1.05,C01,C01C,.6666666716337204
nu,5.08,A23,A23P,.6666666716337204
jb,5.07,G02,G02F,.6666666716337204
wh,3.02,B24,B24B,.6666666716337204
dq,9,B61,B61L,.6666666716337204
ot,6.02,C22,C22B,.6666666716337204
li,3.02,B29,B29D,.6666666716337204
oy,9,F16,F16G,.6666666716337204
rt,3.02,F24,F24D,.6666666716337204
et,1.02,B64,B64F,.6666666716337204
qq,1.05,E02,E02B,.6666666716337204
qu,1.06,C25,C25F,.6666666716337204
ot,6.02,C30,C30B,.6666666716337204
dm,3.02,D21,D21F,.6666666716337204
ui,1.03,B43,B43L,.6666666716337204
ve,3.02,F24,F24F,.6666666716337204
po,1.01,B07,B07C,.6666666716337204
bu,1.03,G04,G04G,.6666666716337204
sy,1.03,B21,B21C,.6666666716337204
qc,6.02,C12,C12R,.6666666716337204
ik,2.11,B30,B30B,.6666666716337204
xw,3.03,A47,A47G,.6666666716337204
pc,5.02,G01,G01K,.6666666716337204
ye,2.02,F23,F23K,.6666666716337204
fa,2.01,B08,B08B,.6666666716337204
uq,5.07,H05,H05K,.6666666716337204
um,3.01,B81,B81C,.6666666716337204
cq,1.06,B64,B64F,.6666666716337204
xw,3.03,B60,B60N,.6666666716337204
es,2.02,E04,E04H,.6666666716337204
ot,6.02,A23,A23B,.6666666716337204
dy,1.04,F41,F41B,.6666666716337204
bp,6.04,G21,G21C,.6666666716337204
vy,3.02,A23,A23G,.6666666716337204
ni,3.01,F24,F24C,.6666666716337204
ub,1.03,E01,E01H,.6666666716337204
vj,5.01,G01,G01B,.6666666716337204
pu,2.03,C09,C09G,.6666666716337204
zr,1.05,B64,B64D,.6666666716337204
nu,5.08,B30,B30B,.6666666716337204
ee,1.04,B43,B43K,.6666666716337204
ev,1.02,G09,G09F,.6666666716337204
ry,2.03,G10,G10K,.6666666716337204
ij,2.11,B42,B42F,.6666666716337204
bq,6.05,F25,F25D,.6666666716337204
qh,2.05,G21,G21F,.6666666716337204
he,5.03,H04,H04Q,.6666666716337204
bp,6.04,F04,F04B,.6666666716337204
zr,1.05,A23,A23J,.6666666716337204
ip,2.07,F02,F02M,.6666666716337204
yy,5.07,C22,C22C,.6666666716337204
ep,1.02,F23,F23J,.6666666716337204
ur,1.01,F24,F24F,.6666666716337204
uu,5.06,A47,A47B,.6666666716337204
nn,3.03,B02,B02C,.6666666716337204
ni,3.01,C03,C03B,.6666666716337204
qa,3.01,E04,E04H,.6666666716337204
qg,2.05,B65,B65C,.6666666716337204
tc,3.02,F16,F16K,.6666666716337204
vm,5.06,A47,A47B,.6666666716337204
pz,2.05,H01,H01K,.6666666716337204
im,2.01,B65,B65H,.6666666716337204
sd,3.02,F15,F15B,.6666666716337204
ik,2.11,A47,A47F,.6666666716337204
lq,3.03,G01,G01C,.6666666716337204
yp,3.02,C10,C10L,.6666666716337204
ex,1.02,B02,B02C,.6666666716337204
wq,5.01,A63,A63B,.6666666716337204
aa,1.03,F24,F24S,.6666666753590107
ui,1.03,A61,A61H,.666666679084301
cu,1.06,B03,B03B,.666666679084301
ue,2.11,B07,B07C,.666666679084301
ub,1.03,D21,D21F,.666666679084301
sy,1.03,Y02,Y02P,.666666679084301
ec,1.04,B03,B03C,.666666679084301
mm,6.01,C10,C10L,.666666679084301
sy,1.03,A47,A47F,.666666679084301
ns,2.01,E01,E01C,.666666679084301
pm,2.05,F23,F23N,.666666679084301
ij,2.11,A23,A23J,.666666679084301
ua,6.03,G05,G05F,.666666679084301
ya,3.02,A41,A41B,.666666679084301
ro,1.07,H03,H03C,.666666679084301
ye,2.02,B60,B60M,.6666666828095913
yr,2.01,B05,B05D,.6666666828095913
dt,2.03,B65,B65H,.6666666865348816
yr,2.01,B60,B60P,.6666666865348816
dy,1.04,G07,G07B,.6666666865348816
mm,6.01,B81,B81B,.6666666865348816
ih,2.07,H01,H01T,.6666666865348816
ni,3.01,A01,A01D,.6666666865348816
vx,5.01,B01,B01L,.6666666865348816
cu,1.06,B29,B29B,.6666666865348816
fe,5.05,C07,C07F,.6666666865348816
ji,5.01,C05,C05F,.6666666865348816
hq,1.04,G04,G04D,.6666666865348816
ac,2.02,A44,A44C,.6666666865348816
ve,3.02,F01,F01D,.6666666865348816
ju,4.01,F16,F16H,.6666666865348816
sd,3.02,C25,C25D,.6666666865348816
vm,5.06,B64,B64F,.6666666865348816
ne,3.03,H05,H05F,.6666666865348816
hi,5.01,G03,G03G,.6666666865348816
ya,3.02,F02,F02K,.6666666865348816
pj,2.05,H01,H01J,.6666666865348816
xq,2.11,F22,F22B,.6666666865348816
dr,1.06,F16,F16J,.6666666865348816
cn,5.01,B27,B27B,.6666666865348816
lq,3.03,B60,B60N,.6666666865348816
db,2.08,C25,C25C,.6666666865348816
nq,5.01,C05,C05F,.6666666865348816
my,5.01,A47,A47K,.6666666865348816
id,2.07,B06,B06B,.6666666865348816
nn,3.03,D06,D06P,.6666666865348816
kv,1.05,F41,F41H,.6666666865348816
mm,6.01,A23,A23P,.6666666865348816
yr,2.01,E04,E04G,.6666666865348816
yr,2.01,B66,B66B,.6666666865348816
ee,1.04,B65,B65C,.6666666865348816
ew,1.02,F24,F24S,.6666666865348816
de,1.06,B60,B60R,.6666666865348816
dt,2.03,A22,A22C,.6666666865348816
qj,2.05,A23,A23D,.6666666865348816
cu,1.06,C21,C21D,.6666666865348816
rt,3.02,A63,A63C,.6666666865348816
dr,1.06,B28,B28B,.6666666865348816
dr,1.06,A47,A47C,.6666666865348816
ht,1.06,B61,B61D,.6666666865348816
rb,2.02,F42,F42D,.6666666865348816
uq,5.07,B64,B64F,.6666666865348816
ya,3.02,A45,A45F,.6666666865348816
or,5.09,B41,B41J,.6666666865348816
ur,1.01,B24,B24D,.6666666865348816
uu,5.06,B64,B64F,.6666666865348816
jb,5.07,B22,B22D,.6666666865348816
wq,5.01,F24,F24F,.6666666865348816
ih,2.07,A22,A22B,.6666666865348816
gc,1.05,C25,C25C,.6666666865348816
bk,6.04,B01,B01L,.6666666865348816
dr,1.06,H02,H02G,.6666666865348816
yi,6.03,B63,B63H,.6666666865348816
ju,4.01,B03,B03C,.6666666865348816
pe,5.02,B23,B23P,.6666666865348816
ew,1.02,B23,B23C,.6666666865348816
ka,4.01,F22,F22B,.6666666865348816
bu,1.03,B65,B65H,.6666666865348816
id,2.07,A22,A22C,.6666666865348816
si,1.05,F16,F16C,.6666666865348816
rb,2.02,E05,E05B,.6666666865348816
le,1.05,F25,F25J,.6666666865348816
uf,1.03,B23,B23P,.6666666865348816
jo,5.04,H01,H01R,.6666666865348816
pe,5.02,E02,E02B,.6666666865348816
ev,1.02,H01,H01C,.6666666865348816
wf,1.06,G05,G05D,.6666666865348816
hl,3.03,B60,B60N,.6666666865348816
za,3.02,B06,B06B,.6666666865348816
gy,5.02,F27,F27D,.6666666865348816
rq,1.06,C08,C08L,.6666666865348816
qf,9,F23,F23G,.6666666865348816
hq,1.04,E02,E02D,.6666666865348816
fa,2.01,A63,A63F,.6666666865348816
aa,1.03,F23,F23D,.6666666865348816
pc,5.02,E02,E02B,.6666666865348816
yg,6.04,B64,B64C,.6666666865348816
lq,3.03,G07,G07B,.6666666865348816
dq,9,D03,D03D,.6666666865348816
ea,1.04,B60,B60H,.6666666865348816
ad,4.02,D06,D06F,.6666666865348816
jb,5.07,B60,B60W,.6666666865348816
gc,1.05,G07,G07D,.6666666865348816
ga,3.02,C21,C21C,.6666666865348816
ni,3.01,H01,H01R,.6666666865348816
hy,1.06,H02,H02M,.6666666865348816
pw,2.06,G01,G01M,.6666666865348816
zr,1.05,A47,A47J,.6666666865348816
ra,2.11,C08,C08K,.6666666865348816
xy,1.01,C21,C21D,.6666666865348816
im,2.01,B04,B04C,.6666666865348816
am,4.01,A47,A47G,.6666666865348816
hq,1.04,B07,B07C,.6666666865348816
dt,2.03,G09,G09C,.6666666865348816
ru,3.01,B66,B66F,.6666666865348816
cu,1.06,G03,G03B,.6666666865348816
sy,1.03,A63,A63G,.6666666865348816
et,1.02,B62,B62J,.6666666865348816
wq,5.01,H05,H05K,.6666666865348816
iy,1.06,G01,G01F,.6666666865348816
qf,9,F16,F16D,.6666666865348816
dq,9,F04,F04C,.6666666865348816
ua,6.03,D21,D21H,.6666666865348816
qa,3.01,A24,A24F,.6666666865348816
re,1.05,B28,B28B,.6666666865348816
uy,1.04,B68,B68G,.6666666865348816
gu,1.06,B61,B61D,.6666666865348816
ee,1.04,F28,F28F,.6666666865348816
im,2.01,A46,A46B,.6666666865348816
hl,3.03,B63,B63H,.6666666865348816
dw,1.04,B60,B60Q,.6666666865348816
im,2.01,B60,B60H,.6666666865348816
tm,3.01,C21,C21D,.6666666865348816
nm,5.02,B62,B62J,.6666666865348816
pi,1.06,B63,B63H,.6666666865348816
dx,3.01,H01,H01H,.6666666865348816
ik,2.11,H02,H02G,.6666666865348816
iu,2.03,G09,G09C,.6666666865348816
zc,4.03,A62,A62D,.6666666865348816
ij,2.11,B21,B21K,.6666666865348816
qk,6.01,G06,G06K,.6666666865348816
qf,9,F23,F23M,.6666666865348816
uk,1.03,A47,A47L,.6666666865348816
ya,3.02,F01,F01K,.6666666865348816
ml,9,A44,A44B,.6666666865348816
qj,2.05,A01,A01D,.6666666865348816
py,3.02,A62,A62D,.6666666865348816
pz,2.05,D21,D21G,.6666666865348816
zk,9,G01,G01C,.6666666865348816
ph,6.02,G01,G01S,.6666666865348816
rz,3.03,F41,F41A,.6666666865348816
pe,5.02,G01,G01G,.6666666865348816
ta,1.06,B64,B64F,.6666666865348816
pw,2.06,F42,F42D,.6666666865348816
pu,2.03,E01,E01B,.6666666865348816
ja,1.05,H01,H01P,.6666666865348816
er,1.02,F01,F01D,.6666666865348816
jo,5.04,H05,H05K,.6666666865348816
af,4.05,H02,H02J,.6666666865348816
nq,5.01,B62,B62J,.6666666865348816
pj,2.05,E04,E04D,.6666666865348816
pj,2.05,G11,G11C,.6666666865348816
im,2.01,B30,B30B,.6666666865348816
lq,3.03,C01,C01G,.6666666865348816
qc,6.02,G02,G02F,.6666666865348816
si,1.05,H01,H01F,.6666666865348816
hl,3.03,F16,F16L,.6666666865348816
ea,1.04,B23,B23D,.6666666865348816
le,1.05,D01,D01F,.6666666865348816
yi,6.03,F01,F01M,.6666666865348816
wf,1.06,H02,H02M,.6666666865348816
ze,1.06,A45,A45D,.6666666865348816
co,1.06,E06,E06B,.6666666865348816
nq,5.01,B32,B32B,.6666666865348816
ah,4.01,A63,A63B,.6666666865348816
qa,3.01,A01,A01B,.6666666865348816
hi,5.01,G01,G01D,.6666666865348816
fy,3.02,H04,H04H,.6666666865348816
im,2.01,A47,A47J,.6666666865348816
ik,2.11,B21,B21K,.6666666865348816
ex,1.02,C07,C07J,.6666666865348816
rt,3.02,C22,C22C,.6666666865348816
za,3.02,G10,G10K,.6666666865348816
rb,2.02,A44,A44C,.6666666865348816
we,3.02,F04,F04C,.6666666865348816
su,3.02,B26,B26F,.6666666865348816
zk,9,A61,A61C,.6666666865348816
ze,1.06,B62,B62D,.6666666865348816
qq,1.05,B60,B60W,.6666666865348816
tq,3.02,A62,A62D,.6666666865348816
rz,3.03,G01,G01K,.6666666865348816
qu,1.06,B28,B28B,.6666666865348816
ai,2.03,B41,B41N,.6666666865348816
ra,2.11,F25,F25D,.6666666865348816
lq,3.03,F02,F02B,.6666666865348816
yq,5.07,B01,B01D,.6666666865348816
ub,1.03,F23,F23J,.6666666865348816
zc,4.03,D06,D06F,.6666666865348816
tc,3.02,B30,B30B,.6666666865348816
wu,5.04,B31,B31F,.6666666865348816
yp,3.02,F01,F01K,.6666666865348816
hy,1.06,G05,G05D,.6666666865348816
uk,1.03,C05,C05B,.6666666865348816
mw,5.09,A43,A43B,.6666666865348816
ze,1.06,A01,A01D,.6666666865348816
ga,3.02,B43,B43K,.6666666865348816
nn,3.03,A01,A01D,.6666666865348816
yr,2.01,D01,D01D,.6666666865348816
ep,1.02,F01,F01C,.6666666865348816
yr,2.01,B05,B05B,.6666666865348816
js,6.04,A23,A23B,.6666666865348816
tq,3.02,H01,H01R,.6666666865348816
am,4.01,F22,F22B,.6666666865348816
ad,4.02,C05,C05D,.6666666865348816
ea,1.04,E02,E02D,.6666666865348816
xq,2.11,F02,F02N,.6666666865348816
ik,2.11,E05,E05B,.6666666865348816
ev,1.02,A41,A41H,.6666666865348816
bv,5.01,B41,B41J,.6666666865348816
hl,3.03,A61,A61C,.6666666865348816
zr,1.05,A22,A22B,.6666666865348816
ve,3.02,A23,A23B,.6666666865348816
uu,5.06,B31,B31F,.6666666865348816
jo,5.04,G08,G08G,.6666666865348816
aa,1.03,E04,E04H,.6666666865348816
ka,4.01,H03,H03H,.6666666865348816
ye,2.02,D01,D01D,.6666666865348816
ev,1.02,E05,E05B,.6666666865348816
yq,5.07,A23,A23L,.6666666865348816
az,3.02,G01,G01J,.6666666865348816
iy,1.06,F22,F22B,.6666666865348816
jm,5.04,H01,H01S,.6666666865348816
we,3.02,D03,D03D,.6666666865348816
ee,1.04,D21,D21F,.6666666865348816
ye,2.02,E04,E04G,.6666666865348816
ve,3.02,F03,F03G,.6666666865348816
uk,1.03,B61,B61K,.6666666865348816
mq,6.01,B65,B65D,.6666666865348816
gm,3.03,C08,C08J,.6666666865348816
hi,5.01,H02,H02J,.6666666865348816
il,2.07,F16,F16C,.6666666865348816
km,1.06,B61,B61D,.6666666865348816
yo,3.01,B60,B60S,.6666666865348816
ai,2.03,B65,B65F,.6666666865348816
pj,2.05,A23,A23D,.6666666865348816
vy,3.02,A47,A47K,.6666666865348816
dw,1.04,F23,F23D,.6666666865348816
lq,3.03,G09,G09G,.6666666865348816
ep,1.02,B62,B62J,.6666666865348816
cn,5.01,D06,D06F,.6666666865348816
iu,2.03,B21,B21G,.6666666865348816
ju,4.01,H04,H04S,.6666666865348816
yr,2.01,B26,B26D,.6666666865348816
di,5.02,H01,H01C,.6666666865348816
ha,5.03,B24,B24B,.6666666865348816
wy,5.04,H05,H05K,.6666666865348816
tu,3.01,B27,B27B,.6666666865348816
oa,2.11,H05,H05F,.6666666883975267
ne,3.03,C08,C08B,.6668716827407479
zd,9,G01,G01C,.667016810271889
eu,2.02,H01,H01S,.6674308693036437
yi,6.03,G10,G10L,.6677308958023787
ns,2.01,A01,A01K,.6678812310565263
pk,2.05,G01,G01Q,.6679795058444142
re,1.05,C07,C07F,.6682863449677825
rx,3.02,C08,C08F,.6682898970320821
nn,3.03,G03,G03F,.6683006566017866
pu,2.03,C23,C23F,.6685702707618475
fa,2.01,C07,C07C,.6685940655879676
ju,4.01,C10,C10L,.6686485498212278
or,5.09,H04,H04J,.6688834074884653
ij,2.11,C10,C10B,.6688899449072778
er,1.02,A01,A01N,.6693115304224193
hq,1.04,B42,B42D,.6695526763796806
pe,5.02,B66,B66C,.6695724558085203
dx,3.01,G02,G02F,.6695741312578321
ya,3.02,G21,G21F,.669642873108387
fa,2.01,H02,H02K,.6697140745818615
ja,1.05,G01,G01L,.6697154594585299
io,2.07,C12,C12P,.6699074087664485
qj,2.05,G09,G09G,.6699346415698528
es,2.02,B08,B08B,.6701927958056331
cu,1.06,H01,H01B,.6702235862612724
xq,2.11,F16,F16C,.6704545468091965
su,3.02,B01,B01F,.6706192558631301
fi,1.04,C12,C12Y,.6707415152341127
eq,3.01,H02,H02K,.670813400298357
io,2.07,G01,G01H,.6708333324640989
ij,2.11,B81,B81B,.6708519696258008
wu,5.04,H01,H01B,.6708909422159195
yy,5.07,G06,G06T,.6710784416645765
fi,1.04,B01,B01F,.6711343618808314
my,5.01,C08,C08J,.6712963012978435
ja,1.05,H01,H01T,.6712963012978435
ev,1.02,G07,G07G,.671666668727994
xq,2.11,A62,A62D,.6717391330748796
xy,1.01,H03,H03F,.6718837628141046
ih,2.07,F25,F25D,.6719697155058384
ti,9,A23,A23L,.6720194951631129
xw,3.03,H02,H02K,.6720930272713304
uf,1.03,G06,G06G,.6722832964733243
iu,2.03,C21,C21B,.6726190485060215
sd,3.02,H01,H01R,.6726190596818924
ex,1.02,D21,D21F,.6727272942662239
ru,3.01,H05,H05H,.6728174667805433
qg,2.05,F03,F03G,.6730567314662039
pi,1.06,B29,B29C,.6731601804494858
ig,2.06,C07,C07B,.6731837745755911
ia,3.02,G02,G02C,.673504285980016
kv,1.05,A01,A01G,.6736111212521791
yq,5.07,H03,H03G,.6736629772931337
ij,2.11,G16,G16H,.673681041225791
ac,2.02,F24,F24D,.6741071492433548
fs,6.04,C12,C12M,.6742424294352531
xq,2.11,A63,A63G,.6742424294352531
dy,1.04,A63,A63G,.6742424294352531
ba,3.02,B29,B29D,.6742424443364143
ya,3.02,A47,A47G,.6743589942343533
hl,3.03,C07,C07H,.674407068407163
ij,2.11,G01,G01Q,.6745320949703455
zd,9,G01,G01T,.6746031902730465
mc,1.06,H04,H04R,.6747318836860359
op,3.03,B01,B01D,.6748634073883295
ai,2.03,C07,C07H,.6750000007450581
ot,6.02,H04,H04S,.6750000007450581
oe,5.06,G06,G06N,.6750000026077032
dw,1.04,H04,H04J,.6750000054016709
zr,1.05,B04,B04B,.6750000137835741
wu,5.04,A61,A61C,.6752450987696648
il,2.07,G06,G06K,.6752594751305878
ac,2.02,B23,B23B,.6755411401391029
wf,1.06,C09,C09K,.6757575804367661
rx,3.02,G09,G09B,.6759857791475952
eu,2.02,H01,H01B,.6761904954910278
ua,6.03,G06,G06N,.6761904954910278
zc,4.03,A22,A22C,.6766666863113642
ja,1.05,C07,C07G,.6768563571386039
dw,1.04,G01,G01K,.6768882051110268
er,1.02,H01,H01R,.6770270336419344
uk,1.03,B60,B60N,.6770833358168602
zr,1.05,F28,F28D,.6773049691691995
tm,3.01,G05,G05B,.6773049691691995
ry,2.03,D21,D21H,.6773242824710906
zq,2.07,C21,C21C,.6777777820825577
dx,3.01,B64,B64D,.6777777820825577
oe,5.06,C01,C01B,.6777777830138803
iq,2.02,C21,C21B,.6777777895331383
uf,1.03,F23,F23N,.6777777895331383
yr,2.01,G01,G01K,.6777777951210737
ex,1.02,E03,E03C,.6777777969837189
ep,1.02,E03,E03C,.6777777969837189
ih,2.07,G05,G05F,.6777778044342995
hb,5.03,C09,C09D,.6778195537626743
ti,9,C07,C07J,.6781246606260538
oy,9,H01,H01S,.6781451655551791
zd,9,A23,A23F,.6781640131957829
pm,2.05,A22,A22C,.6783333532512188
co,1.06,C01,C01G,.6783717847429216
ve,3.02,G01,G01L,.6784188058227301
zm,1.06,A23,A23D,.6784722302109003
pu,2.03,C10,C10C,.678571430966258
fy,3.02,H05,H05K,.6785714337602258
up,1.03,A01,A01N,.6785714337602258
rq,1.06,C09,C09J,.6785714477300644
aa,1.03,C10,C10L,.6791666746139526
oa,2.11,G06,G06E,.6791666802018881
ea,1.04,B65,B65B,.6792784943245351
da,1.06,D06,D06P,.6795876258984208
ru,3.01,B26,B26B,.6797979958355427
ze,1.06,C12,C12M,.6798904694151133
pm,2.05,E03,E03F,.6800000052899122
fa,2.01,G07,G07C,.6800000201910734
fa,2.01,C07,C07K,.6800624344032258
im,2.01,G03,G03B,.6801282130181789
bv,5.01,A01,A01N,.6804493218660355
ns,2.01,H04,H04H,.6805555559694767
wf,1.06,B01,B01F,.6805555559694767
fa,2.01,D06,D06M,.6805555559694767
cn,5.01,H01,H01M,.6805555559694767
ep,1.02,B41,B41M,.6805555578321218
yp,3.02,G01,G01C,.6805555606260896
ma,3.02,H01,H01S,.6805623536929488
sa,3.03,D21,D21H,.6805817233398557
re,1.05,C11,C11C,.6807692404836416
hb,5.03,C12,C12M,.6809523818083107
zd,9,G07,G07C,.6809523859992623
jb,5.07,B82,B82Y,.6809764360077679
uh,1.03,F01,F01N,.6810413338243961
oe,5.06,A01,A01K,.6813725540414453
pt,3.03,G01,G01B,.6814023326151073
vj,5.01,B25,B25J,.6815031110309064
pt,3.03,H01,H01G,.6815476268529892
am,4.01,A61,A61C,.6818181872367859
pk,2.05,B27,B27N,.6818181872367859
fs,6.04,G07,G07C,.6818181872367859
ij,2.11,C25,C25C,.6818182021379471
jy,4.05,C05,C05D,.6818627649918199
pk,2.05,C07,C07H,.6821071235463023
ru,3.01,A47,A47G,.6824235101230443
cq,1.06,H02,H02M,.6824278444983065
tc,3.02,H04,H04R,.6825396865606308
uk,1.03,A61,A61J,.682605052832514
ad,4.02,A23,A23P,.6829933580011129
xw,3.03,A21,A21D,.6830834671854973
ui,1.03,D01,D01D,.6831504213623703
dr,1.06,B05,B05B,.6832366576418281
db,2.08,F01,F01D,.6833333373069763
eq,3.01,H01,H01M,.6833333373069763
dt,2.03,B21,B21C,.6833333373069763
er,1.02,E04,E04H,.6833333373069763
km,1.06,G08,G08G,.6833333373069763
mq,6.01,C02,C02F,.6833333373069763
pe,5.02,F21,F21V,.6833333373069763
ph,6.02,H04,H04M,.6833333373069763
um,3.01,F25,F25B,.6833333373069763
gy,5.02,F28,F28D,.6833333447575569
ew,1.02,B44,B44B,.6833333447575569
qu,1.06,G10,G10L,.6833333447575569
vi,5.01,B60,B60W,.6833333447575569
ox,6.02,H01,H01F,.6833333522081375
ro,1.07,F23,F23D,.6833333522081375
xw,3.03,A61,A61C,.6833333540707827
ik,2.11,B41,B41M,.6833333540707827
pn,1.01,H04,H04K,.6833992172032595
zq,2.07,G01,G01R,.6834647082723677
pu,2.03,F02,F02G,.6835005609318614
ei,1.04,B65,B65B,.6837352314032614
co,1.06,C14,C14C,.6838235296308994
qa,3.01,C07,C07B,.6840109471231699
mm,6.01,A23,A23K,.6840209015645087
ne,3.03,C07,C07B,.6840277891606092
ns,2.01,A44,A44C,.6842105314135551
zr,1.05,C07,C07G,.6845238208770752
eo,6.02,A01,A01N,.6845238208770752
dx,3.01,C05,C05F,.6848545027896762
ec,1.04,G01,G01M,.6849999986588955
qe,2.09,C30,C30B,.6851158170029521
qj,2.05,G06,G06N,.6851851977407932
ih,2.07,B64,B64D,.6851852051913738
pj,2.05,B22,B22C,.6851852051913738
ht,1.06,H02,H02J,.6851852051913738
yr,2.01,A61,A61L,.6854238146916032
ai,2.03,B05,B05D,.685589425265789
er,1.02,G01,G01T,.6859362870454788
sa,3.03,C08,C08J,.6861083270050585
yo,3.01,A47,A47L,.6861111149191856
ac,2.02,A61,A61J,.6861111379694194
dy,1.04,F04,F04F,.6861472046002746
da,1.06,D06,D06F,.6862745117396116
bm,5.07,G07,G07F,.6862745154649019
eu,2.02,A01,A01N,.6863095257431269
un,1.03,C12,C12M,.6863232189789414
uy,1.04,B64,B64G,.6863354109227657
lj,3.02,G08,G08B,.6866666711866856
ad,4.02,C08,C08G,.6866666711866856
hq,1.04,G07,G07D,.6866666860878468
tc,3.02,G05,G05B,.6868065986782312
dt,2.03,G11,G11C,.6868150271475315
xe,4.01,B32,B32B,.6869047647342086
im,2.01,H05,H05K,.6869841404259205
yo,3.01,B65,B65B,.6870989538729191
ai,2.03,G02,G02C,.6871843561530113
qh,2.05,G01,G01K,.6871863771229982
ex,1.02,D05,D05B,.687222242821008
uh,1.03,F16,F16F,.687430873978883
zd,9,G03,G03B,.6875
ue,2.11,G04,G04G,.6875
ga,3.02,G10,G10D,.6875
aq,3.02,G03,G03C,.6875
rt,3.02,B61,B61G,.6875
qf,9,H02,H02J,.6875000139698386
ni,3.01,F16,F16B,.6875000204890966
tu,3.01,G21,G21K,.6876605357974768
zq,2.07,B09,B09C,.687962980940938
pn,1.01,G05,G05G,.6880952580831945
wy,5.04,H01,H01L,.6882501617074013
fi,1.04,H01,H01C,.6884058173745871
si,1.05,H01,H01S,.6884157592430711
oa,2.11,B24,B24C,.6884259320795536
cq,1.06,G21,G21G,.6884920801967382
ew,1.02,A01,A01C,.6885080635547638
dr,1.06,A43,A43B,.6886447090655565
le,1.05,G03,G03F,.6887066513299942
un,1.03,A01,A01G,.6888077228795737
qj,2.05,G10,G10L,.6888888943940401
id,2.07,G06,G06G,.6888888999819756
ei,1.04,B60,B60R,.6888889074325562
re,1.05,C25,C25B,.689102565869689
aa,1.03,C08,C08J,.6891497136093676
op,3.03,C12,C12P,.6892265412025154
uk,1.03,B60,B60L,.6893696724437177
pu,2.03,F25,F25C,.6893939450383186
sy,1.03,F41,F41C,.6893939599394798
lj,3.02,G06,G06N,.6896344441920519
jm,5.04,H03,H03M,.6896681878715754
aa,1.03,C07,C07F,.6897705225273967
da,1.06,C25,C25D,.6898695731069893
cn,5.01,C08,C08J,.6902777818031609
pn,1.01,G01,G01W,.6902777925133705
qh,2.05,B05,B05B,.6904761958867311
ij,2.11,B07,B07C,.6904761977493763
pc,5.02,A61,A61J,.6904761977493763
ub,1.03,F23,F23K,.6904761977493763
im,2.01,C09,C09G,.6904762107878923
ij,2.11,F27,F27D,.6905228774994612
ub,1.03,A61,A61G,.6906362101435661
ne,3.03,B04,B04B,.690740754827857
pe,5.02,B82,B82Y,.6910009363200516
ah,4.01,G01,G01J,.691140191629529
ur,1.01,B25,B25J,.6912225810810924
ui,1.03,G21,G21H,.6912280842661858
ns,2.01,A61,A61J,.6913782129995525
ui,1.03,C11,C11B,.6916666701436043
un,1.03,F04,F04B,.6916666720062494
er,1.02,F16,F16H,.6916666738688946
eu,2.02,A61,A61Q,.6916666738688946
yo,3.01,G07,G07D,.6916666775941849
dx,3.01,G07,G07D,.6916666775941849
ec,1.04,G21,G21H,.6916666775941849
vy,3.02,B07,B07C,.6916666803881526
ml,9,H04,H04Q,.691717176232487
un,1.03,G06,G06N,.6918016034178436
ps,5.04,C07,C07D,.6918212687596679
mu,4.01,A61,A61B,.6921319887042046
ep,1.02,H01,H01P,.6922901775687933
pz,2.05,H01,H01P,.692307697609067
ur,1.01,G21,G21K,.6924330685287714
dt,2.03,B23,B23Q,.6925770398229361
pe,5.02,B66,B66F,.6925925947725773
um,3.01,A63,A63F,.6928571537137032
dy,1.04,B06,B06B,.6928571546450257
er,1.02,C12,C12N,.6929425174021162
zd,9,H01,H01S,.693318915553391
ev,1.02,F16,F16J,.6934523917734623
ns,2.01,G04,G04F,.693750012665987
rb,2.02,H03,H03M,.6941193519160151
hq,1.04,C09,C09J,.6943001644685864
ik,2.11,A01,A01N,.6944444477558136
wv,3.03,C09,C09D,.6944444477558136
fi,1.04,F01,F01D,.6944444477558136
wc,3.03,G01,G01V,.6944444477558136
rb,2.02,A01,A01G,.6944444496184587
pz,2.05,G07,G07F,.6944444552063942
ui,1.03,C10,C10J,.6944444552063942
yi,6.03,G02,G02F,.6944444552063942
ea,1.04,B60,B60K,.6944444552063942
di,5.02,C30,C30B,.6944444552063942
hq,1.04,F23,F23D,.6944444552063942
pe,5.02,B32,B32B,.6944444552063942
pn,1.01,B66,B66F,.6944444552063942
ex,1.02,H03,H03C,.6944444626569748
ep,1.02,F23,F23G,.6944444626569748
yq,5.07,G01,G01W,.6944444645196199
ae,4.05,C10,C10K,.6944444645196199
cq,1.06,E04,E04F,.6944444645196199
es,2.02,A01,A01B,.6944444682449102
bi,6.01,C12,C12N,.6946879581082612
dx,3.01,C25,C25B,.6948387622833252
un,1.03,H01,H01G,.6949179377406836
fi,1.04,G09,G09B,.6952381152659655
dx,3.01,C07,C07G,.6954234475269914
km,1.06,B60,B60W,.6955555528402328
ui,1.03,H01,H01K,.6955555696040392
co,1.06,G01,G01M,.6956710051745176
yg,6.04,A61,A61Q,.6959707215428352
zr,1.05,B65,B65G,.695995694026351
up,1.03,H02,H02J,.6961004342883825
bd,1.06,B63,B63H,.6964285746216774
rb,2.02,G02,G02C,.6969639481976628
yp,3.02,A61,A61J,.6970203355886042
pn,1.01,C01,C01B,.6972222262993455
jo,5.04,C07,C07C,.6972222365438938
wm,5.04,A23,A23K,.6974673215299845
ub,1.03,A24,A24B,.6975016901269555
ga,3.02,A01,A01H,.6977115049958229
xq,2.11,D04,D04H,.6977513395249844
ig,2.06,A01,A01C,.6979166679084301
de,1.06,B02,B02B,.6979166716337204
zq,2.07,F28,F28F,.6979166716337204
ee,1.04,A23,A23J,.6980973873287439
qa,3.01,A23,A23F,.698259845841676
pt,3.03,B01,B01F,.6982838646508753
km,1.06,A47,A47C,.6984127052128315
oa,2.11,A01,A01D,.6985271833837032
bf,5.04,A61,A61L,.6985334865748882
ht,1.06,H03,H03K,.6987790055572987
ee,1.04,A45,A45D,.6989247500896454
da,1.06,B07,B07C,.6990740867331624
xy,1.01,G02,G02F,.6992424391210079
km,1.06,H01,H01S,.699527672957629
ps,5.04,G10,G10L,.699545593932271
yq,5.07,C08,C08L,.6996415993198752
da,1.06,A63,A63F,.6999017994385213
bp,6.04,C14,C14C,.7000000029802322
qu,1.06,F16,F16C,.7000000029802322
ya,3.02,G05,G05G,.7000000029802322
am,4.01,B60,B60G,.7000000029802322
ve,3.02,E01,E01C,.7000000029802322
aa,1.03,F25,F25D,.7000000029802322
qg,2.05,C23,C23D,.7000000029802322
qq,1.05,C09,C09G,.7000000029802322
sd,3.02,C11,C11D,.7000000029802322
bi,6.01,B23,B23P,.7000000029802322
dk,5.02,A01,A01K,.7000000029802322
uu,5.06,B24,B24D,.7000000029802322
wm,5.04,F01,F01M,.7000000029802322
iu,2.03,B03,B03D,.7000000029802322
ue,2.11,B65,B65D,.7000000029802322
wq,5.01,B05,B05D,.7000000029802322
bf,5.04,C23,C23C,.7000000029802322
iq,2.02,F28,F28G,.7000000029802322
jw,6.02,B32,B32B,.7000000029802322
if,2.11,C07,C07J,.7000000029802322
gc,1.05,B42,B42F,.7000000029802322
vp,3.03,H04,H04M,.7000000029802322
ka,4.01,H04,H04J,.7000000029802322
mm,6.01,E04,E04C,.7000000029802322
lj,3.02,G05,G05B,.7000000029802322
qh,2.05,E04,E04D,.7000000029802322
sr,2.07,B22,B22C,.7000000029802322
ah,4.01,F16,F16K,.7000000029802322
ky,1.05,G08,G08B,.7000000029802322
qj,2.05,A22,A22B,.7000000029802322
qf,9,D21,D21H,.7000000029802322
he,5.03,C08,C08L,.7000000029802322
ig,2.06,B23,B23Q,.7000000029802322
qq,1.05,B26,B26D,.7000000029802322
uf,1.03,B24,B24D,.7000000029802322
qc,6.02,F16,F16C,.7000000029802322
pn,1.01,B23,B23B,.7000000029802322
lj,3.02,C12,C12R,.7000000029802322
ur,1.01,B23,B23B,.7000000029802322
if,2.11,B41,B41C,.7000000029802322
nn,3.03,B23,B23K,.7000000029802322
oe,5.06,F16,F16K,.7000000029802322
bm,5.07,H01,H01F,.7000000029802322
bp,6.04,F41,F41G,.7000000029802322
py,3.02,E02,E02F,.7000000029802322
ah,4.01,E02,E02B,.7000000029802322
qq,1.05,C11,C11C,.7000000029802322
rz,3.03,C01,C01B,.7000000029802322
yg,6.04,B21,B21D,.7000000029802322
ui,1.03,C09,C09G,.7000000029802322
yi,6.03,G08,G08B,.7000000029802322
sd,3.02,H03,H03H,.7000000029802322
ua,6.03,B65,B65B,.7000000029802322
rp,6.04,F16,F16F,.7000000029802322
ra,2.11,H04,H04Q,.7000000029802322
rz,3.03,C07,C07J,.7000000029802322
xa,5.04,C03,C03C,.7000000029802322
ew,1.02,A23,A23D,.7000000029802322
sy,1.03,F23,F23R,.7000000029802322
am,4.01,C21,C21D,.7000000029802322
gy,5.02,B27,B27C,.7000000029802322
yg,6.04,G01,G01B,.7000000029802322
ha,5.03,G16,G16H,.7000000029802322
om,5.05,B07,B07C,.7000000029802322
qq,1.05,G03,G03C,.7000000029802322
ji,5.01,C03,C03C,.7000000029802322
ye,2.02,A22,A22B,.7000000029802322
gm,3.03,G02,G02B,.7000000067055225
qg,2.05,G10,G10L,.7000000067055225
io,2.07,B06,B06B,.7000000104308128
db,2.08,F27,F27D,.7000000104308128
km,1.06,F27,F27D,.7000000104308128
tc,3.02,F01,F01B,.7000000104308128
ye,2.02,F02,F02N,.7000000104308128
ew,1.02,A44,A44C,.7000000178813934
di,5.02,B63,B63B,.7000000178813934
sy,1.03,E02,E02B,.7000000178813934
im,2.01,A47,A47G,.7000000178813934
pm,2.05,F41,F41B,.7000000216066837
ub,1.03,G21,G21D,.7000000216066837
yr,2.01,C08,C08F,.7000000216066837
dw,1.04,G01,G01C,.7002404788509011
uh,1.03,G09,G09F,.7002425957471132
dr,1.06,A61,A61J,.7003215255681425
ja,1.05,C13,C13B,.700396828353405
qh,2.05,D02,D02G,.7008658098056912
db,2.08,C01,C01D,.7011111136525869
ei,1.04,H01,H01P,.7013616766780615
ee,1.04,B09,B09C,.7013769312761724
pn,1.01,B22,B22D,.7013888908550143
pm,2.05,A47,A47F,.7013888917863369
ns,2.01,A47,A47F,.7013888917863369
ns,2.01,F21,F21K,.7017361249309033
op,3.03,C08,C08G,.7018050653859973
uy,1.04,D21,D21B,.7018167828209698
dy,1.04,D04,D04B,.7019230909645557
ia,3.02,C01,C01G,.7020202130079269
ne,3.03,G21,G21K,.7020261427387595
py,3.02,A43,A43B,.7021062350831926
pq,1.01,A23,A23K,.7022681795060635
uk,1.03,G08,G08C,.7023809589445591
ep,1.02,F28,F28F,.7023809645324945
oi,3.02,A23,A23C,.7023809738457203
po,1.01,G09,G09G,.7028388334438205
td,3.02,A23,A23G,.7029761960729957
er,1.02,H02,H02H,.7030303217470646
tc,3.02,G01,G01J,.703355707693845
yo,3.01,H03,H03M,.703431386500597
ei,1.04,F03,F03H,.7036111205816269
am,4.01,G01,G01G,.7037037089467049
ha,5.03,E04,E04F,.7037037089467049
qe,2.09,B21,B21C,.7037037089467049
qj,2.05,B42,B42D,.7037037238478661
ad,4.02,A01,A01B,.7038888931274414
wv,3.03,C08,C08F,.7041666731238365
fu,5.04,C12,C12N,.7042238076683134
dt,2.03,C12,C12Q,.7043179236352444
ae,4.05,C05,C05D,.7045139092952013
co,1.06,C05,C05F,.704599579796195
ai,2.03,C08,C08F,.704761914908886
ex,1.02,G21,G21D,.7048611212521791
pz,2.05,F23,F23M,.7048611296340823
pm,2.05,F23,F23M,.7048611333593726
et,1.02,F25,F25D,.7051282078027725
yr,2.01,B60,B60D,.7051282115280628
vy,3.02,E02,E02F,.7051282115280628
er,1.02,B81,B81B,.7053395071998239
pu,2.03,B63,B63C,.7053571492433548
ma,3.02,G06,G06N,.7053735400550067
fe,5.05,C12,C12N,.7055053003132343
id,2.07,D21,D21F,.7055555656552315
km,1.06,G02,G02F,.7056076554581523
iu,2.03,F41,F41B,.7059870269149542
nq,5.01,B01,B01J,.7060606107115746
ea,1.04,B26,B26B,.7060975637286901
ig,2.06,C10,C10G,.7062500007450581
vx,5.01,A61,A61L,.7062500063329935
aa,1.03,C01,C01B,.7063617184758186
ps,5.04,H04,H04B,.706612981390208
pe,5.02,F01,F01N,.7066666707396507
mm,6.01,G07,G07C,.7066666781902313
db,2.08,C06,C06B,.7067805398255587
zq,2.07,C25,C25B,.7070612097159028
ah,4.01,C07,C07B,.7070987848564982
da,1.06,H02,H02K,.7071166336536407
mc,1.06,G09,G09G,.7072502002120018
cn,5.01,C11,C11B,.7076023397967219
ht,1.06,A61,A61N,.7078067476395518
nn,3.03,D21,D21C,.7081207679584622
dr,1.06,D21,D21F,.7083333358168602
wm,5.04,F21,F21S,.7083333358168602
wm,5.04,G21,G21C,.7083333358168602
po,1.01,F16,F16L,.7083333358168602
uk,1.03,D07,D07B,.7083333358168602
pi,1.06,G05,G05D,.7083333358168602
uq,5.07,A61,A61M,.7083333358168602
si,1.05,B60,B60K,.7083333358168602
ub,1.03,D07,D07B,.7083333358168602
yq,5.07,B23,B23K,.7083333358168602
ei,1.04,D07,D07B,.7083333358168602
my,5.01,D21,D21H,.7083333358168602
wy,5.04,G09,G09B,.7083333358168602
zm,1.06,H02,H02M,.7083333358168602
zd,9,H04,H04Q,.7083333358168602
pc,5.02,G01,G01W,.7083333358168602
zq,2.07,F16,F16K,.7083333358168602
pe,5.02,A63,A63H,.7083333358168602
re,1.05,F04,F04B,.7083333395421505
yq,5.07,B01,B01J,.7083333395421505
dw,1.04,E01,E01C,.7083333432674408
td,3.02,A42,A42B,.7083333432674408
om,5.05,G07,G07C,.7083333432674408
if,2.11,A21,A21B,.7083333432674408
dx,3.01,B60,B60R,.7083333432674408
jw,6.02,G10,G10L,.7083333432674408
ha,5.03,F41,F41G,.7083333432674408
qq,1.05,F16,F16B,.7083333432674408
ba,3.02,G05,G05B,.7083333432674408
wm,5.04,A47,A47C,.7083333432674408
ya,3.02,E05,E05F,.7083333432674408
ev,1.02,C01,C01B,.7083333469927311
ex,1.02,A47,A47J,.7083333469927311
ep,1.02,C10,C10M,.7083333507180214
pk,2.05,A01,A01K,.7083333544433117
gy,5.02,C22,C22B,.7083333544433117
ea,1.04,E04,E04H,.7083333544433117
id,2.07,B42,B42D,.7084212172776461
pm,2.05,B07,B07B,.7084967456758022
sa,3.03,C10,C10G,.7085481658577919
aa,1.03,H03,H03J,.7089056978002191
um,3.01,G01,G01L,.7089681681245565
xw,3.03,C08,C08F,.7090277969837189
zd,9,D01,D01F,.7090909229591489
hq,1.04,F04,F04D,.7091939910314977
da,1.06,G09,G09G,.7092957366257906
zq,2.07,H01,H01R,.7095238193869591
zq,2.07,A61,A61L,.7095427399035543
sr,2.07,A01,A01C,.7096154084429145
eu,2.02,H04,H04S,.7097861156798899
et,1.02,G04,G04F,.7101139654405415
ik,2.11,H03,H03J,.7101349765434861
dr,1.06,A24,A24B,.710278982296586
ur,1.01,G16,G16H,.7103174775838852
sd,3.02,B32,B32B,.7105734813958406
im,2.01,C10,C10J,.7106481641530991
af,4.05,C07,C07D,.7107142964377999
fs,6.04,C12,C12P,.7108262237161398
gy,5.02,G02,G02C,.7110542096197605
en,9,C08,C08L,.7111111134290695
ua,6.03,B08,B08B,.7111111134290695
pj,2.05,F02,F02M,.7111111208796501
ye,2.02,F03,F03B,.7111111283302307
hi,5.01,C12,C12N,.711436461424455
vs,5.01,H04,H04N,.7116361455991864
id,2.07,G07,G07D,.7116381283849478
dt,2.03,H04,H04Q,.7118055559694767
ac,2.02,F24,F24S,.7119047725573182
ua,6.03,H03,H03H,.7121212184429169
ml,9,B01,B01J,.7121212184429169
ex,1.02,H01,H01B,.7122721904888749
bu,1.03,H01,H01P,.7123650936409831
pu,2.03,F41,F41G,.7123656109906733
ac,2.02,A01,A01G,.7124317036941648
sy,1.03,A43,A43B,.7124459017068148
tq,3.02,G01,G01K,.7125000031664968
rt,3.02,C11,C11B,.7125541176646948
oa,2.11,C01,C01F,.7133169965818524
pu,2.03,E03,E03F,.7133333552628756
hy,1.06,G07,G07F,.7134615406394005
ne,3.03,G08,G08C,.713492083363235
jb,5.07,G09,G09G,.7135481564328074
ou,1.06,G06,G06T,.7140695052221417
db,2.08,G01,G01G,.7141377991065383
ka,4.01,B27,B27G,.7142857238650322
my,5.01,H01,H01Q,.7142857238650322
ru,3.01,A41,A41D,.7142857238650322
yr,2.01,B61,B61K,.7142857350409031
mq,6.01,C03,C03C,.7142857350409031
ii,2.04,H05,H05F,.7142857350409031
ga,3.02,G07,G07F,.7142857350409031
ja,1.05,A22,A22B,.7142857350409031
ec,1.04,B27,B27K,.7143073249608278
en,9,G07,G07F,.7144688703119755
ac,2.02,H01,H01G,.7144803106784821
ei,1.04,B62,B62D,.7154100607149303
wm,5.04,C08,C08B,.7154122516512871
uy,1.04,F01,F01K,.715476218611002
ox,6.02,A61,A61L,.7155096977949142
fy,3.02,G01,G01D,.7157210446894169
vy,3.02,A62,A62D,.7158376425504684
ju,4.01,G11,G11C,.7159090936183929
ub,1.03,D06,D06P,.716071430593729
es,2.02,F03,F03D,.7166666686534882
ei,1.04,B23,B23C,.7166666723787785
oy,9,C22,C22B,.7166666723787785
po,1.01,B63,B63B,.7166666723787785
bi,6.01,C11,C11D,.7166666723787785
cq,1.06,B22,B22D,.7166666723787785
vi,5.01,G10,G10K,.7166666761040688
ai,2.03,B22,B22C,.7166666779667139
gm,3.03,H04,H04M,.7166666835546494
tc,3.02,A23,A23G,.7166666872799397
ai,2.03,B61,B61L,.7167920004576445
ex,1.02,C07,C07F,.7169323214329779
ij,2.11,H01,H01G,.7174339443445206
ik,2.11,H03,H03G,.7175170201808214
ct,9,C09,C09D,.7176621542312205
ev,1.02,H01,H01S,.7177319806069136
dy,1.04,C21,C21D,.7177666593343019
uq,5.07,C07,C07F,.7178030367940664
im,2.01,C07,C07H,.7178978626616299
hq,1.04,D01,D01D,.717919054441154
uf,1.03,F16,F16L,.7179487245157361
lq,3.03,A01,A01K,.717983539449051
mq,6.01,F02,F02D,.7180555574595928
am,4.01,B29,B29B,.7183908093720675
hl,3.03,G07,G07C,.71875
xy,1.01,H04,H04R,.7189907468855381
li,3.02,C08,C08B,.7190809417515993
ue,2.11,B60,B60K,.7191761452704668
de,1.06,F21,F21V,.7194073139689863
bd,1.06,A01,A01K,.7198135401122272
ub,1.03,B64,B64B,.7198413014411926
po,1.01,G11,G11B,.7200854830443859
ex,1.02,G01,G01G,.7202381156384945
pe,5.02,B23,B23B,.7202381156384945
pq,1.01,A23,A23L,.7204522266983986
gc,1.05,H05,H05H,.7204887373372912
wm,5.04,A23,A23L,.7206509308889508
ni,3.01,D01,D01F,.7206790335476398
po,1.01,G01,G01K,.720753226429224
zq,2.07,C30,C30B,.7208071574568748
pe,5.02,G06,G06G,.7208333369344473
sy,1.03,D06,D06F,.720833346247673
pz,2.05,C09,C09G,.7211017902009189
cq,1.06,C12,C12F,.7211538497358561
ew,1.02,A23,A23B,.7214285768568516
xq,2.11,G21,G21F,.7215686333365738
hf,6.03,A61,A61N,.7215872718952596
dq,9,A41,A41D,.7217835448682308
ns,2.01,A24,A24D,.7218254115432501
nu,5.08,C40,C40B,.7218700423836708
ix,2.07,C09,C09K,.721944460645318
if,2.11,B21,B21K,.7222222238779068
im,2.01,F24,F24T,.7222222238779068
dq,9,F16,F16C,.7222222238779068
dq,9,G10,G10K,.7222222238779068
vy,3.02,F42,F42B,.7222222238779068
xw,3.03,G01,G01V,.7222222238779068
fa,2.01,C10,C10G,.7222222238779068
im,2.01,E01,E01B,.7222222238779068
aa,1.03,A62,A62D,.7222222276031971
uf,1.03,B41,B41M,.7222222276031971
ja,1.05,F41,F41G,.7222222276031971
uk,1.03,C06,C06C,.7222222276031971
sa,3.03,C01,C01B,.7222222276031971
dk,5.02,C09,C09K,.7222222276031971
pe,5.02,F16,F16H,.7222222331911325
dw,1.04,A23,A23N,.7222222350537777
dt,2.03,F21,F21K,.722222238779068
yr,2.01,A61,A61H,.722222238779068
lq,3.03,C09,C09K,.7222222406417131
cu,1.06,H01,H01P,.7222222425043583
zq,2.07,C09,C09J,.7222222425043583
pk,2.05,F41,F41G,.7222222425043583
ub,1.03,E02,E02B,.7222222425043583
ip,2.07,F23,F23J,.7222222425043583
ip,2.07,F28,F28D,.7222222443670034
hq,1.04,G16,G16H,.7223785051610321
ae,4.05,B32,B32B,.7225140128284693
yu,3.03,B01,B01L,.7225368851795793
rt,3.02,G05,G05G,.7227272763848305
pc,5.02,E21,E21C,.7228260897099972
id,2.07,G03,G03H,.7228836035355926
rb,2.02,F41,F41G,.7229166775941849
ds,3.02,C08,C08B,.7230212949216366
pt,3.03,B03,B03C,.723093444481492
vy,3.02,C40,C40B,.7231149355648085
pe,5.02,A01,A01M,.7232143096625805
vi,5.01,G01,G01J,.7232684167101979
pe,5.02,F01,F01K,.7236111126840115
ha,5.03,A61,A61H,.7242063591256738
xy,1.01,C12,C12M,.7248662449419498
fe,5.05,B60,B60T,.7250000014901161
gc,1.05,F17,F17C,.7250000014901161
un,1.03,B22,B22D,.7250000014901161
fu,5.04,C07,C07D,.7250000014901161
db,2.08,B60,B60T,.7250000014901161
un,1.03,F01,F01D,.7250000014901161
pc,5.02,B05,B05B,.7250000014901161
dr,1.06,B24,B24B,.7250000033527613
su,3.02,A47,A47B,.7250000089406967
lj,3.02,F16,F16K,.7250000089406967
oa,2.11,F04,F04F,.7251262702047825
yp,3.02,C04,C04B,.7253788094967604
ij,2.11,B21,B21B,.7254512580111623
jb,5.07,G01,G01L,.725490216165781
az,3.02,A01,A01K,.7256042822264135
qf,9,H01,H01P,.7258699713274837
ht,1.06,G01,G01R,.7258778354153037
fa,2.01,G07,G07F,.7261904831975698
le,1.05,G01,G01H,.726190485060215
pq,1.01,B65,B65B,.726190485060215
ya,3.02,G03,G03C,.726190485060215
wu,5.04,C08,C08B,.726190485060215
ee,1.04,H03,H03F,.726190485060215
xw,3.03,H03,H03M,.726190485060215
we,3.02,E21,E21B,.726190485060215
yq,5.07,H03,H03H,.7261904906481504
hy,1.06,A23,A23D,.7262019936461002
ja,1.05,C40,C40B,.7262380274478346
uu,5.06,C07,C07J,.726254865527153
gc,1.05,G09,G09B,.7263354621827602
jy,4.05,H03,H03F,.7266438752412796
fa,2.01,H02,H02P,.7272727489471436
qg,2.05,F26,F26B,.7273809593170881
ah,4.01,H03,H03M,.7273809611797333
ka,4.01,C01,C01B,.7277380973100662
yo,3.01,C22,C22B,.7277777828276157
dx,3.01,G11,G11B,.7277777940034866
ru,3.01,H03,H03G,.7280555618926883
ji,5.01,A41,A41D,.7280570520088077
uy,1.04,F25,F25B,.7280952483415604
jo,5.04,G01,G01N,.7281985855661333
bd,1.06,C12,C12N,.728234130423516
de,1.06,B03,B03D,.7285714354366064
ya,3.02,H03,H03K,.7287202551960945
gc,1.05,C10,C10B,.7287586322054267
ku,5.07,G01,G01V,.729020481929183
pe,5.02,H02,H02P,.729057177901268
jo,5.04,A61,A61N,.7291621989570558
ee,1.04,C01,C01F,.7291666679084301
oa,2.11,B62,B62M,.7291666716337204
mq,6.01,G01,G01J,.7291666716337204
zr,1.05,F24,F24D,.7291666865348816
ur,1.01,C09,C09C,.7291666865348816
lq,3.03,G08,G08G,.7291666865348816
zq,2.07,C07,C07F,.7291666865348816
jy,4.05,B09,B09C,.7296776808798313
dk,5.02,C07,C07F,.7299224901944399
pw,2.06,G06,G06N,.7300913699436933
ep,1.02,G01,G01Q,.7302879642229527
es,2.02,A61,A61H,.7303571486845613
ij,2.11,F16,F16K,.7304358421824872
de,1.06,H01,H01B,.7305555585771799
qg,2.05,C07,C07H,.7307491982355714
dq,9,C25,C25F,.7307692375034094
ui,1.03,A01,A01M,.7307692393660545
ec,1.04,F16,F16F,.7309869658201933
ds,3.02,F25,F25B,.7311827894300222
bv,5.01,A23,A23G,.7313348446041346
uf,1.03,G01,G01Q,.7313950238749385
io,2.07,H01,H01M,.7316252621822059
ze,1.06,C08,C08L,.7321138400584459
hq,1.04,C11,C11B,.7321263548219576
we,3.02,C02,C02F,.7321428637951612
su,3.02,A45,A45D,.7321428824216127
az,3.02,A61,A61F,.7322631343267858
db,2.08,G01,G01P,.7326086978428066
ur,1.01,H03,H03B,.7329167770221829
uu,5.06,B64,B64G,.7333333380520344
iq,2.02,B27,B27B,.7333333417773247
ht,1.06,G02,G02B,.7333333417773247
et,1.02,B42,B42F,.7333333417773247
tu,3.01,E03,E03C,.7333333417773247
dy,1.04,B07,B07C,.7333333492279053
ya,3.02,A21,A21B,.7333333492279053
pu,2.03,D04,D04C,.7333333492279053
tu,3.01,B07,B07C,.7333333492279053
ig,2.06,A24,A24F,.7333333492279053
qj,2.05,H05,H05H,.7333333492279053
oo,3.03,H04,H04M,.7333333548158407
ae,4.05,B60,B60R,.7333333566784859
cn,5.01,B41,B41J,.7333333566784859
sa,3.03,F26,F26B,.7333333566784859
ff,3.02,H05,H05B,.7333333566784859
ih,2.07,H01,H01H,.7333333566784859
ev,1.02,A45,A45C,.7333333566784859
dx,3.01,A45,A45D,.7333333566784859
sd,3.02,H05,H05H,.7335858605802059
nq,5.01,H05,H05B,.733607460744679
ix,2.07,E21,E21C,.7336956541985273
ur,1.01,G21,G21B,.7338106883689761
rp,6.04,G10,G10K,.7338235415518284
uk,1.03,B64,B64G,.7338595753535628
yr,2.01,H01,H01G,.7338624550029635
qu,1.06,A45,A45D,.7338709607720375
qj,2.05,G09,G09B,.734006755053997
dr,1.06,H03,H03H,.7340424340218306
dt,2.03,H01,H01T,.7342592682689428
tc,3.02,C01,C01B,.7345638098195195
xy,1.01,C08,C08F,.7347222282551229
aa,1.03,B05,B05D,.7348901219666004
qe,2.09,B23,B23K,.7350036208517849
ah,4.01,C04,C04B,.7352695185691118
er,1.02,B60,B60Q,.7356394901871681
bm,5.07,B64,B64C,.7357142940163612
xw,3.03,H01,H01J,.7359307426959276
ve,3.02,C11,C11B,.735999648924917
he,5.03,C07,C07D,.7360384939238429
om,5.05,B82,B82Y,.7361111119389534
ni,3.01,B42,B42D,.7361111119389534
or,5.09,C08,C08J,.7361111119389534
id,2.07,A23,A23G,.7361111231148243
vi,5.01,C09,C09B,.7361111268401146
uk,1.03,F15,F15C,.7369516105391085
ja,1.05,B60,B60L,.7370370589196682
yo,3.01,B64,B64C,.7371476115658879
ac,2.02,B60,B60D,.7371795084327459
dr,1.06,H01,H01S,.7372109203133732
im,2.01,B66,B66B,.7373737590387464
co,1.06,A01,A01C,.7373935915529728
rb,2.02,B62,B62K,.7380952443927526
qu,1.06,B03,B03B,.7380952462553978
he,5.03,G01,G01S,.7380952462553978
ix,2.07,A62,A62D,.7380952462553978
ka,4.01,H03,H03F,.7380952686071396
ik,2.11,F03,F03G,.7383783170953393
dr,1.06,H02,H02M,.7385194008238614
bd,1.06,A01,A01N,.7385306544601917
cu,1.06,G01,G01V,.7385496518108994
ns,2.01,F17,F17D,.7386243548244238
db,2.08,B02,B02B,.7388888914138079
ue,2.11,F03,F03D,.7388889007270336
ct,9,G06,G06Q,.7390151647850871
vy,3.02,A24,A24F,.7391473026946187
fs,6.04,A23,A23L,.7392857186496258
sy,1.03,A62,A62B,.7394005861133337
hf,6.03,H01,H01M,.7402146467939019
ru,3.01,B64,B64C,.7403607042506337
vy,3.02,H02,H02M,.7403615154325962
ox,6.02,A61,A61M,.7406526226550341
ig,2.06,B60,B60L,.7413614257238805
ub,1.03,C11,C11B,.741643023211509
qa,3.01,F26,F26B,.7416666699573398
oz,6.02,C01,C01G,.7416666746139526
ac,2.02,H03,H03B,.7416666783392429
ip,2.07,G02,G02F,.7416666904464364
ew,1.02,C12,C12R,.7419117670506239
ve,3.02,H03,H03K,.7419940396212041
ye,2.02,F01,F01L,.7420635037124157
pu,2.03,C40,C40B,.7422113666543737
zr,1.05,B63,B63J,.742424264550209
pk,2.05,B23,B23Q,.7426470704376698
ih,2.07,A24,A24B,.7434817040339112
ga,3.02,G05,G05B,.7435897514224052
qu,1.06,G09,G09B,.7436535165179521
qf,9,B41,B41M,.7437500087544322
pc,5.02,G10,G10H,.7437951005995274
za,3.02,A61,A61D,.7441534977406263
uk,1.03,F21,F21S,.744444465264678
zc,4.03,C12,C12M,.7446655463427305
ev,1.02,G01,G01W,.7448412906378508
im,2.01,B60,B60L,.7449976094067097
pu,2.03,B24,B24D,.7450854759663343
ns,2.01,H04,H04J,.7452381057664752
fa,2.01,F02,F02D,.745370376855135
ep,1.02,D06,D06H,.7458333410322666
yi,6.03,G06,G06N,.7458333540707827
wq,5.01,C07,C07C,.7459707187954336
ru,3.01,G09,G09F,.7460317630320787
ih,2.07,C09,C09G,.746031766757369
ka,4.01,G01,G01W,.7460317686200142
fu,5.04,A61,A61K,.7462007976137102
sa,3.03,B23,B23K,.7462765965610743
hl,3.03,C12,C12P,.7463413077639416
dr,1.06,G03,G03H,.7464285818859935
we,3.02,B29,B29C,.746600478887558
um,3.01,B03,B03C,.7467008903622627
sr,2.07,G09,G09G,.7470585270784795
nu,5.08,G01,G01W,.7471352256834507
cl,9,B32,B32B,.747222226113081
oa,2.11,G21,G21D,.747222239151597
hl,3.03,G01,G01C,.7476190589368343
qe,2.09,B81,B81C,.7480808664113283
de,1.06,E04,E04H,.7483516559004784
ev,1.02,B81,B81C,.7483762740157545
ik,2.11,C12,C12N,.7484410266042687
xe,4.01,C12,C12M,.7485281433910131
ra,2.11,B82,B82B,.7486062757670879
pu,2.03,A61,A61J,.7487586592324078
uf,1.03,E02,E02B,.7488095257431269
oa,2.11,F25,F25J,.7488095317967236
sr,2.07,A61,A61F,.7488892236724496
ry,2.03,B29,B29D,.7489583357237279
zr,1.05,B04,B04C,.7489583566784859
ei,1.04,A61,A61H,.7490800903178751
oa,2.11,A23,A23C,.7491034464910626
ya,3.02,B04,B04B,.7495828117243946
ig,2.06,H04,H04S,.7499793136958033
ep,1.02,H01,H01T,.75
ve,3.02,B29,B29B,.75
ds,3.02,B60,B60R,.75
td,3.02,G07,G07F,.75
pe,5.02,F02,F02B,.75
es,2.02,E06,E06B,.75
ev,1.02,F25,F25D,.75
re,1.05,G02,G02F,.75
dm,3.02,D06,D06F,.75
et,1.02,B25,B25D,.75
il,2.07,G07,G07C,.75
jb,5.07,G10,G10K,.75
tu,3.01,E05,E05C,.75
si,1.05,B29,B29D,.75
io,2.07,B64,B64G,.75
aa,1.03,A62,A62B,.75
op,3.03,G03,G03C,.75
oy,9,H02,H02H,.75
oe,5.06,H02,H02G,.75
if,2.11,F28,F28G,.75
fa,2.01,C21,C21B,.75
et,1.02,E21,E21C,.75
pi,1.06,B67,B67D,.75
xa,5.04,B60,B60J,.75
mq,6.01,F21,F21V,.75
pi,1.06,H01,H01B,.75
xa,5.04,C09,C09J,.75
wv,3.03,C08,C08L,.75
eo,6.02,C08,C08G,.75
pz,2.05,A21,A21D,.75
tu,3.01,B21,B21D,.75
hb,5.03,F03,F03G,.75
za,3.02,D04,D04B,.75
re,1.05,B42,B42D,.75
nu,5.08,B24,B24C,.75
es,2.02,B60,B60J,.75
de,1.06,B60,B60Q,.75
ew,1.02,F27,F27B,.75
gu,1.06,F02,F02D,.75
ad,4.02,G03,G03F,.75
ds,3.02,C01,C01B,.75
bp,6.04,C12,C12M,.75
tq,3.02,H03,H03M,.75
ij,2.11,H01,H01C,.75
xe,4.01,B65,B65D,.75
we,3.02,H03,H03K,.75
zc,4.03,B28,B28D,.75
cq,1.06,G10,G10D,.75
pa,6.02,B41,B41N,.75
ec,1.04,D06,D06L,.75
gu,1.06,F28,F28F,.75
gu,1.06,H01,H01H,.75
ba,3.02,H03,H03F,.75
if,2.11,G12,G12B,.75
ik,2.11,A22,A22C,.75
wu,5.04,C25,C25B,.75
im,2.01,A01,A01D,.75
pc,5.02,F02,F02B,.75
km,1.06,A47,A47F,.75
cl,9,G03,G03G,.75
aa,1.03,B26,B26D,.75
mq,6.01,B06,B06B,.75
ep,1.02,C21,C21D,.75
ro,1.07,B43,B43L,.75
yy,5.07,G05,G05B,.75
zm,1.06,A61,A61C,.75
km,1.06,G07,G07G,.75
dy,1.04,B60,B60S,.75
ih,2.07,B65,B65H,.75
de,1.06,B65,B65H,.75
bf,5.04,F02,F02C,.75
ub,1.03,F01,F01C,.75
wu,5.04,A47,A47B,.75
wu,5.04,B23,B23B,.75
oy,9,B61,B61L,.75
wv,3.03,B62,B62J,.75
ii,2.04,D06,D06Q,.75
ne,3.03,B25,B25G,.75
le,1.05,F15,F15B,.75
ra,2.11,A62,A62D,.75
yo,3.01,B23,B23Q,.75
uk,1.03,B66,B66B,.75
db,2.08,E05,E05D,.75
pn,1.01,A22,A22C,.75
eu,2.02,B30,B30B,.75
ox,6.02,B23,B23K,.75
ig,2.06,F24,F24H,.75
ox,6.02,G07,G07D,.75
ew,1.02,E04,E04D,.75
ik,2.11,B64,B64F,.75
wh,3.02,F16,F16L,.75
pn,1.01,F24,F24H,.75
kv,1.05,B24,B24B,.75
de,1.06,H02,H02P,.75
wc,3.03,C09,C09K,.75
ev,1.02,F04,F04C,.75
uu,5.06,H03,H03L,.75
wf,1.06,G07,G07F,.75
ip,2.07,B21,B21F,.75
ah,4.01,F01,F01K,.75
fy,3.02,C25,C25F,.75
co,1.06,E01,E01H,.75
ye,2.02,B23,B23D,.75
zq,2.07,E01,E01C,.75
vj,5.01,C11,C11D,.75
wm,5.04,C01,C01G,.75
bv,5.01,A63,A63F,.75
io,2.07,H02,H02H,.75
vy,3.02,B60,B60K,.75
ij,2.11,H02,H02B,.75
un,1.03,F28,F28F,.75
ru,3.01,B25,B25B,.75
qg,2.05,A46,A46B,.75
nq,5.01,B41,B41M,.75
af,4.05,A23,A23K,.75
oa,2.11,A23,A23F,.75
ni,3.01,G03,G03C,.75
ru,3.01,G21,G21F,.75
vx,5.01,B23,B23H,.75
sa,3.03,G08,G08G,.75
kv,1.05,B64,B64C,.75
et,1.02,A24,A24D,.75
ij,2.11,B41,B41C,.75
ji,5.01,B60,B60H,.75
xe,4.01,B41,B41F,.75
gu,1.06,C25,C25F,.75
qh,2.05,D07,D07B,.75
ee,1.04,F02,F02B,.75
ew,1.02,B21,B21B,.75
ia,3.02,F02,F02M,.75
ma,3.02,D06,D06M,.75
ja,1.05,B64,B64F,.75
vi,5.01,G05,G05F,.75
ju,4.01,C05,C05C,.75
ua,6.03,G07,G07D,.75
yq,5.07,H05,H05K,.75
le,1.05,D04,D04H,.75
bk,6.04,C21,C21D,.75
xe,4.01,B05,B05B,.75
ip,2.07,H04,H04H,.75
zm,1.06,F27,F27B,.75
uq,5.07,F24,F24F,.75
de,1.06,A24,A24C,.75
hf,6.03,B60,B60Q,.75
vj,5.01,B05,B05B,.75
bk,6.04,B21,B21K,.75
pn,1.01,B28,B28B,.75
ja,1.05,H02,H02H,.75
ot,6.02,A23,A23C,.75
pa,6.02,A44,A44B,.75
zm,1.06,H01,H01H,.75
if,2.11,A23,A23J,.75
yr,2.01,B60,B60S,.75
vx,5.01,A23,A23C,.75
wu,5.04,B60,B60T,.75
or,5.09,H03,H03H,.75
bf,5.04,G10,G10K,.75
le,1.05,B62,B62B,.75
ja,1.05,E05,E05F,.75
ne,3.03,F41,F41G,.75
kv,1.05,H03,H03K,.75
pn,1.01,F04,F04D,.75
oi,3.02,B65,B65H,.75
tm,3.01,H04,H04Q,.75
tu,3.01,D03,D03D,.75
pe,5.02,F16,F16C,.75
zd,9,B23,B23D,.75
et,1.02,B26,B26B,.75
mm,6.01,A44,A44B,.75
bi,6.01,G01,G01V,.75
yi,6.03,B60,B60K,.75
qu,1.06,G10,G10D,.75
wm,5.04,B02,B02C,.75
uf,1.03,B63,B63H,.75
ik,2.11,B63,B63B,.75
iq,2.02,A43,A43C,.75
hb,5.03,F41,F41G,.75
qh,2.05,H05,H05F,.75
ur,1.01,E04,E04F,.75
ha,5.03,B64,B64G,.75
wu,5.04,F16,F16B,.75
we,3.02,A62,A62C,.75
ot,6.02,G01,G01L,.75
ry,2.03,A01,A01C,.75
fi,1.04,F16,F16H,.75
pe,5.02,B41,B41M,.75
mr,6.01,G10,G10H,.75
gu,1.06,F27,F27B,.75
mm,6.01,H03,H03D,.75
iu,2.03,C08,C08H,.75
wv,3.03,G05,G05D,.75
ur,1.01,E04,E04B,.75
pe,5.02,B64,B64D,.75
ew,1.02,E04,E04G,.75
ij,2.11,E02,E02B,.75
yr,2.01,H02,H02G,.75
ku,5.07,G10,G10H,.75
or,5.09,B21,B21D,.75
aq,3.02,B41,B41M,.75
qh,2.05,F16,F16G,.75
gu,1.06,E05,E05F,.75
et,1.02,B24,B24C,.75
fu,5.04,G06,G06T,.75
pz,2.05,F24,F24H,.75
om,5.05,B29,B29B,.75
dm,3.02,H03,H03D,.75
bu,1.03,H01,H01B,.75
en,9,F28,F28F,.75
es,2.02,E04,E04G,.75
xa,5.04,D03,D03D,.75
bk,6.04,F16,F16J,.75
es,2.02,G21,G21F,.75
if,2.11,H04,H04K,.75
up,1.03,H02,H02P,.75
rq,1.06,G11,G11B,.75
ru,3.01,A01,A01B,.75
op,3.03,G01,G01D,.75
we,3.02,A45,A45F,.75
hl,3.03,H04,H04H,.75
bm,5.07,C01,C01B,.75
zc,4.03,E02,E02B,.75
am,4.01,B23,B23Q,.75
eq,3.01,C08,C08J,.75
yp,3.02,D06,D06M,.75
nq,5.01,G03,G03G,.75
ot,6.02,G16,G16H,.75
ji,5.01,B26,B26D,.75
my,5.01,G01,G01S,.75
pj,2.05,H03,H03K,.75
ti,9,C10,C10G,.75
wu,5.04,B60,B60K,.75
rt,3.02,H01,H01C,.75
nn,3.03,D03,D03D,.75
tu,3.01,B63,B63C,.75
id,2.07,B61,B61L,.75
pn,1.01,C10,C10M,.75
pc,5.02,A44,A44B,.75
ji,5.01,F41,F41G,.75
re,1.05,B29,B29B,.75
om,5.05,C05,C05F,.75
tu,3.01,C14,C14B,.75
pc,5.02,F16,F16J,.75
mq,6.01,H01,H01M,.75
sd,3.02,H01,H01C,.75
zm,1.06,C21,C21D,.75
bp,6.04,F16,F16J,.75
wm,5.04,G04,G04G,.75
jy,4.05,B42,B42D,.75
yg,6.04,C22,C22B,.75
ik,2.11,B09,B09B,.75
wm,5.04,F23,F23D,.75
es,2.02,F27,F27D,.75
ot,6.02,F21,F21K,.75
ep,1.02,G06,G06M,.75
ue,2.11,F16,F16L,.75
vi,5.01,A23,A23D,.75
su,3.02,B44,B44F,.75
wu,5.04,B30,B30B,.75
dr,1.06,F02,F02M,.75
jw,6.02,G07,G07F,.75
sa,3.03,B30,B30B,.75
wv,3.03,F41,F41A,.75
if,2.11,A43,A43D,.75
vx,5.01,B60,B60Q,.75
ip,2.07,A47,A47J,.75
pt,3.03,G10,G10H,.75
uh,1.03,C22,C22F,.75
im,2.01,G16,G16H,.75
nu,5.08,E02,E02F,.75
hf,6.03,B67,B67D,.75
hf,6.03,G09,G09B,.75
sd,3.02,B22,B22C,.75
oz,6.02,F27,F27D,.75
wc,3.03,B26,B26D,.75
pc,5.02,F41,F41H,.75
mq,6.01,B60,B60J,.75
gy,5.02,E04,E04F,.75
ae,4.05,G01,G01B,.75
eq,3.01,B23,B23B,.75
cq,1.06,B24,B24C,.75
sd,3.02,B22,B22D,.75
if,2.11,H03,H03J,.75
tc,3.02,G01,G01M,.75
aa,1.03,B30,B30B,.75
zk,9,G03,G03F,.75
ue,2.11,B64,B64F,.75
pm,2.05,A42,A42B,.75
vi,5.01,C21,C21D,.75
qq,1.05,G10,G10K,.75
ei,1.04,B67,B67D,.75
tu,3.01,F02,F02M,.75
oo,3.03,G05,G05D,.75
jb,5.07,F03,F03B,.75
wu,5.04,B21,B21B,.75
ot,6.02,E04,E04H,.75
xq,2.11,E21,E21C,.75
zc,4.03,B62,B62D,.75
hb,5.03,F16,F16D,.75
ew,1.02,B44,B44D,.75
rt,3.02,A01,A01B,.75
ye,2.02,A63,A63J,.75
ei,1.04,D06,D06C,.75
wf,1.06,B60,B60T,.75
zm,1.06,G05,G05D,.75
ye,2.02,B25,B25D,.75
dm,3.02,B61,B61G,.75
oe,5.06,G21,G21F,.75
tu,3.01,F41,F41H,.75
dw,1.04,H03,H03M,.75
ua,6.03,B22,B22D,.75
we,3.02,B64,B64C,.75
ve,3.02,F02,F02C,.75
jb,5.07,B64,B64G,.75
uu,5.06,B29,B29D,.75
ox,6.02,G01,G01L,.75
ev,1.02,C01,C01C,.75
nu,5.08,B26,B26B,.75
ij,2.11,C13,C13K,.75
zm,1.06,B28,B28D,.75
vs,5.01,C04,C04B,.75
vi,5.01,B06,B06B,.75
ua,6.03,B60,B60N,.75
zm,1.06,C25,C25F,.75
qk,6.01,G09,G09F,.75
ac,2.02,F26,F26B,.75
qg,2.05,F01,F01M,.75
wu,5.04,E04,E04B,.75
le,1.05,E02,E02F,.75
ha,5.03,F16,F16B,.75
bp,6.04,B21,B21K,.75
cl,9,C08,C08L,.75
zm,1.06,B64,B64D,.75
tu,3.01,E04,E04F,.75
ua,6.03,G01,G01L,.75
pc,5.02,B24,B24D,.75
pt,3.03,A46,A46B,.75
km,1.06,E01,E01D,.75
ry,2.03,C21,C21B,.75
pc,5.02,B60,B60Q,.75
di,5.02,F16,F16B,.75
ya,3.02,A01,A01D,.75
vj,5.01,F21,F21V,.75
qe,2.09,B62,B62J,.75
wf,1.06,H01,H01C,.75
ur,1.01,B64,B64G,.75
gu,1.06,D04,D04H,.75
zd,9,B25,B25D,.75
qg,2.05,A01,A01G,.75
ua,6.03,G01,G01D,.75
pn,1.01,C09,C09G,.75
ga,3.02,B65,B65H,.75
ae,4.05,A24,A24C,.75
ij,2.11,B02,B02C,.75
dt,2.03,D06,D06F,.75
vj,5.01,H03,H03G,.75
ya,3.02,B62,B62B,.75
un,1.03,C09,C09B,.75
bp,6.04,G02,G02F,.75
zc,4.03,A47,A47C,.75
es,2.02,G10,G10G,.75
ma,3.02,F16,F16M,.75
ka,4.01,B25,B25B,.75
pt,3.03,A01,A01K,.75
xq,2.11,B06,B06B,.75
ya,3.02,F02,F02B,.75
ot,6.02,D06,D06P,.75
et,1.02,C08,C08C,.75
de,1.06,F01,F01D,.75
wm,5.04,E03,E03D,.75
hf,6.03,G01,G01C,.75
xe,4.01,G01,G01J,.75
hl,3.03,C05,C05F,.75
hq,1.04,B21,B21C,.75
xa,5.04,F26,F26B,.75
or,5.09,B60,B60K,.75
fy,3.02,C01,C01F,.75
vi,5.01,B05,B05B,.75
qg,2.05,B23,B23D,.75
ja,1.05,B29,B29D,.75
gu,1.06,A47,A47G,.75
le,1.05,B41,B41F,.75
ew,1.02,E02,E02B,.7500000037252903
rq,1.06,A62,A62D,.7500000037252903
po,1.01,F04,F04D,.7500000037252903
ix,2.07,C23,C23C,.7500000037252903
pn,1.01,B29,B29D,.7500000074505806
dr,1.06,B64,B64G,.7500000074505806
bp,6.04,B26,B26B,.7500000074505806
yu,3.03,H05,H05B,.7500000074505806
dq,9,C22,C22C,.7500000074505806
eu,2.02,C11,C11B,.7500000074505806
zr,1.05,A23,A23F,.7500000074505806
hl,3.03,A23,A23F,.7500000074505806
pk,2.05,B23,B23P,.7500000074505806
po,1.01,H03,H03L,.7500000074505806
aa,1.03,B24,B24B,.7500000074505806
ji,5.01,H01,H01M,.7500000074505806
ot,6.02,H03,H03G,.7500000074505806
ja,1.05,F23,F23R,.7500000074505806
uk,1.03,A23,A23K,.7500000074505806
ub,1.03,B43,B43L,.7500000074505806
zm,1.06,C12,C12G,.7500000074505806
gu,1.06,C12,C12G,.7500000074505806
ae,4.05,C08,C08C,.7500000093132257
re,1.05,D21,D21C,.7500000111758709
ep,1.02,F41,F41J,.7500000149011612
ds,3.02,H01,H01M,.7500000149011612
dt,2.03,E04,E04H,.7500000149011612
ya,3.02,B64,B64F,.7500000149011612
ew,1.02,F23,F23N,.7500000149011612
le,1.05,H02,H02G,.7500000149011612
ja,1.05,B23,B23Q,.7500000149011612
ix,2.07,H02,H02G,.7500000149011612
ue,2.11,B60,B60P,.7500000149011612
ex,1.02,E03,E03D,.7500000149011612
oe,5.06,B08,B08B,.7500000149011612
nu,5.08,C13,C13K,.7500000149011612
ij,2.11,F23,F23D,.7500000149011612
et,1.02,C13,C13K,.7500000149011612
iy,1.06,C09,C09K,.7500000149011612
ac,2.02,D21,D21C,.7500000149011612
ja,1.05,F23,F23M,.7500000149011612
de,1.06,C09,C09C,.7500000149011612
ik,2.11,A43,A43D,.7500000149011612
er,1.02,B64,B64F,.7500000149011612
ea,1.04,B27,B27N,.7500000149011612
yg,6.04,H04,H04Q,.7500000149011612
vm,5.06,G03,G03F,.7500000149011612
ji,5.01,A41,A41C,.7500000149011612
dk,5.02,G08,G08G,.7500000149011612
bv,5.01,G01,G01G,.7500000186264515
im,2.01,H01,H01F,.7500000223517418
jm,5.04,G01,G01S,.7500000223517418
es,2.02,F23,F23N,.7500000223517418
gc,1.05,B07,B07C,.7500000223517418
ni,3.01,F16,F16L,.7500000223517418
cn,5.01,C23,C23C,.7500000223517418
nq,5.01,B01,B01D,.7500000223517418
il,2.07,H04,H04R,.7500000223517418
le,1.05,F03,F03B,.7500000223517418
sr,2.07,A01,A01D,.7500000223517418
yr,2.01,F16,F16M,.7500000223517418
ve,3.02,H03,H03F,.7500000223517418
ub,1.03,F16,F16M,.7500000260770321
pn,1.01,G09,G09C,.7504629734903574
tu,3.01,G01,G01G,.7506969347596169
db,2.08,G01,G01T,.7511379204224795
vx,5.01,H03,H03H,.751165509223938
il,2.07,H02,H02M,.751347160898149
iq,2.02,C12,C12R,.7518244786188006
ya,3.02,A21,A21D,.7519047618843615
pt,3.03,H04,H04Q,.7522222269326448
if,2.11,C01,C01F,.7522727325558662
uy,1.04,D01,D01C,.752314830198884
oa,2.11,B26,B26F,.7523809690028429
dm,3.02,H03,H03G,.7524531185626984
de,1.06,B41,B41J,.752651521936059
ex,1.02,F16,F16D,.7529761977493763
ij,2.11,A01,A01B,.753787886351347
ih,2.07,F23,F23N,.7541666701436043
ds,3.02,B63,B63C,.7541666775941849
we,3.02,B63,B63C,.7541666775941849
ns,2.01,B65,B65G,.7541666813194752
tm,3.01,B65,B65B,.7541876046452671
te,1.05,C07,C07K,.7542178402654827
qh,2.05,F03,F03G,.7543129925616086
hl,3.03,B41,B41J,.7547619119286537
ml,9,G02,G02B,.7548101460561156
yr,2.01,H01,H01S,.7548426417633891
zc,4.03,B81,B81C,.7551948204636574
fe,5.05,C07,C07D,.7554903556592762
rb,2.02,E01,E01C,.7555555589497089
vi,5.01,B65,B65D,.7555555589497089
db,2.08,B07,B07C,.7555555738508701
ah,4.01,C05,C05D,.7555555757135153
jy,4.05,B03,B03C,.7557767182588577
vx,5.01,H02,H02K,.7558139683678746
ja,1.05,E04,E04H,.7559523954987526
ot,6.02,A61,A61J,.7559523961972445
bp,6.04,B01,B01L,.7560392091982067
ma,3.02,G01,G01G,.7561728395521641
ac,2.02,C08,C08J,.7562893079593778
sy,1.03,F17,F17C,.7562982253730297
nn,3.03,A01,A01M,.7564935144037008
oa,2.11,E04,E04B,.7565476316958666
mq,6.01,G01,G01L,.7568493150174618
ne,3.03,C12,C12Y,.7569038537330925
ds,3.02,A61,A61C,.75746268639341
iu,2.03,C08,C08B,.7574947709217668
qh,2.05,B66,B66B,.7575757578015327
wm,5.04,C25,C25D,.7575757578015327
xw,3.03,G10,G10H,.7575757652521133
if,2.11,C25,C25B,.7575757801532745
um,3.01,A61,A61D,.7577050551772118
xq,2.11,B64,B64G,.7578502427786589
eo,6.02,H04,H04Q,.757936529815197
xw,3.03,B03,B03C,.7580645158886909
li,3.02,H04,H04B,.7583333440124989
xy,1.01,G05,G05D,.7587146162986755
rz,3.03,B24,B24B,.7587412670254707
ti,9,A61,A61D,.7589285746216774
ry,2.03,H04,H04J,.7590909088030457
ni,3.01,B60,B60N,.7590909199789166
oz,6.02,C08,C08B,.7592592611908913
zr,1.05,G01,G01T,.7592592667788267
un,1.03,C22,C22C,.7592909093946218
nn,3.03,H01,H01S,.7593236458487809
un,1.03,A61,A61F,.7593583986163139
es,2.02,B29,B29D,.7594080772250891
ya,3.02,A61,A61D,.7594697196036577
pk,2.05,B62,B62D,.75952382478863
uy,1.04,H04,H04Q,.7595615088939667
vx,5.01,G07,G07C,.7596154073253274
bi,6.01,C04,C04B,.7596681164577603
ep,1.02,B22,B22F,.7602990530431271
pe,5.02,G10,G10K,.7605070453137159
qa,3.01,C09,C09B,.7605347437784076
pu,2.03,F23,F23G,.7605820335447788
if,2.11,C23,C23G,.7606382975354791
tm,3.01,H03,H03K,.7606382975354791
hf,6.03,G09,G09G,.7608695654198527
pt,3.03,G07,G07F,.7608864540234208
ub,1.03,C12,C12Y,.7609418712090701
vm,5.06,G11,G11C,.7611111113801599
pm,2.05,H05,H05F,.7611111141741276
le,1.05,F16,F16K,.7611111253499985
ah,4.01,C10,C10L,.7614349329378456
ru,3.01,G01,G01H,.7614379301667213
am,4.01,G06,G06N,.7617336194962263
ec,1.04,G06,G06N,.7618181854486465
mq,6.01,B82,B82Y,.7620980264618993
af,4.05,H03,H03F,.7623581737279892
sy,1.03,F01,F01N,.7625000029802322
ij,2.11,F28,F28F,.7625000150874257
da,1.06,C12,C12C,.7626719931140542
ih,2.07,B22,B22D,.7631578948348761
ah,4.01,H05,H05K,.7633228916674852
gc,1.05,C07,C07K,.763365569873713
ry,2.03,D01,D01F,.7638888889923692
xe,4.01,B09,B09B,.7638888899236917
ih,2.07,C05,C05C,.7638888917863369
es,2.02,D21,D21H,.7638888955116272
tu,3.01,H05,H05H,.7638888955116272
ae,4.05,G06,G06N,.7641806788742542
de,1.06,G06,G06N,.7643216298893094
my,5.01,A61,A61N,.7643933738581836
ee,1.04,B24,B24B,.7645202055573463
ku,5.07,G06,G06N,.7646688697859645
up,1.03,H04,H04J,.7647058824077249
zq,2.07,A62,A62D,.7648809663951397
cu,1.06,B09,B09C,.7648879699409008
ep,1.02,A41,A41D,.7649425519630313
cq,1.06,A61,A61G,.7650537751615047
su,3.02,B65,B65B,.7650753767229617
ot,6.02,G01,G01F,.7650793697685003
ns,2.01,D02,D02G,.7661949277389795
hl,3.03,H04,H04J,.7662101835012436
oy,9,C12,C12Q,.7663867995142937
pu,2.03,G07,G07F,.7666666675359011
if,2.11,B33,B33Y,.7666666675359011
qa,3.01,G10,G10H,.7666666675359011
ik,2.11,G04,G04F,.7666666675359011
ni,3.01,G01,G01M,.7666666693985462
aa,1.03,F41,F41G,.7666666731238365
ei,1.04,C05,C05B,.7666666731238365
ry,2.03,F03,F03H,.7666666731238365
po,1.01,C01,C01B,.7666666731238365
ky,1.05,H04,H04B,.7666666731238365
km,1.06,B64,B64D,.7666666731238365
uu,5.06,H01,H01S,.7666666731238365
yr,2.01,F04,F04B,.7666666731238365
wm,5.04,H04,H04J,.7666666731238365
ip,2.07,B67,B67D,.7666666731238365
cn,5.01,B01,B01D,.7666666731238365
ei,1.04,F02,F02N,.7666666880249977
di,5.02,F16,F16D,.7666666880249977
dw,1.04,F17,F17D,.7666666880249977
yr,2.01,F03,F03D,.7666666880249977
im,2.01,F02,F02B,.7666666880249977
nq,5.01,B60,B60N,.7666666880249977
ep,1.02,B08,B08B,.7668512603268027
er,1.02,F03,F03G,.7669444475322962
ue,2.11,G02,G02C,.7671568756923079
ui,1.03,F01,F01N,.7672413792461157
dw,1.04,A47,A47J,.7672649752348661
da,1.06,C03,C03B,.7673992677591741
oi,3.02,C01,C01B,.7678571492433548
uq,5.07,A63,A63B,.7678571492433548
ep,1.02,B44,B44D,.767857164144516
yr,2.01,H01,H01P,.7678706794977188
pe,5.02,A01,A01H,.7683722674846649
ev,1.02,H01,H01T,.7685185186564922
oa,2.11,B65,B65F,.7685185372829437
mc,1.06,F16,F16H,.768518541008234
da,1.06,B05,B05B,.7685551987960935
ns,2.01,B41,B41N,.7687338627874851
bv,5.01,C12,C12Q,.7689451309852302
um,3.01,G07,G07F,.7690476253628731
pn,1.01,F41,F41G,.7691666707396507
ni,3.01,B04,B04B,.7692316786851734
bu,1.03,A01,A01G,.7694444600492716
ep,1.02,D05,D05C,.769491536077112
qf,9,H04,H04M,.7696078438311815
ru,3.01,C30,C30B,.7700193552300334
qc,6.02,C12,C12P,.7704545482993126
vx,5.01,H04,H04S,.7704832162708044
un,1.03,F28,F28D,.7708333358168602
dr,1.06,C23,C23F,.7708333432674408
fi,1.04,C10,C10L,.7711640354245901
re,1.05,C12,C12N,.7711879764683545
pm,2.05,F02,F02G,.7711936682462692
fa,2.01,A23,A23B,.7714285813271999
xw,3.03,A45,A45F,.7715183245018125
oy,9,H01,H01P,.7717391308397055
ha,5.03,C08,C08K,.7717391308397055
ct,9,H01,H01L,.7717656397726387
fy,3.02,A45,A45D,.7722222227603197
ve,3.02,A43,A43B,.7722222227603197
dt,2.03,G03,G03B,.7724359091371298
de,1.06,B81,B81C,.7725780196487904
eu,2.02,B01,B01L,.7727272734045982
ei,1.04,F25,F25D,.7727272734045982
sa,3.03,H01,H01F,.7727272734045982
qg,2.05,D21,D21F,.7727272808551788
ik,2.11,B60,B60L,.7730158753693104
li,3.02,G05,G05B,.7733333371579647
rx,3.02,G16,G16H,.7736183048691601
ex,1.02,A01,A01M,.7738095242530107
hq,1.04,B41,B41F,.7738095242530107
ji,5.01,H03,H03H,.7738095242530107
lq,3.03,B01,B01J,.7738095298409462
um,3.01,C09,C09J,.7738095298409462
qh,2.05,H01,H01F,.7738736383616924
ik,2.11,A61,A61G,.7739583337679505
yi,6.03,B05,B05B,.7741071507334709
vx,5.01,G01,G01S,.7742903009057045
qg,2.05,D06,D06P,.7750000022351742
ji,5.01,B23,B23Q,.7750000059604645
li,3.02,E04,E04F,.7750000059604645
er,1.02,B23,B23Q,.7750000078231096
pz,2.05,F17,F17D,.7750000134110451
sy,1.03,F23,F23C,.7752976417541504
mc,1.06,G05,G05D,.7753501469269395
vi,5.01,B82,B82Y,.7754329075105488
dy,1.04,B21,B21C,.7757575828582048
ij,2.11,G03,G03B,.7759259399026632
zr,1.05,G02,G02B,.7760265879333019
ai,2.03,C12,C12P,.7762742640916258
ve,3.02,B64,B64C,.7766169216483831
pt,3.03,H02,H02M,.776806527748704
we,3.02,H04,H04M,.7769841402769089
if,2.11,G07,G07D,.7777472585439682
we,3.02,G01,G01J,.7777777779847383
xe,4.01,G11,G11B,.7777777779847383
vx,5.01,A23,A23B,.7777777835726738
ni,3.01,H01,H01P,.7777777835726738
ep,1.02,G04,G04B,.7777777835726738
rt,3.02,A01,A01M,.7777777835726738
ex,1.02,G04,G04B,.7777777835726738
zr,1.05,G01,G01B,.7777777835726738
pc,5.02,B26,B26D,.7777777835726738
hi,5.01,C04,C04B,.7777777835726738
ot,6.02,B24,B24D,.7777777835726738
un,1.03,G01,G01K,.7777777835726738
yy,5.07,H02,H02J,.7777777835726738
ub,1.03,B65,B65C,.7777777835726738
er,1.02,G07,G07B,.7777777835726738
dw,1.04,A21,A21C,.7777777854353189
di,5.02,C10,C10G,.7777777872979641
ep,1.02,A41,A41H,.7777777910232544
po,1.01,F16,F16H,.7777777910232544
ih,2.07,B60,B60W,.7777777910232544
zq,2.07,B04,B04C,.7777777928858995
ea,1.04,B41,B41F,.7777777928858995
ix,2.07,C08,C08K,.7777777928858995
ep,1.02,D21,D21H,.777777798473835
zr,1.05,F17,F17D,.777777798473835
ew,1.02,G06,G06M,.777777798473835
ub,1.03,A47,A47B,.777777798473835
ji,5.01,F02,F02D,.777777798473835
dy,1.04,F27,F27B,.777777798473835
ex,1.02,F23,F23G,.777777798473835
qj,2.05,F26,F26B,.777777798473835
qj,2.05,B26,B26B,.777777798473835
qa,3.01,H03,H03M,.777777798473835
ya,3.02,G03,G03H,.777777798473835
zq,2.07,B64,B64D,.777777798473835
tq,3.02,H04,H04H,.777777798473835
oa,2.11,A01,A01B,.7777778021991253
yp,3.02,G16,G16H,.7781368303112686
jm,5.04,C07,C07K,.7783730693627149
re,1.05,A61,A61F,.778525176923722
pe,5.02,F25,F25B,.7785714501515031
cn,5.01,C07,C07J,.7789604337885976
wv,3.03,G16,G16H,.7789682564325631
qu,1.06,Y02,Y02A,.779026220086962
ai,2.03,G10,G10H,.7791208950802684
ue,2.11,G06,G06G,.7791666751727462
pu,2.03,G10,G10H,.77916669100523
si,1.05,B65,B65D,.7794117648154497
bp,6.04,C07,C07H,.7794840205460787
po,1.01,H03,H03M,.7795417332090437
ue,2.11,A61,A61H,.7796471219044179
dt,2.03,E04,E04D,.7797619253396988
po,1.01,B01,B01L,.7797790234908462
ni,3.01,F21,F21V,.7797905616462231
qq,1.05,B01,B01F,.7798593966290355
le,1.05,A01,A01B,.780303031206131
ox,6.02,C07,C07K,.7803306893911213
uk,1.03,B65,B65G,.7804563664831221
zq,2.07,F16,F16H,.7805455152411014
ix,2.07,H04,H04W,.780932042747736
nn,3.03,C04,C04B,.7809941656887531
wf,1.06,H05,H05K,.78125
za,3.02,F26,F26B,.78125
ij,2.11,F22,F22B,.78125
ya,3.02,G10,G10K,.7819472635164857
qj,2.05,C12,C12Y,.7820222398731858
dr,1.06,B25,B25J,.7823203932493925
uu,5.06,C07,C07H,.7824003049172461
uu,5.06,B81,B81C,.782407428137958
ns,2.01,H03,H03G,.7825510401744395
si,1.05,B64,B64G,.7825757637619972
pe,5.02,F03,F03D,.782638905569911
ix,2.07,A61,A61B,.78267677500844
uk,1.03,F16,F16H,.7828762414865196
aq,3.02,C11,C11D,.7830918068066239
si,1.05,G07,G07C,.7833333350718021
dt,2.03,A23,A23B,.7833333350718021
sy,1.03,B63,B63B,.7833333350718021
cl,9,G03,G03F,.7833333350718021
bp,6.04,G03,G03H,.7833333387970924
iq,2.02,E01,E01F,.7833333387970924
pm,2.05,C06,C06D,.7833333387970924
es,2.02,D03,D03D,.783333346247673
ip,2.07,G03,G03G,.783333346247673
iq,2.02,G06,G06M,.783333346247673
ne,3.03,F28,F28D,.783333346247673
ij,2.11,F23,F23R,.783333346247673
um,3.01,C08,C08K,.783333346247673
ei,1.04,H04,H04H,.783333346247673
re,1.05,A01,A01K,.783333346247673
ev,1.02,D21,D21F,.783333346247673
eq,3.01,G01,G01J,.783333346247673
vy,3.02,B64,B64D,.783333346247673
ja,1.05,F16,F16G,.7833333499729633
ay,3.01,H04,H04N,.7834799690172076
ev,1.02,A47,A47C,.7837301641702652
ei,1.04,B25,B25J,.7843432144727558
ha,5.03,C07,C07H,.7845719419419765
ah,4.01,C09,C09J,.7850676365196705
oe,5.06,B81,B81C,.7854701061733067
am,4.01,A24,A24F,.7855297364294529
zd,9,G06,G06N,.7856135424226522
aa,1.03,B60,B60Q,.7857142873108387
dw,1.04,E02,E02B,.7857142873108387
oe,5.06,G02,G02C,.7857142984867096
ps,5.04,C08,C08G,.7857142984867096
bm,5.07,A24,A24F,.7857142984867096
mu,4.01,A01,A01D,.7857142984867096
ub,1.03,B61,B61L,.7857143022119999
di,5.02,A47,A47B,.7857143096625805
ee,1.04,G09,G09G,.7857143133878708
hb,5.03,G10,G10L,.7857854980975389
es,2.02,H02,H02S,.7859078794717789
sr,2.07,A61,A61N,.7865340501302853
aa,1.03,C03,C03B,.7865497134625912
ui,1.03,G01,G01W,.7866013273596764
yr,2.01,B25,B25J,.7868031831458211
nq,5.01,C22,C22B,.7869047746062279
rz,3.03,C07,C07F,.7872116421349347
iy,1.06,C08,C08F,.7873016074299812
vy,3.02,B26,B26D,.7874193554744124
vx,5.01,C08,C08K,.7875000014901161
qa,3.01,H01,H01S,.7875253779347986
pq,1.01,C10,C10G,.7880952507257462
qq,1.05,B41,B41M,.7880952507257462
uk,1.03,F02,F02M,.7881155349314213
et,1.02,G02,G02C,.7881907513365149
iu,2.03,B61,B61B,.7884615398943424
zm,1.06,A63,A63B,.7884615398943424
ee,1.04,G21,G21G,.7884920854121447
li,3.02,G10,G10L,.7886904925107956
vy,3.02,B29,B29D,.7887941994704306
qj,2.05,A61,A61C,.788937819423154
ig,2.06,G05,G05G,.7890512375161052
ne,3.03,H05,H05H,.7891668593510985
ga,3.02,C08,C08H,.7895194836892188
um,3.01,A61,A61C,.7895502857863903
dw,1.04,G03,G03B,.7896825447678566
gy,5.02,B22,B22D,.7899999991059303
oa,2.11,B82,B82B,.7902210359461606
uf,1.03,F16,F16J,.790277783293277
ma,3.02,D01,D01F,.7907648114487529
wm,5.04,H03,H03F,.7909091003239155
qu,1.06,C30,C30B,.7909091114997864
fi,1.04,A61,A61M,.7909861546941102
rb,2.02,H03,H03F,.7910184147767723
aq,3.02,A23,A23K,.7910569235682487
fa,2.01,F04,F04B,.7911111321300268
ih,2.07,F16,F16K,.7914059297181666
pz,2.05,B63,B63H,.7916666679084301
yi,6.03,A23,A23G,.7916666679084301
jy,4.05,A45,A45C,.7916666679084301
km,1.06,F16,F16L,.7916666679084301
ai,2.03,F21,F21S,.7916666679084301
ox,6.02,H03,H03F,.7916666679084301
ti,9,H04,H04N,.7916666679084301
iy,1.06,A23,A23J,.7916666679084301
ep,1.02,H01,H01C,.7916666716337204
uh,1.03,B22,B22D,.7916666716337204
un,1.03,F24,F24F,.7916666716337204
nu,5.08,D21,D21G,.7916666716337204
re,1.05,B41,B41M,.7916666716337204
lq,3.03,G01,G01R,.7916666716337204
hq,1.04,B63,B63H,.7916666716337204
ru,3.01,E04,E04C,.7916666716337204
ju,4.01,B01,B01F,.7916666716337204
de,1.06,B22,B22D,.7916666716337204
cl,9,G02,G02F,.7916666716337204
dw,1.04,G21,G21C,.7916666716337204
rt,3.02,C10,C10G,.7916666716337204
re,1.05,A63,A63H,.7916666716337204
ih,2.07,B41,B41J,.7916666716337204
zm,1.06,H05,H05B,.7916666716337204
uu,5.06,C09,C09B,.7916666716337204
ox,6.02,C23,C23C,.7916666716337204
ja,1.05,E05,E05B,.7916666716337204
ma,3.02,G21,G21C,.791666672565043
xa,5.04,C10,C10M,.7916666865348816
iq,2.02,C01,C01C,.7916666865348816
if,2.11,B21,B21J,.7916666865348816
ga,3.02,C21,C21B,.7916666865348816
ns,2.01,B60,B60T,.7916666865348816
ih,2.07,B66,B66C,.7916666865348816
jo,5.04,C07,C07F,.7916666865348816
hq,1.04,C10,C10B,.7916666865348816
mc,1.06,C21,C21D,.7916666865348816
ye,2.02,B62,B62B,.7916666865348816
ye,2.02,B26,B26D,.7916666865348816
ja,1.05,C06,C06D,.7916666902601719
cl,9,C07,C07K,.7917527776444331
if,2.11,E06,E06B,.7919117650017142
jy,4.05,H01,H01Q,.7920635147020221
td,3.02,G06,G06N,.7922619096934795
km,1.06,C25,C25B,.7922767214477062
pe,5.02,A61,A61F,.7923147440887988
qh,2.05,B65,B65B,.7923809653148055
we,3.02,B04,B04B,.7925531975924969
qu,1.06,F41,F41H,.7928571444936097
ku,5.07,A61,A61L,.7930641919374466
pu,2.03,G21,G21B,.7931066676974297
bu,1.03,H05,H05K,.7932194666936994
vi,5.01,C08,C08K,.7933139549568295
nu,5.08,B21,B21B,.7934782616794109
dr,1.06,B60,B60K,.7942029116675258
eq,3.01,G06,G06K,.794605272822082
tu,3.01,C07,C07G,.7946297945454717
ij,2.11,B61,B61L,.7948412783443928
dx,3.01,B05,B05D,.7951375590637326
aa,1.03,B60,B60G,.7952381204813719
ph,6.02,C07,C07D,.7953604981303215
vj,5.01,G01,G01J,.7953846221789718
bp,6.04,H03,H03H,.7954545468091965
xa,5.04,A47,A47J,.7954545468091965
et,1.02,C05,C05C,.7954545468091965
wv,3.03,A61,A61C,.7954545468091965
ga,3.02,H01,H01J,.7954545468091965
ye,2.02,A47,A47J,.7954545617103577
pu,2.03,H01,H01P,.7956663919612765
qg,2.05,G04,G04B,.795833345502615
wm,5.04,C22,C22B,.7958333492279053
qa,3.01,G03,G03H,.7960317535325885
cn,5.01,A63,A63B,.7960317609831691
ji,5.01,G07,G07C,.7960678366944194
ii,2.04,G21,G21K,.7962344866245985
bm,5.07,B01,B01D,.7964285761117935
mc,1.06,G11,G11C,.7965133776888251
et,1.02,D21,D21F,.7969697117805481
un,1.03,F17,F17C,.7972464989870787
da,1.06,E21,E21B,.7974806446582079
qh,2.05,B64,B64F,.7976190485060215
vj,5.01,G02,G02F,.7976190485060215
ou,1.06,A01,A01K,.7976190559566021
ya,3.02,A01,A01G,.7976190783083439
uf,1.03,C07,C07D,.7976909489370883
po,1.01,C09,C09K,.7977761561051011
ij,2.11,C07,C07H,.7978488025255501
am,4.01,G01,G01R,.7979576755315065
wq,5.01,C12,C12Q,.7981972070410848
qf,9,C12,C12N,.7983790112193674
le,1.05,C10,C10J,.798708925023675
ah,4.01,D21,D21H,.7987837735563517
cn,5.01,A63,A63F,.798809539526701
rt,3.02,H01,H01B,.7989267893135548
hb,5.03,C12,C12P,.799033300485462
er,1.02,C12,C12Q,.7994973510503769
km,1.06,G01,G01F,.7997196950018406
ya,3.02,B06,B06B,.7998737581074238
gm,3.03,G09,G09B,.7999641406349838
qg,2.05,G07,G07F,.8000000007450581
hb,5.03,A61,A61H,.8000000007450581
xq,2.11,G07,G07C,.8000000007450581
dq,9,B26,B26D,.8000000044703484
nu,5.08,G01,G01H,.8000000044703484
dt,2.03,E06,E06B,.8000000044703484
aa,1.03,A22,A22B,.8000000044703484
bu,1.03,H02,H02J,.8000000044703484
wu,5.04,A01,A01M,.8000000044703484
id,2.07,E01,E01C,.8000000081956387
ec,1.04,H02,H02K,.800000011920929
gc,1.05,H04,H04H,.800000011920929
fy,3.02,A44,A44C,.800000011920929
ea,1.04,A01,A01J,.800000011920929
le,1.05,A21,A21B,.800000011920929
rb,2.02,H04,H04H,.8000000193715096
ub,1.03,A62,A62C,.8000000230967999
we,3.02,C08,C08J,.800090404227376
sy,1.03,C10,C10L,.8002213872969151
ju,4.01,C12,C12Y,.8002231703139842
pe,5.02,A01,A01N,.8004051093012094
vi,5.01,G05,G05D,.8005952467210591
hq,1.04,B25,B25J,.8006817419081926
tm,3.01,G01,G01S,.8009615428745747
ta,1.06,C07,C07K,.8011477251420729
cq,1.06,C05,C05D,.8011642256751657
dy,1.04,F24,F24H,.8012820668518543
dy,1.04,B26,B26B,.8013057447969913
uq,5.07,H04,H04B,.8015298116952181
re,1.05,G03,G03F,.8015873096883297
hy,1.06,C09,C09K,.8015873227268457
lq,3.03,G06,G06N,.8018849343061447
uh,1.03,D21,D21H,.8020494100637734
pw,2.06,B32,B32B,.8023063745349646
le,1.05,H05,H05H,.8023809525184333
dx,3.01,A01,A01G,.8025084463879466
jo,5.04,G01,G01R,.8025252539664507
ix,2.07,B09,B09B,.8030303120613098
ry,2.03,B09,B09C,.8030361770652235
wv,3.03,C12,C12N,.8032136508263648
ee,1.04,A23,A23P,.8032911494374275
wc,3.03,G10,G10H,.8035714421421289
tc,3.02,A63,A63C,.8035714477300644
ep,1.02,C07,C07H,.803572088945657
dm,3.02,A01,A01G,.8039215803146362
te,1.05,C12,C12N,.80398662481457
yr,2.01,B22,B22D,.8040935732424259
ya,3.02,G01,G01F,.8041666708886623
pi,1.06,C10,C10G,.8047799617052078
eq,3.01,G01,G01V,.8047979921102524
ni,3.01,A01,A01G,.8048115284182131
dx,3.01,C12,C12C,.8048136853612959
ep,1.02,B05,B05D,.8048942014575005
oa,2.11,D21,D21C,.8049965584650636
zd,9,C02,C02F,.8050123043358326
yp,3.02,G01,G01K,.8051282074302435
jo,5.04,G02,G02F,.8055555559694767
xa,5.04,B05,B05D,.8055555559694767
zd,9,D06,D06M,.8055555559694767
dx,3.01,B65,B65H,.8055555559694767
hb,5.03,F02,F02B,.8055555559694767
oe,5.06,G05,G05D,.8055555559694767
uf,1.03,E02,E02D,.8055555559694767
ii,2.04,B23,B23B,.8055555559694767
ad,4.02,H01,H01M,.8055555615574121
oa,2.11,F26,F26B,.8055555652827024
ij,2.11,F02,F02B,.8055555708706379
vi,5.01,C01,C01B,.8055555708706379
pm,2.05,G21,G21D,.8055555745959282
dy,1.04,D03,D03D,.8055555783212185
ik,2.11,C07,C07K,.805944528314285
ji,5.01,G05,G05G,.8062770664691925
ji,5.01,G01,G01V,.8063725614920259
si,1.05,A23,A23L,.8064257707446814
ig,2.06,A43,A43D,.8065476417541504
qq,1.05,E01,E01C,.8066666796803474
vy,3.02,C12,C12Y,.8066675388254225
co,1.06,G21,G21G,.8073809668421745
ac,2.02,C09,C09D,.8078703712671995
qq,1.05,G01,G01T,.8079710192978382
if,2.11,F25,F25J,.8083333373069763
ds,3.02,H04,H04Q,.8083333373069763
qa,3.01,F16,F16K,.8083333410322666
ac,2.02,B22,B22C,.8083333447575569
jb,5.07,G08,G08G,.8085955949500203
cn,5.01,B29,B29C,.8087606991175562
qa,3.01,G01,G01H,.8088235296308994
tu,3.01,B22,B22D,.8088235296308994
cq,1.06,D04,D04H,.8088624496012926
gu,1.06,D01,D01D,.8092185633722693
ig,2.06,A63,A63H,.8092948729172349
tu,3.01,H04,H04H,.8093412425369024
ii,2.04,G03,G03B,.8095238134264946
he,5.03,C08,C08G,.8095238208770752
ae,4.05,H05,H05K,.8095238208770752
or,5.09,A63,A63F,.8095238208770752
lj,3.02,C09,C09B,.8095238283276558
dx,3.01,F24,F24F,.8095238357782364
ze,1.06,G06,G06T,.8095238357782364
wc,3.03,B01,B01J,.8096144879236817
ns,2.01,F26,F26B,.8096561003476381
pm,2.05,A63,A63G,.809768745675683
ja,1.05,H03,H03M,.8098581791855395
qa,3.01,F02,F02D,.8100095903500915
km,1.06,C12,C12H,.8100239196792245
ev,1.02,F22,F22B,.810080646071583
pu,2.03,C10,C10B,.8103584088385105
ds,3.02,H04,H04J,.8103864737786353
ay,3.01,B01,B01J,.8106060717254877
er,1.02,B82,B82Y,.8106824969872832
vi,5.01,C08,C08L,.8111111149191856
vy,3.02,F03,F03D,.8111111149191856
tq,3.02,G10,G10H,.8111111149191856
nq,5.01,C23,C23C,.8113874513655901
ns,2.01,H01,H01T,.8115831576287746
un,1.03,C25,C25D,.8116228184662759
sy,1.03,B28,B28B,.811904763802886
ea,1.04,H02,H02S,.81196583295241
dy,1.04,A23,A23N,.8119791708886623
ev,1.02,A01,A01C,.8124783635139465
py,3.02,F01,F01N,.8125
co,1.06,C05,C05G,.8125
ve,3.02,G10,G10H,.8125
un,1.03,A61,A61Q,.8125
oy,9,A47,A47G,.8125
ha,5.03,F24,F24F,.8125
sy,1.03,A23,A23K,.8125
iu,2.03,G04,G04F,.8125
ot,6.02,G08,G08B,.8125000018626451
ea,1.04,D06,D06N,.8125000074505806
ub,1.03,A47,A47F,.8125000149011612
ij,2.11,A41,A41C,.8125000149011612
re,1.05,E02,E02D,.8125000223517418
qg,2.05,G08,G08B,.8125448022037745
ry,2.03,C12,C12M,.8126515957992524
oa,2.11,C22,C22F,.8129735272377729
uf,1.03,C22,C22B,.8130719140172005
yp,3.02,C07,C07F,.8135438826866448
ee,1.04,H02,H02J,.8142325170338154
ee,1.04,F01,F01K,.8142857253551483
mc,1.06,G08,G08C,.8142938697710633
mc,1.06,B01,B01L,.8146189611870795
oi,3.02,C12,C12P,.8146274824393913
cu,1.06,A61,A61J,.8147160112857819
rb,2.02,H03,H03K,.8148356333840638
ue,2.11,B22,B22D,.8148459456861019
ui,1.03,B03,B03B,.8151260651648045
ac,2.02,B60,B60B,.8152777990326285
ne,3.03,A23,A23D,.8154600318521261
yr,2.01,B23,B23K,.815656584687531
ee,1.04,G10,G10L,.8157665580511093
ze,1.06,A23,A23C,.816022727638483
ac,2.02,B63,B63C,.8164682611823082
ay,3.01,H01,H01L,.8166465810500085
im,2.01,C10,C10M,.8166666701436043
le,1.05,H03,H03G,.8166666701436043
dt,2.03,B24,B24C,.8166666701436043
nq,5.01,G11,G11C,.8166666701436043
yq,5.07,G09,G09F,.8166666701436043
ia,3.02,H01,H01G,.8166666738688946
vx,5.01,G10,G10K,.8166666775941849
ep,1.02,G04,G04G,.8166666906327009
cq,1.06,B29,B29B,.8166666924953461
ex,1.02,D03,D03D,.8166666924953461
oe,5.06,A47,A47C,.8166666924953461
ry,2.03,G10,G10L,.8169642873108387
co,1.06,F04,F04D,.8170222798362374
jb,5.07,C07,C07C,.8171176230534911
ma,3.02,G21,G21K,.8171717301011086
pk,2.05,G01,G01C,.8172060595825315
za,3.02,A23,A23C,.81771095469594
pq,1.01,B25,B25J,.8179824613034725
sr,2.07,H02,H02M,.8179894275963306
oy,9,A61,A61H,.8179980483837426
pc,5.02,H01,H01S,.8180641960352659
ah,4.01,C01,C01B,.8183760745450854
db,2.08,A61,A61D,.8184339217841625
uy,1.04,G01,G01H,.8186276899650693
ig,2.06,H04,H04J,.8187232648488134
tq,3.02,C08,C08B,.8187905962113291
ot,6.02,C12,C12Q,.8189117214642465
dx,3.01,Y02,Y02A,.8191176527179778
yu,3.03,C02,C02F,.8192086666822433
mc,1.06,A61,A61H,.8193718162365258
im,2.01,F41,F41H,.8194124540314078
pu,2.03,D06,D06F,.8194444552063942
uh,1.03,D01,D01D,.8195630265399814
uy,1.04,B64,B64D,.8196969851851463
im,2.01,E21,E21C,.8206521905958652
pz,2.05,G21,G21K,.820750487037003
ei,1.04,F16,F16B,.8208333402872086
pf,6.02,G07,G07D,.8212560452520847
xa,5.04,B24,B24D,.8213235400617123
ii,2.04,A01,A01C,.8213504515588284
pq,1.01,D06,D06F,.8214285746216774
qh,2.05,B27,B27K,.8214285746216774
zc,4.03,D06,D06M,.8214285746216774
hy,1.06,H03,H03F,.821428582072258
am,4.01,C12,C12H,.8214285895228386
ea,1.04,G10,G10L,.821428595110774
vx,5.01,C09,C09J,.8217948749661446
uy,1.04,D06,D06L,.822023831307888
oa,2.11,B60,B60J,.8222222253680229
dq,9,G01,G01G,.8228511596098542
ac,2.02,B03,B03C,.8237198127899319
ea,1.04,F21,F21V,.8245098111219704
ve,3.02,C30,C30B,.8250000029802322
vi,5.01,B60,B60L,.8250000029802322
ub,1.03,B60,B60P,.8250000029802322
xq,2.11,F23,F23N,.8250000178813934
bm,5.07,H02,H02K,.8250000178813934
aa,1.03,D06,D06F,.8250000178813934
ei,1.04,C05,C05C,.825000025331974
vy,3.02,B05,B05B,.8251873571425676
ac,2.02,H03,H03D,.825299528427422
my,5.01,A63,A63F,.8253968358039856
ru,3.01,G10,G10K,.8254902027547359
bm,5.07,B24,B24B,.8255952559411526
ad,4.02,B65,B65B,.8259212768170983
ds,3.02,C09,C09D,.8261713697575033
pk,2.05,H02,H02M,.8263671109452844
ya,3.02,A41,A41C,.8263888931833208
ig,2.06,B65,B65B,.8265801263041794
pi,1.06,C08,C08L,.8266463349573314
ma,3.02,B03,B03C,.8268101429566741
bk,6.04,H04,H04J,.8269230797886848
ex,1.02,A01,A01H,.8272660970687866
yy,5.07,H01,H01Q,.8273809738457203
un,1.03,C01,C01G,.8274628128856421
zm,1.06,G10,G10L,.8277333825826645
fs,6.04,B32,B32B,.8277777992188931
yr,2.01,B24,B24B,.8281746208667755
oz,6.02,C07,C07J,.8282828368246555
fs,6.04,B82,B82Y,.8284014035016298
ei,1.04,C09,C09F,.8287037247791886
es,2.02,E04,E04B,.8291666731238365
pe,5.02,A01,A01D,.8291666880249977
et,1.02,F41,F41G,.8291865140199661
rx,3.02,A61,A61H,.8291930044069886
es,2.02,C12,C12R,.8294117655605078
ac,2.02,C40,C40B,.8294193111360073
da,1.06,F16,F16F,.8294871831312776
cu,1.06,B81,B81C,.8298611175268888
za,3.02,H03,H03F,.8299232749268413
si,1.05,C09,C09K,.8303273757919669
da,1.06,A42,A42B,.8303571492433548
ip,2.07,G11,G11B,.8303765449672937
kv,1.05,A61,A61F,.8305555572733283
db,2.08,A43,A43B,.830555560067296
ev,1.02,A01,A01D,.8306818353012204
hb,5.03,G01,G01J,.8308892389759421
oe,5.06,A61,A61L,.8310030517168343
jy,4.05,A01,A01D,.8311965819448233
id,2.07,B65,B65B,.8317494257353246
sa,3.03,G16,G16H,.8317696475423872
ur,1.01,C07,C07D,.8320257816230878
ex,1.02,B64,B64G,.832032635807991
gc,1.05,A61,A61M,.8322510942816734
dk,5.02,G01,G01B,.8327796496450901
jb,5.07,C12,C12N,.8331634060014039
ve,3.02,A63,A63H,.8333333358168602
ye,2.02,D04,D04H,.8333333358168602
qu,1.06,C14,C14C,.8333333358168602
zc,4.03,G08,G08C,.8333333358168602
ik,2.11,F21,F21K,.8333333358168602
et,1.02,B31,B31F,.8333333358168602
pm,2.05,A44,A44B,.8333333358168602
zk,9,C08,C08F,.8333333358168602
pc,5.02,C11,C11D,.8333333358168602
oy,9,G05,G05D,.8333333358168602
jo,5.04,G10,G10L,.8333333358168602
ij,2.11,G07,G07B,.8333333358168602
dt,2.03,F16,F16J,.8333333358168602
uu,5.06,G07,G07D,.8333333358168602
pc,5.02,B29,B29D,.8333333358168602
xy,1.01,D06,D06M,.8333333358168602
gy,5.02,A01,A01B,.8333333358168602
ry,2.03,B65,B65G,.8333333432674408
fa,2.01,A47,A47C,.8333333432674408
gu,1.06,F16,F16F,.8333333432674408
ew,1.02,H02,H02B,.8333333432674408
wu,5.04,F41,F41H,.8333333432674408
ac,2.02,A47,A47J,.8333333432674408
ec,1.04,B24,B24B,.8333333432674408
if,2.11,D01,D01G,.8333333432674408
ve,3.02,G10,G10D,.8333333432674408
km,1.06,E04,E04G,.8333333432674408
dx,3.01,C14,C14C,.8333333432674408
dq,9,D04,D04C,.8333333432674408
mm,6.01,G04,G04B,.8333333432674408
hl,3.03,G01,G01V,.8333333432674408
co,1.06,B65,B65G,.8333333432674408
yi,6.03,C25,C25D,.8333333432674408
am,4.01,F02,F02D,.8333333432674408
bf,5.04,B41,B41F,.8333333432674408
ot,6.02,D07,D07B,.8333333432674408
ha,5.03,B63,B63H,.8333333432674408
cq,1.06,E04,E04G,.8333333432674408
tq,3.02,B21,B21D,.8333333432674408
da,1.06,B41,B41F,.8333333432674408
bq,6.05,E01,E01F,.8333333432674408
oz,6.02,G01,G01G,.8333333432674408
pg,6.02,G10,G10L,.8333333432674408
jb,5.07,B60,B60H,.8333333432674408
mu,4.01,A47,A47G,.8333333432674408
gu,1.06,F16,F16J,.8333333432674408
ei,1.04,C14,C14C,.8333333432674408
sa,3.03,H04,H04H,.8333333432674408
uu,5.06,B07,B07C,.8333333432674408
ad,4.02,B08,B08B,.8333333432674408
de,1.06,B23,B23B,.8333333432674408
dt,2.03,F01,F01C,.8333333432674408
ba,3.02,F04,F04B,.8333333432674408
dx,3.01,E01,E01F,.8333333432674408
gy,5.02,F41,F41H,.8333333432674408
hq,1.04,E05,E05B,.8333333432674408
ee,1.04,F16,F16M,.8333333432674408
ji,5.01,B66,B66C,.8333333432674408
qu,1.06,B65,B65G,.8333333432674408
ad,4.02,B65,B65H,.8333333432674408
cq,1.06,B44,B44D,.8333333432674408
dk,5.02,B62,B62D,.8333333432674408
dx,3.01,C23,C23F,.8333333432674408
eq,3.01,C10,C10L,.8333333432674408
ml,9,A47,A47B,.8333333432674408
pm,2.05,B61,B61K,.8333333432674408
ya,3.02,B60,B60W,.8333333432674408
pu,2.03,E05,E05F,.8333333432674408
if,2.11,B66,B66D,.8333333432674408
uy,1.04,B60,B60W,.8333333432674408
ha,5.03,B23,B23B,.8333333432674408
aq,3.02,H03,H03M,.8333333432674408
my,5.01,H04,H04J,.8333333432674408
bm,5.07,H01,H01R,.8333333432674408
db,2.08,E04,E04G,.8333333432674408
bp,6.04,D06,D06M,.8333333432674408
bp,6.04,E04,E04F,.8333333432674408
ip,2.07,B66,B66C,.8333333432674408
eq,3.01,F02,F02M,.8333333432674408
mr,6.01,C08,C08K,.8333333432674408
tu,3.01,H02,H02B,.8333333432674408
ph,6.02,D01,D01F,.8333333432674408
py,3.02,G07,G07D,.8333333432674408
rt,3.02,B22,B22D,.8333333432674408
cn,5.01,F16,F16B,.8333333432674408
gu,1.06,A46,A46B,.8333333432674408
eq,3.01,H05,H05K,.8333333432674408
or,5.09,B23,B23K,.8333333432674408
pa,6.02,B03,B03D,.8333333432674408
da,1.06,H04,H04H,.8333333432674408
bp,6.04,F02,F02D,.8333333432674408
da,1.06,B42,B42D,.8333333432674408
fa,2.01,B60,B60K,.8333333432674408
pg,6.02,G06,G06K,.8333333432674408
ii,2.04,D21,D21J,.8333333432674408
ja,1.05,F02,F02B,.8333333432674408
gc,1.05,F04,F04C,.8333333432674408
vj,5.01,E01,E01C,.8333333432674408
oe,5.06,B63,B63B,.8333333432674408
jy,4.05,B23,B23Q,.8333333432674408
ki,3.02,F42,F42B,.8333333432674408
et,1.02,A22,A22B,.8333333432674408
ya,3.02,F16,F16J,.8333333432674408
oz,6.02,C23,C23G,.8333333432674408
yo,3.01,H04,H04Q,.8333333432674408
es,2.02,H02,H02G,.8333333432674408
pe,5.02,E04,E04F,.8333333432674408
ij,2.11,B30,B30B,.8333333432674408
tu,3.01,F16,F16M,.8333333432674408
dr,1.06,B67,B67C,.8333333432674408
ye,2.02,H01,H01K,.8333333432674408
xe,4.01,B60,B60C,.8333333432674408
ye,2.02,B23,B23Q,.8333333432674408
kv,1.05,C03,C03C,.8333333432674408
hl,3.03,F25,F25B,.8333333432674408
ga,3.02,C10,C10L,.8333333432674408
tc,3.02,A01,A01H,.8333333432674408
oe,5.06,B07,B07B,.8333333432674408
lj,3.02,G09,G09G,.8333333432674408
tu,3.01,C14,C14C,.8333333432674408
ep,1.02,A47,A47J,.8333333432674408
ij,2.11,E04,E04H,.8333333432674408
ep,1.02,E03,E03D,.8333333432674408
cq,1.06,E01,E01F,.8333333432674408
pc,5.02,G04,G04F,.8333333432674408
yo,3.01,H01,H01Q,.8333333432674408
rt,3.02,C21,C21D,.8333333432674408
ba,3.02,A21,A21D,.8333333432674408
ik,2.11,C12,C12Y,.8333333432674408
uq,5.07,A63,A63F,.8333333432674408
gy,5.02,B21,B21B,.8333333432674408
mu,4.01,F25,F25D,.8333333432674408
wm,5.04,H02,H02H,.8333333432674408
uq,5.07,H05,H05B,.8333333432674408
ya,3.02,F21,F21V,.8333333432674408
nq,5.01,A47,A47K,.8333333432674408
my,5.01,A47,A47D,.8333333432674408
vi,5.01,B61,B61L,.8333333432674408
es,2.02,H02,H02B,.8333333432674408
dy,1.04,B43,B43L,.8333333432674408
jo,5.04,C08,C08G,.8333333432674408
jy,4.05,B07,B07B,.8333333432674408
ne,3.03,H01,H01C,.8333333432674408
bu,1.03,B62,B62D,.8333333432674408
di,5.02,A47,A47D,.8333333432674408
gy,5.02,A62,A62B,.8333333432674408
gy,5.02,B28,B28B,.8333333432674408
di,5.02,A01,A01G,.8333333432674408
wc,3.03,B60,B60G,.8333333432674408
ec,1.04,C05,C05B,.8333333432674408
ea,1.04,F01,F01M,.8333333432674408
vm,5.06,G01,G01L,.8333333432674408
mq,6.01,E03,E03F,.8333333432674408
cu,1.06,F16,F16J,.8333333432674408
ee,1.04,A63,A63C,.8333333432674408
ac,2.02,B09,B09B,.8333333432674408
iy,1.06,E04,E04D,.8333333432674408
vx,5.01,D05,D05C,.8333333432674408
hl,3.03,G01,G01T,.8333333432674408
pa,6.02,E04,E04H,.8333333432674408
io,2.07,E02,E02F,.8333333432674408
ne,3.03,A21,A21C,.8333333432674408
dt,2.03,E01,E01H,.8333333432674408
tu,3.01,B67,B67D,.8333333432674408
sr,2.07,H02,H02H,.8333333432674408
bk,6.04,B61,B61B,.8333333432674408
yg,6.04,F01,F01D,.8333333432674408
ix,2.07,H04,H04M,.8333333432674408
ei,1.04,F41,F41J,.8333333432674408
gm,3.03,C08,C08L,.8333333432674408
bq,6.05,F23,F23G,.8333333432674408
tm,3.01,C03,C03B,.8333333432674408
rz,3.03,A01,A01B,.8333333432674408
ha,5.03,C14,C14C,.8333333432674408
lq,3.03,G01,G01T,.8333333432674408
eu,2.02,F41,F41H,.8333333432674408
pi,1.06,F16,F16L,.8333333432674408
uq,5.07,E04,E04C,.8333333432674408
ot,6.02,A21,A21D,.8333333432674408
zc,4.03,F24,F24F,.8333333432674408
ma,3.02,B60,B60T,.8333333432674408
nn,3.03,B05,B05B,.8333333432674408
gy,5.02,B05,B05B,.8333333432674408
wm,5.04,C10,C10L,.8333333432674408
ih,2.07,F15,F15B,.8333333432674408
uq,5.07,A23,A23F,.8333333432674408
ku,5.07,H01,H01R,.8333333432674408
xw,3.03,G01,G01D,.8333333432674408
qc,6.02,G08,G08B,.8333333432674408
bm,5.07,B60,B60K,.8333333432674408
hl,3.03,G03,G03B,.8333333432674408
ps,5.04,H01,H01S,.8333333432674408
eq,3.01,F01,F01L,.8333333432674408
iq,2.02,E01,E01H,.8333333432674408
lj,3.02,B60,B60K,.8333333432674408
li,3.02,H03,H03G,.8333333432674408
ph,6.02,C08,C08F,.8333333432674408
rz,3.03,F28,F28D,.8333333432674408
dw,1.04,B23,B23Q,.8333333432674408
iq,2.02,C10,C10C,.8333333432674408
we,3.02,G09,G09G,.8333333432674408
jb,5.07,F41,F41A,.8333333432674408
oz,6.02,F23,F23G,.8333333432674408
mq,6.01,B60,B60R,.8333333432674408
dx,3.01,H04,H04Q,.8333333432674408
xe,4.01,B67,B67D,.8333333432674408
ot,6.02,E05,E05C,.8333333432674408
ps,5.04,G03,G03G,.8333333432674408
oy,9,E01,E01F,.8333333432674408
de,1.06,G07,G07C,.8333333432674408
wu,5.04,B66,B66B,.8333333432674408
bp,6.04,B61,B61B,.8333333432674408
ht,1.06,A63,A63F,.8333333432674408
jb,5.07,E04,E04C,.8333333432674408
jb,5.07,E03,E03C,.8333333432674408
ev,1.02,A01,A01F,.8333333432674408
di,5.02,F01,F01N,.8333333432674408
yg,6.04,G10,G10L,.8333333432674408
ro,1.07,C06,C06D,.8333333432674408
wy,5.04,A61,A61Q,.8333333432674408
fu,5.04,B01,B01D,.8333333432674408
bm,5.07,F41,F41H,.8333333432674408
um,3.01,F16,F16H,.8333333432674408
db,2.08,A63,A63C,.8333333432674408
bk,6.04,F02,F02M,.8333333432674408
fa,2.01,B05,B05D,.8333333432674408
bv,5.01,E04,E04B,.8333333432674408
ih,2.07,G02,G02F,.8333333432674408
ve,3.02,E05,E05D,.8333333432674408
im,2.01,B03,B03D,.8333333432674408
cq,1.06,B67,B67C,.8333333432674408
pi,1.06,H05,H05K,.8333333432674408
pj,2.05,B62,B62D,.8333333432674408
ya,3.02,B66,B66F,.8333333432674408
qf,9,G05,G05D,.8333333432674408
qa,3.01,E01,E01C,.8333333432674408
wu,5.04,F16,F16F,.8333333432674408
di,5.02,E04,E04H,.8333333432674408
yi,6.03,G04,G04B,.8333333432674408
qg,2.05,B21,B21C,.8333333432674408
dt,2.03,H03,H03F,.8333333432674408
xe,4.01,C21,C21D,.8333333432674408
yp,3.02,B60,B60W,.8333333432674408
yo,3.01,E04,E04C,.8333333432674408
rt,3.02,E05,E05F,.8333333432674408
dq,9,B63,B63B,.8333333432674408
aa,1.03,B61,B61K,.8333333432674408
yi,6.03,F02,F02B,.8333333432674408
jo,5.04,A61,A61G,.8333333432674408
bk,6.04,E02,E02B,.8333333432674408
ij,2.11,B28,B28B,.8333333432674408
fi,1.04,F16,F16C,.8333333432674408
zc,4.03,C06,C06B,.8333333432674408
mu,4.01,C30,C30B,.8333333432674408
py,3.02,F21,F21S,.8333333432674408
nn,3.03,G02,G02C,.8333333432674408
bp,6.04,D01,D01D,.8333333432674408
nu,5.08,A45,A45C,.8333333432674408
si,1.05,B65,B65H,.8333333432674408
er,1.02,C09,C09D,.8333333432674408
sd,3.02,H04,H04J,.8333333432674408
aa,1.03,F16,F16J,.8333333432674408
am,4.01,F23,F23L,.8333333432674408
pc,5.02,F04,F04C,.8333333432674408
vx,5.01,G09,G09F,.8333333432674408
bk,6.04,C09,C09C,.8333333432674408
or,5.09,B60,B60R,.8333333432674408
zd,9,B07,B07B,.8333333432674408
pu,2.03,H01,H01C,.8333333432674408
jy,4.05,F23,F23G,.8333333432674408
pw,2.06,G21,G21F,.8333333432674408
nn,3.03,B60,B60P,.8333333432674408
rp,6.04,F01,F01L,.8333333432674408
qe,2.09,E01,E01C,.8333333432674408
vx,5.01,E01,E01B,.8333333432674408
ru,3.01,E01,E01F,.8333333432674408
ga,3.02,H04,H04R,.8333333432674408
rt,3.02,E05,E05D,.8333333432674408
id,2.07,F16,F16M,.8333333432674408
kv,1.05,C09,C09D,.8333333432674408
bu,1.03,C10,C10G,.8333333432674408
gm,3.03,C08,C08K,.8333333432674408
ii,2.04,F16,F16N,.8333333432674408
ni,3.01,B28,B28B,.8333333432674408
om,5.05,A61,A61J,.8333333432674408
vy,3.02,C21,C21D,.8333333432674408
vp,3.03,G11,G11B,.8333333432674408
pe,5.02,B21,B21B,.8333333432674408
dt,2.03,F24,F24T,.8333333432674408
io,2.07,D07,D07B,.8333333432674408
ut,6.02,G21,G21C,.8333333432674408
ni,3.01,E01,E01F,.8333333432674408
et,1.02,B67,B67B,.8333333432674408
ne,3.03,F15,F15D,.8333333432674408
um,3.01,F16,F16J,.8333333432674408
fy,3.02,B22,B22D,.8333333432674408
bm,5.07,F16,F16L,.8333333432674408
sa,3.03,G01,G01T,.8333333432674408
xw,3.03,B41,B41F,.8333333432674408
wu,5.04,A47,A47J,.8333333432674408
ru,3.01,G03,G03H,.8333333432674408
rt,3.02,F25,F25D,.8333333432674408
sy,1.03,F24,F24H,.8333333432674408
cu,1.06,H01,H01H,.8333333432674408
ig,2.06,F02,F02C,.8333333432674408
ba,3.02,B08,B08B,.8333333432674408
dm,3.02,B06,B06B,.8333333432674408
qu,1.06,C22,C22F,.8333333432674408
qe,2.09,A23,A23B,.8333333432674408
ga,3.02,B33,B33Y,.8333333432674408
ja,1.05,A43,A43B,.8333333432674408
bm,5.07,B23,B23B,.8333333432674408
up,1.03,B65,B65H,.8333333432674408
ti,9,C09,C09D,.8333333432674408
iu,2.03,E03,E03F,.8333333432674408
ot,6.02,B41,B41F,.8333333432674408
gc,1.05,F16,F16H,.8333333432674408
bf,5.04,C01,C01F,.8333333432674408
tc,3.02,B05,B05D,.8333333432674408
qf,9,B07,B07C,.8333333432674408
wu,5.04,F02,F02M,.8333333432674408
pw,2.06,B60,B60K,.8333333432674408
qa,3.01,C25,C25D,.8333333432674408
mm,6.01,B07,B07C,.8333333432674408
pq,1.01,H01,H01C,.8333333432674408
wu,5.04,D06,D06F,.8333333432674408
et,1.02,F23,F23G,.8333333432674408
ik,2.11,A41,A41D,.8333333432674408
xa,5.04,B65,B65H,.8333333432674408
eu,2.02,A47,A47D,.8333333432674408
ac,2.02,E03,E03F,.8333333432674408
fs,6.04,E01,E01C,.8333333432674408
ub,1.03,A01,A01B,.8333333432674408
eu,2.02,B41,B41J,.8333333432674408
ex,1.02,G06,G06M,.8333333432674408
wy,5.04,G03,G03G,.8333333432674408
ne,3.03,A47,A47G,.8333333432674408
nn,3.03,G01,G01K,.8333333432674408
um,3.01,G08,G08G,.8333333432674408
uf,1.03,B04,B04B,.8333333432674408
pq,1.01,C03,C03B,.8333333432674408
ii,2.04,F01,F01L,.8333333432674408
ui,1.03,B21,B21B,.8333333432674408
pz,2.05,F41,F41G,.8333333432674408
oy,9,D07,D07B,.8333333432674408
mm,6.01,C25,C25D,.8333333432674408
tu,3.01,E02,E02F,.8333333432674408
uy,1.04,F25,F25C,.8333333432674408
xe,4.01,G21,G21C,.8333333432674408
nu,5.08,A22,A22B,.8333333432674408
iy,1.06,B27,B27K,.8333333432674408
bk,6.04,G09,G09F,.8333333432674408
hi,5.01,B60,B60N,.8333333432674408
pm,2.05,D05,D05B,.8333333432674408
rt,3.02,A41,A41C,.8333333432674408
eq,3.01,B60,B60K,.8333333432674408
vm,5.06,B60,B60W,.8333333432674408
ik,2.11,A62,A62B,.8333333432674408
pm,2.05,E05,E05D,.8333333432674408
ad,4.02,H01,H01J,.8333333432674408
tu,3.01,D02,D02G,.8333333432674408
oa,2.11,B60,B60S,.8333333432674408
yg,6.04,D04,D04H,.8333333432674408
ue,2.11,F24,F24F,.8333333469927311
dy,1.04,A01,A01B,.8333333469927311
pe,5.02,B29,B29D,.8333333507180214
ih,2.07,E04,E04D,.8333333507180214
up,1.03,G01,G01F,.8333333507180214
ii,2.04,B44,B44F,.8333333507180214
im,2.01,F23,F23C,.8333333507180214
dr,1.06,B22,B22D,.8333333507180214
or,5.09,F04,F04D,.833333358168602
aa,1.03,F23,F23R,.833333358168602
dt,2.03,A63,A63B,.833333358168602
ot,6.02,A22,A22C,.833333358168602
tu,3.01,B09,B09B,.833333358168602
ex,1.02,A47,A47G,.833333358168602
dw,1.04,C21,C21D,.833333358168602
oy,9,A22,A22C,.833333358168602
xw,3.03,B60,B60T,.833333358168602
dr,1.06,F16,F16M,.833333358168602
ih,2.07,F03,F03B,.833333358168602
ea,1.04,F22,F22B,.833333358168602
ip,2.07,F24,F24H,.833333358168602
ei,1.04,F42,F42C,.833333358168602
ru,3.01,B27,B27B,.833333358168602
fa,2.01,B64,B64D,.833333358168602
ku,5.07,H03,H03H,.833333358168602
ac,2.02,E05,E05B,.833333358168602
eu,2.02,A01,A01H,.833333358168602
uk,1.03,B23,B23D,.833333358168602
es,2.02,F02,F02P,.833333358168602
if,2.11,A01,A01J,.833333358168602
cq,1.06,F16,F16M,.833333358168602
dw,1.04,B29,B29D,.833333358168602
op,3.03,B41,B41M,.833333358168602
le,1.05,E02,E02B,.833333358168602
ql,9,G01,G01D,.833333358168602
yr,2.01,C25,C25D,.833333358168602
vy,3.02,F28,F28D,.8333333618938923
ih,2.07,C25,C25D,.8335317620076239
es,2.02,C12,C12M,.8344025518745184
jb,5.07,G05,G05D,.834422679618001
ih,2.07,F01,F01K,.8345238342881203
pe,5.02,G21,G21D,.8347222357988358
ot,6.02,A61,A61H,.8351216716691852
id,2.07,C12,C12Y,.8352225651033223
ve,3.02,C02,C02F,.8353174738585949
ei,1.04,H01,H01K,.8355555739253759
cn,5.01,C07,C07F,.8356653824448586
ij,2.11,C11,C11B,.835709597915411
co,1.06,H03,H03F,.8360251868143678
yy,5.07,A61,A61Q,.8361111134290695
um,3.01,B63,B63C,.8361111208796501
lq,3.03,A61,A61J,.8368055615574121
ia,3.02,C10,C10L,.837029445450753
ik,2.11,H02,H02S,.8370370431803167
qu,1.06,A61,A61H,.8370627746917307
sr,2.07,C04,C04B,.8371438877657056
rx,3.02,G06,G06N,.8372967322356999
wu,5.04,G07,G07C,.8373015960678458
pe,5.02,B07,B07C,.8373016081750393
ac,2.02,G04,G04G,.8373016137629747
ep,1.02,H05,H05H,.8375000040978193
eu,2.02,H03,H03H,.8375178072601557
qf,9,H04,H04Q,.8376225540414453
if,2.11,A63,A63H,.8377136820927262
yp,3.02,B01,B01L,.8377569033764303
sr,2.07,C08,C08F,.8380289087072015
ea,1.04,G07,G07B,.8380952551960945
tc,3.02,H01,H01S,.8387096873484552
yo,3.01,B01,B01F,.8393323004711419
cn,5.01,G01,G01G,.8395061939954758
ai,2.03,G04,G04F,.8397436146624386
si,1.05,E01,E01C,.8400000035762787
pe,5.02,C07,C07H,.8401360716670752
ot,6.02,H01,H01B,.8401515185832977
ue,2.11,G07,G07G,.8401515334844589
es,2.02,F16,F16J,.8402778026647866
jb,5.07,C09,C09K,.8403273981530219
uy,1.04,B63,B63B,.840476194396615
co,1.06,G03,G03B,.8406204991042614
wf,1.06,C12,C12Y,.8407371069770306
ya,3.02,A23,A23C,.8407872328534722
yr,2.01,F41,F41H,.840796044562012
da,1.06,G01,G01D,.840829361230135
uk,1.03,B05,B05C,.8408574941568077
pi,1.06,C08,C08J,.8409473462961614
rt,3.02,B23,B23P,.8411458432674408
dw,1.04,F25,F25D,.8413978591561317
qe,2.09,C23,C23F,.8414715882390738
hy,1.06,H05,H05B,.8415300641208887
po,1.01,B64,B64C,.8416666686534882
wv,3.03,A63,A63F,.8416666723787785
re,1.05,C10,C10M,.8419447571504861
ze,1.06,C11,C11D,.8420826666988432
pc,5.02,G01,G01L,.8421052657067776
ei,1.04,A23,A23P,.8422533087432384
xy,1.01,G01,G01K,.8422605469822884
sy,1.03,A47,A47L,.8422688494902104
lq,3.03,E21,E21B,.8423423524945974
rt,3.02,G07,G07C,.8425000039860606
sa,3.03,A61,A61H,.842512319330126
li,3.02,H01,H01M,.8425926025956869
rb,2.02,B01,B01F,.84259835164994
ra,2.11,H03,H03M,.842766243731603
qf,9,A62,A62D,.8427672982215881
li,3.02,C08,C08L,.842857152223587
ui,1.03,F26,F26B,.842857152223587
wu,5.04,C22,C22B,.8428571671247482
dr,1.06,F28,F28D,.8430555639788508
dq,9,C11,C11C,.8431372651830316
mc,1.06,G07,G07F,.8431941377930343
ru,3.01,C09,C09J,.8432539738714695
hy,1.06,B32,B32B,.8433333430439234
ac,2.02,H03,H03C,.8435185262933373
ex,1.02,F41,F41G,.8437500186264515
wu,5.04,C03,C03C,.8439394012093544
vi,5.01,C08,C08J,.8441558480262756
yo,3.01,B05,B05D,.8442029086872935
gu,1.06,G01,G01K,.8444444546476007
zr,1.05,B41,B41F,.8444444546476007
ac,2.02,E05,E05F,.8444444667547941
cu,1.06,G09,G09F,.8445692984387279
co,1.06,F17,F17C,.8448275960981846
ip,2.07,B05,B05B,.8449612502008677
ze,1.06,H04,H04M,.8449714761227369
xa,5.04,G01,G01S,.845238097012043
ry,2.03,H03,H03D,.8455284647643566
po,1.01,B32,B32B,.8456959729082882
po,1.01,B65,B65G,.8458333434537053
ig,2.06,B65,B65G,.8458333434537053
pw,2.06,A23,A23K,.8459274577908218
my,5.01,A23,A23L,.8459292948246002
ry,2.03,F21,F21V,.8461153022944927
vx,5.01,A63,A63H,.8461538562551141
ix,2.07,F16,F16L,.8464912381023169
vi,5.01,A23,A23K,.8470392925664783
ub,1.03,E04,E04F,.8472222238779068
pe,5.02,G08,G08C,.8472222248092294
dt,2.03,F02,F02F,.8472222350537777
qe,2.09,G02,G02F,.8476190567016602
ns,2.01,G07,G07F,.8476190567016602
td,3.02,C09,C09D,.8476190576329827
op,3.03,C12,C12M,.8476190576329827
ex,1.02,F02,F02P,.8478260971605778
ep,1.02,B63,B63G,.8478261157870293
iq,2.02,Y02,Y02P,.8479166701436043
ea,1.04,B64,B64C,.8480616807937622
qe,2.09,A23,A23D,.8481554742902517
pc,5.02,C03,C03C,.8484848588705063
tm,3.01,A23,A23C,.8488408555276692
qg,2.05,C01,C01C,.8489819038659334
ga,3.02,H05,H05B,.8491228222846985
qf,9,C10,C10B,.8495010994374752
yo,3.01,C05,C05G,.8497474957257509
bp,6.04,G08,G08C,.8500000014901161
cl,9,G05,G05B,.8500000014901161
td,3.02,G01,G01C,.8500000014901161
zd,9,B08,B08B,.8500000014901161
ip,2.07,G08,G08C,.8500000014901161
gu,1.06,H03,H03G,.8500000014901161
id,2.07,F41,F41H,.8500000014901161
if,2.11,A23,A23B,.8500000014901161
uk,1.03,B23,B23C,.8500000014901161
xa,5.04,B60,B60N,.8500000014901161
bk,6.04,G08,G08C,.8500000014901161
ku,5.07,C11,C11D,.8500000014901161
mr,6.01,H02,H02K,.8500000014901161
ve,3.02,G10,G10K,.8500000014901161
ky,1.05,F16,F16L,.8500000089406967
iq,2.02,A45,A45B,.8500000089406967
ih,2.07,A47,A47C,.8500000108033419
le,1.05,F01,F01K,.8500000163912773
ev,1.02,H02,H02G,.8500000163912773
ea,1.04,F24,F24S,.8500000238418579
cq,1.06,A43,A43B,.8500000238418579
er,1.02,H01,H01S,.8500000257045031
if,2.11,D01,D01D,.8501984188333154
pw,2.06,G01,G01V,.8509325734339654
ip,2.07,C11,C11D,.8511396171525121
km,1.06,B23,B23K,.8511476903222501
nm,5.02,B01,B01D,.8511904869228601
tq,3.02,D01,D01F,.8511904869228601
pe,5.02,A01,A01G,.8511904925107956
ac,2.02,G07,G07D,.8512772135436535
ur,1.01,H01,H01P,.8513964843004942
ix,2.07,E01,E01C,.8515151608735323
up,1.03,G05,G05F,.851831529289484
rt,3.02,B42,B42D,.851851861923933
xw,3.03,G03,G03F,.851851861923933
io,2.07,H01,H01L,.8519480600953102
pc,5.02,A61,A61H,.8519841367378831
li,3.02,C12,C12P,.8520121434703469
wf,1.06,C08,C08L,.852124186232686
dr,1.06,H01,H01F,.8521645260043442
qe,2.09,G01,G01B,.8522186889313161
yr,2.01,C08,C08K,.8525252752006054
pw,2.06,C02,C02F,.852564113214612
da,1.06,H05,H05H,.8527664188295603
eq,3.01,C12,C12N,.852785803610459
op,3.03,A01,A01H,.8529411945492029
gc,1.05,C08,C08J,.8529942333698273
cu,1.06,A61,A61D,.8530002115294337
ve,3.02,H04,H04J,.8530625496059656
fi,1.04,G01,G01M,.853333342820406
dt,2.03,A61,A61N,.8537926750723273
wv,3.03,A01,A01H,.8538674456067383
ps,5.04,G07,G07F,.8540614563971758
ih,2.07,G21,G21G,.8540695495903492
if,2.11,D21,D21B,.8541666679084301
qg,2.05,C14,C14C,.8541666679084301
pc,5.02,G03,G03B,.8541666716337204
we,3.02,G03,G03C,.8541666716337204
dt,2.03,C07,C07B,.8541666809469461
ga,3.02,A23,A23G,.8544872142374516
hi,5.01,G06,G06K,.8545239511877298
py,3.02,B05,B05B,.8546051355078816
tu,3.01,B04,B04B,.8546099383383989
pc,5.02,C22,C22B,.8547619245946407
hy,1.06,H01,H01M,.8550724741071463
ph,6.02,G11,G11B,.8555555660277605
sd,3.02,G10,G10L,.8555555734783411
bu,1.03,A01,A01K,.8555555772036314
di,5.02,C02,C02F,.8557900581508875
ex,1.02,C40,C40B,.8560502749169245
uk,1.03,F24,F24C,.856060616672039
qf,9,D04,D04H,.856060616672039
km,1.06,H01,H01B,.8564737571869045
es,2.02,B64,B64D,.8569444622844458
qu,1.06,B44,B44D,.857142873108387
ff,3.02,G01,G01K,.857142873108387
lq,3.03,B65,B65H,.8571428824216127
ei,1.04,F02,F02K,.8571428880095482
fy,3.02,B21,B21F,.8571428954601288
ns,2.01,F15,F15D,.857230210211128
ee,1.04,C12,C12G,.8573232479393482
ka,4.01,C07,C07H,.8574142944999039
uh,1.03,H03,H03F,.8575152233242989
ni,3.01,A62,A62D,.8577633863314986
dm,3.02,B66,B66C,.8578010008204728
mc,1.06,H02,H02M,.8578886520117521
xq,2.11,G01,G01L,.858067724853754
vi,5.01,B41,B41M,.8583333380520344
ac,2.02,G06,G06G,.8583333427086473
up,1.03,H02,H02N,.8584110513329506
mu,4.01,C12,C12M,.8584267096593976
fa,2.01,C07,C07D,.8585928184911609
qh,2.05,H02,H02K,.8589195995591581
cu,1.06,A23,A23D,.8590389890596271
dr,1.06,B08,B08B,.8590617822483182
ry,2.03,A63,A63G,.8593614920973778
hq,1.04,H02,H02P,.8595085656270385
ru,3.01,E03,E03B,.8598915943875909
xe,4.01,B82,B82Y,.8601875584572554
iq,2.02,C01,C01F,.8609584961086512
dr,1.06,B81,B81C,.8610532414168119
cq,1.06,E04,E04C,.8611111119389534
pz,2.05,D03,D03D,.8611111119389534
ji,5.01,B65,B65G,.8611111119389534
vi,5.01,B32,B32B,.8611111119389534
dr,1.06,G05,G05F,.8611111119389534
le,1.05,F23,F23G,.8611111119389534
bi,6.01,H04,H04R,.8611111119389534
ub,1.03,F23,F23Q,.8611111119389534
ut,6.02,H01,H01S,.8611111119389534
if,2.11,G21,G21F,.8611111119389534
oy,9,E04,E04H,.8611111119389534
pg,6.02,A01,A01N,.861111119389534
ot,6.02,G08,G08G,.8611111212521791
hq,1.04,B60,B60Q,.8611111231148243
ra,2.11,H05,H05B,.8611111268401146
le,1.05,F16,F16F,.8611111268401146
id,2.07,C12,C12F,.8611111342906952
uy,1.04,F02,F02P,.8611111361533403
za,3.02,A01,A01H,.8611111361533403
fe,5.05,G02,G02B,.8619047719985247
ha,5.03,B25,B25J,.8619883293285966
ub,1.03,D21,D21G,.8624552069231868
un,1.03,C22,C22B,.8625000007450581
li,3.02,C07,C07J,.8626559486147016
ct,9,H04,H04N,.8627451155334711
rx,3.02,G02,G02B,.8629141002893448
qf,9,F17,F17D,.8630952462553978
zq,2.07,C03,C03B,.8631944628432393
ne,3.03,C07,C07J,.8634659419767559
ds,3.02,H02,H02M,.8636363744735718
qf,9,C09,C09C,.8641733143012971
km,1.06,C09,C09B,.8642728007398546
ro,1.07,Y02,Y02P,.8642857149243355
ml,9,G06,G06K,.8642857186496258
vi,5.01,G01,G01D,.8645833432674408
iq,2.02,A24,A24F,.8646179419010878
fy,3.02,B24,B24C,.8650793731212616
iq,2.02,B23,B23C,.8650793768465519
ip,2.07,C12,C12Q,.8651624224148691
gy,5.02,G01,G01V,.8652145229279995
pu,2.03,H03,H03F,.8652257574722171
dm,3.02,A24,A24F,.8653846271336079
ju,4.01,B09,B09C,.8653846345841885
uh,1.03,B01,B01F,.8662538323551416
ub,1.03,D21,D21C,.8666005367413163
ac,2.02,E01,E01C,.8666666708886623
oz,6.02,C25,C25F,.8666666746139526
ex,1.02,C22,C22B,.8666666746139526
pn,1.01,B23,B23D,.8666666746139526
eu,2.02,C25,C25F,.8666666746139526
gu,1.06,B22,B22C,.8666666746139526
ij,2.11,E06,E06B,.8666666746139526
wu,5.04,D01,D01F,.8666666746139526
gm,3.03,B82,B82Y,.8666666783392429
pm,2.05,C05,C05F,.8666666783392429
er,1.02,B60,B60C,.8666666783392429
pu,2.03,E01,E01F,.8666666820645332
dt,2.03,F22,F22G,.8666666895151138
es,2.02,D04,D04B,.8666666895151138
yy,5.07,C08,C08L,.8666666895151138
iu,2.03,F22,F22G,.8666666895151138
fy,3.02,G07,G07G,.8666666895151138
ub,1.03,B61,B61K,.8666666895151138
il,2.07,B29,B29C,.8666666895151138
ev,1.02,A61,A61Q,.8667948842048645
qh,2.05,G01,G01D,.8671226112637669
un,1.03,A61,A61M,.867143536452204
wm,5.04,E04,E04C,.8671717364341021
ka,4.01,A23,A23K,.8672619163990021
ki,3.02,G01,G01V,.8676470667123795
id,2.07,G21,G21H,.8678571656346321
ih,2.07,G01,G01K,.8680555745959282
ee,1.04,A24,A24D,.8684210553765297
ii,2.04,F02,F02G,.8685897514224052
dw,1.04,B26,B26B,.8686868920922279
eq,3.01,A23,A23L,.8689319444820285
um,3.01,A23,A23P,.8689516112208366
uy,1.04,G01,G01C,.8689746996387839
un,1.03,G01,G01M,.8690476231276989
hl,3.03,B44,B44C,.8690476305782795
tc,3.02,H01,H01H,.8690476305782795
le,1.05,B63,B63H,.8690476454794407
op,3.03,B82,B82Y,.8693142416886985
iu,2.03,B03,B03B,.8693910357542336
dr,1.06,D01,D01D,.8696210295893252
cu,1.06,B60,B60N,.8696969784796238
sr,2.07,C08,C08G,.8697916821110994
re,1.05,G11,G11B,.8699199538677931
ia,3.02,H04,H04J,.8700272142887115
db,2.08,F15,F15D,.8700444353744388
oi,3.02,G06,G06K,.8700854806229472
im,2.01,D04,D04C,.8703703731298447
fa,2.01,D04,D04C,.8703703731298447
am,4.01,E02,E02D,.8703703731298447
ip,2.07,C07,C07F,.870370376855135
co,1.06,F17,F17D,.8703703805804253
um,3.01,G01,G01G,.8705778773874044
lj,3.02,A01,A01N,.8707070918753743
ja,1.05,F23,F23D,.8707265127450228
db,2.08,G01,G01L,.8708247961476445
cu,1.06,H03,H03F,.8708827514201403
yr,2.01,C07,C07F,.8708928814157844
uk,1.03,B62,B62D,.8709656153805554
db,2.08,B27,B27N,.8709677457809448
cu,1.06,H05,H05K,.8711365694180131
yr,2.01,C03,C03C,.871212144382298
po,1.01,C40,C40B,.8712713262066245
wc,3.03,B32,B32B,.8715053778141737
eo,6.02,A61,A61F,.8716117460280657
ga,3.02,G06,G06N,.8717676168307662
ue,2.11,C08,C08K,.8717948794364929
ih,2.07,H02,H02J,.8718543061986566
ma,3.02,G01,G01T,.8721195557154715
nn,3.03,A61,A61D,.8721532132476568
cq,1.06,G07,G07G,.8722222242504358
oa,2.11,B09,B09C,.872222226113081
ig,2.06,F41,F41H,.8725378960371017
ex,1.02,A47,A47K,.872549045830965
rb,2.02,G02,G02F,.8726021125912666
tm,3.01,E21,E21B,.8726190589368343
qe,2.09,H04,H04R,.872767873108387
vm,5.06,H01,H01L,.872817475348711
dr,1.06,G01,G01P,.8731083497405052
js,6.04,C07,C07H,.8738609193824232
hq,1.04,G09,G09B,.8739256463013589
hl,3.03,G05,G05B,.8740443047136068
ep,1.02,G21,G21K,.8742515072226524
ew,1.02,A63,A63G,.8742690272629261
ro,1.07,H01,H01T,.8743386343121529
ig,2.06,F02,F02M,.8747474858537316
um,3.01,B25,B25J,.8747736113145947
uy,1.04,A63,A63C,.875
ka,4.01,G05,G05D,.875
qg,2.05,G04,G04F,.875
su,3.02,F41,F41H,.875
xa,5.04,C09,C09D,.875
aa,1.03,G09,G09F,.875
we,3.02,D21,D21H,.875
nu,5.08,F16,F16G,.875
ik,2.11,A01,A01K,.875
un,1.03,F03,F03G,.875
tu,3.01,B60,B60L,.875
jb,5.07,A01,A01G,.875
ix,2.07,H03,H03K,.875
vs,5.01,A63,A63B,.875
iq,2.02,A63,A63J,.875
hf,6.03,H02,H02M,.875
ou,1.06,A23,A23L,.875
ep,1.02,B41,B41C,.875
or,5.09,B01,B01D,.875
oe,5.06,E02,E02F,.875
or,5.09,F01,F01N,.875
ue,2.11,A01,A01J,.875
ij,2.11,B67,B67D,.875
iu,2.03,A01,A01M,.875
uk,1.03,E04,E04D,.875
es,2.02,B63,B63B,.875
gc,1.05,G01,G01L,.875
wv,3.03,F25,F25D,.8750000037252903
up,1.03,C08,C08K,.8750000037252903
hf,6.03,F25,F25D,.8750000037252903
ya,3.02,B02,B02C,.8750000074505806
oa,2.11,C23,C23G,.8750000074505806
uk,1.03,D04,D04B,.8750000111758709
hi,5.01,B41,B41J,.8750000111758709
ex,1.02,F16,F16L,.8750000111758709
ub,1.03,F16,F16G,.8750000111758709
pu,2.03,F23,F23J,.8750000111758709
wu,5.04,B60,B60W,.8750000111758709
cl,9,G03,G03H,.8750000149011612
id,2.07,F22,F22D,.8750000149011612
pu,2.03,B60,B60T,.8750000149011612
ou,1.06,G01,G01F,.8750000149011612
yq,5.07,E01,E01F,.8750000149011612
sa,3.03,A63,A63B,.8750000186264515
iu,2.03,A62,A62B,.8750000223517418
zr,1.05,C09,C09C,.8753968374803662
uh,1.03,H02,H02N,.8757178750820458
io,2.07,B01,B01D,.875897441059351
vj,5.01,G01,G01C,.8759058024734259
id,2.07,C22,C22F,.875907882116735
ti,9,B01,B01L,.8759083580225706
ij,2.11,F03,F03G,.8760000080801547
fa,2.01,G08,G08G,.8760683797299862
ae,4.05,D21,D21B,.876442588865757
ex,1.02,G02,G02C,.8766106525436044
dw,1.04,H02,H02M,.8767507262527943
tc,3.02,C09,C09D,.8769841305911541
uf,1.03,H04,H04M,.8775362437590957
zr,1.05,F03,F03G,.8777777813374996
ix,2.07,A01,A01N,.8777777999639511
qu,1.06,H02,H02M,.8777777999639511
jb,5.07,C10,C10G,.8777778036892414
sy,1.03,D21,D21H,.8780278875492513
tm,3.01,G01,G01J,.8780726084951311
nu,5.08,G08,G08C,.8787878826260567
bk,6.04,H03,H03H,.8787878900766373
xq,2.11,G10,G10K,.8787878900766373
rq,1.06,G01,G01R,.8787878900766373
gy,5.02,D21,D21F,.8787878900766373
ee,1.04,G01,G01C,.8787878900766373
pm,2.05,F24,F24C,.8787879049777985
sd,3.02,C07,C07F,.8793816214893013
oi,3.02,F21,F21K,.8794117672368884
dr,1.06,H01,H01B,.8795494260266423
vm,5.06,G06,G06N,.8796296324580908
tq,3.02,H05,H05B,.8798245880752802
tc,3.02,G06,G06N,.8805953860282898
im,2.01,B29,B29B,.8807471487671137
ji,5.01,H05,H05K,.8807720132172108
up,1.03,C07,C07K,.8809285529423505
ja,1.05,F24,F24S,.8809523843228817
ew,1.02,B61,B61K,.8809523917734623
ai,2.03,B41,B41M,.8809523917734623
ex,1.02,F16,F16J,.8809523917734623
di,5.02,C08,C08J,.8809523917734623
wm,5.04,G08,G08C,.8809523917734623
gu,1.06,G09,G09F,.8809523917734623
td,3.02,H04,H04S,.8809523954987526
tq,3.02,H02,H02K,.8809524066746235
ga,3.02,C09,C09B,.8812022171914577
hb,5.03,G01,G01P,.8812500070780516
rb,2.02,G01,G01Q,.8814141529146582
op,3.03,H04,H04L,.8817460397258401
sr,2.07,H03,H03L,.8817460499703884
am,4.01,C12,C12G,.8819444524124265
ub,1.03,B66,B66F,.8819444552063942
if,2.11,H03,H03L,.8825757652521133
mu,4.01,G01,G01F,.8828125
dr,1.06,A23,A23F,.8829412600025535
yr,2.01,G01,G01T,.8830106719397008
yr,2.01,C08,C08J,.8832635283470154
dt,2.03,G06,G06N,.88326720520854
ep,1.02,F16,F16B,.8833333402872086
qq,1.05,H03,H03F,.8833333402872086
pz,2.05,H02,H02N,.8833333440124989
ik,2.11,F03,F03D,.8833333440124989
oa,2.11,E04,E04C,.8833333440124989
ou,1.06,C07,C07C,.8833333449438214
iy,1.06,C12,C12G,.8833333477377892
sy,1.03,F02,F02B,.8833333477377892
uh,1.03,F25,F25D,.88333335891366
im,2.01,C08,C08F,.883524926379323
qg,2.05,H03,H03F,.883572562597692
ns,2.01,F02,F02C,.8837301805615425
rt,3.02,G21,G21F,.8839285746216774
ac,2.02,B25,B25B,.8842105343937874
ij,2.11,C08,C08C,.8842261978425086
up,1.03,C09,C09D,.8842592593282461
re,1.05,B09,B09B,.884259270504117
qf,9,F03,F03G,.8843254111707211
gy,5.02,G16,G16H,.8845760268159211
ro,1.07,F24,F24H,.8846153989434242
wc,3.03,B42,B42D,.8847883641719818
iu,2.03,G01,G01W,.8849206436425447
fs,6.04,G02,G02B,.8849657364189625
es,2.02,B06,B06B,.8858586065471172
ne,3.03,H01,H01P,.8859649375081062
pm,2.05,C13,C13K,.8860013801604509
zd,9,C10,C10G,.8862359551712871
if,2.11,B66,B66C,.8862439803779125
hb,5.03,G01,G01S,.8863636516034603
jy,4.05,G21,G21F,.8865149943158031
qe,2.09,G01,G01K,.8869047667831182
aa,1.03,B60,B60N,.8869047835469246
wc,3.03,D21,D21H,.8869047909975052
dq,9,G03,G03F,.8869251795113087
ew,1.02,F01,F01D,.8873016089200974
yi,6.03,C12,C12Q,.8873291788622737
ep,1.02,B23,B23D,.8875000234693289
co,1.06,B41,B41M,.8875527493655682
dr,1.06,B65,B65B,.887677644379437
uk,1.03,B26,B26B,.8878726325929165
yu,3.03,B03,B03C,.8880471400916576
ti,9,B03,B03C,.8880471400916576
ma,3.02,G01,G01V,.8881313279271126
yq,5.07,G02,G02B,.8881410514004529
fi,1.04,A61,A61N,.8883912190794945
nn,3.03,H03,H03H,.8884058091789484
ru,3.01,B60,B60Q,.8884575655683875
cq,1.06,H03,H03L,.8884615413844585
tc,3.02,B25,B25J,.8885092507116497
dm,3.02,F21,F21K,.8886846490204334
uf,1.03,G10,G10K,.8888648673892021
dk,5.02,C10,C10G,.8888888917863369
oy,9,F01,F01L,.8888888917863369
ps,5.04,B29,B29C,.8888888917863369
iy,1.06,G06,G06M,.8888888955116272
zc,4.03,G08,G08B,.8888888955116272
ro,1.07,F02,F02P,.8888888955116272
cn,5.01,H05,H05K,.8888888955116272
pw,2.06,A63,A63B,.8888888992369175
dw,1.04,B23,B23B,.8888888992369175
uk,1.03,A62,A62C,.8888888992369175
pc,5.02,H04,H04H,.8888888992369175
hl,3.03,F04,F04B,.8888888992369175
cq,1.06,C05,C05C,.8888888992369175
wu,5.04,G10,G10K,.8888888992369175
ka,4.01,C08,C08B,.8892495352774858
yr,2.01,H03,H03J,.8892774106934667
pm,2.05,D06,D06L,.8894841521978378
hq,1.04,B05,B05C,.8894927799701691
xa,5.04,G10,G10L,.889727558940649
rb,2.02,H03,H03G,.889972910284996
qf,9,H03,H03F,.890151540748775
ae,4.05,A23,A23D,.8901515416800976
wm,5.04,B41,B41J,.8904761932790279
ma,3.02,G01,G01J,.8906620012130588
dr,1.06,F16,F16K,.890750071965158
cu,1.06,B25,B25J,.890771088656038
eq,3.01,H01,H01S,.8909090980887413
ae,4.05,A24,A24B,.8910983027890325
li,3.02,G16,G16H,.8912786734290421
pn,1.01,C07,C07H,.8914317190647125
ec,1.04,H03,H03M,.8916927874088287
ex,1.02,B66,B66C,.8917946871370077
ig,2.06,G05,G05F,.8918650853447616
ns,2.01,G01,G01G,.8920902356039733
qc,6.02,C09,C09K,.8921568728983402
un,1.03,A63,A63F,.8923077043145895
ur,1.01,C12,C12N,.8924660288030282
wc,3.03,H01,H01R,.8928571492433548
gu,1.06,G01,G01F,.8928571492433548
dm,3.02,A47,A47F,.8928571492433548
oy,9,H03,H03G,.8928571529686451
sd,3.02,G08,G08B,.8929093647748232
uk,1.03,A24,A24D,.892939830198884
yo,3.01,H04,H04R,.8931998759508133
ev,1.02,D06,D06M,.8936508037149906
id,2.07,B27,B27K,.8939792728051543
ui,1.03,B44,B44C,.8939909399487078
pj,2.05,A21,A21D,.8943759794346988
bv,5.01,H04,H04W,.8944444581866264
sr,2.07,G03,G03H,.8944911472499371
de,1.06,F21,F21K,.8946078456938267
iq,2.02,D02,D02G,.8946428643539548
nq,5.01,G08,G08B,.8955000070855021
ru,3.01,B03,B03C,.895545321283862
ad,4.02,C07,C07F,.8956078737974167
fa,2.01,B66,B66C,.8958333358168602
ue,2.11,C11,C11D,.8958333358168602
wm,5.04,C06,C06C,.8958333358168602
yo,3.01,B60,B60K,.8958333432674408
pi,1.06,C10,C10M,.8958333432674408
ij,2.11,H05,H05H,.8958333432674408
pm,2.05,F22,F22B,.8958333432674408
hl,3.03,C08,C08G,.8960114065557718
pn,1.01,H03,H03L,.8961039036512375
up,1.03,C03,C03C,.8961039073765278
we,3.02,A61,A61G,.8962949048727751
oo,3.03,A01,A01N,.896383648738265
aa,1.03,B66,B66B,.8964646700769663
hq,1.04,F24,F24S,.8965750196948647
hf,6.03,H04,H04R,.8968254011124372
et,1.02,F42,F42B,.8968254067003727
if,2.11,G21,G21D,.8968254085630178
tc,3.02,G08,G08G,.8969697095453739
tq,3.02,C07,C07J,.8970133680850267
dy,1.04,H03,H03L,.8973027195315808
wv,3.03,G11,G11C,.8977272752672434
co,1.06,F16,F16L,.8978276494890451
xq,2.11,A24,A24B,.8981310892850161
uh,1.03,F28,F28F,.8981481567025185
bf,5.04,B25,B25J,.8981600441038609
da,1.06,A24,A24B,.8982191081158817
tc,3.02,B01,B01D,.8987543494440615
my,5.01,G08,G08C,.8988095391541719
qg,2.05,G03,G03H,.8988391282036901
ma,3.02,B60,B60R,.8993902429938316
wh,3.02,A23,A23L,.8994298595935106
pt,3.03,G05,G05D,.8994803980458528
le,1.05,G07,G07D,.8995370455086231
pq,1.01,B64,B64C,.9000000059604645
im,2.01,G07,G07G,.9000000059604645
dy,1.04,F03,F03D,.9000000059604645
ih,2.07,C06,C06C,.9000000059604645
te,1.05,C10,C10L,.9000000059604645
xw,3.03,B62,B62M,.9000000059604645
ai,2.03,G04,G04G,.9000000134110451
pe,5.02,A23,A23L,.9000000134110451
pn,1.01,B65,B65H,.9000000134110451
km,1.06,A41,A41D,.9000000134110451
om,5.05,F41,F41H,.9000000134110451
bi,6.01,H03,H03H,.9000000134110451
ns,2.01,B66,B66B,.9000000134110451
im,2.01,C03,C03B,.9000000134110451
ya,3.02,H04,H04K,.9000000134110451
cq,1.06,B66,B66B,.9000000134110451
mc,1.06,B66,B66B,.9000000134110451
im,2.01,A01,A01B,.9000000134110451
tc,3.02,H04,H04J,.9000000134110451
qq,1.05,C09,C09B,.9000000171363354
ju,4.01,A22,A22C,.9000000208616257
pz,2.05,G21,G21B,.9000000208616257
km,1.06,C07,C07B,.9001649180427194
ue,2.11,C01,C01B,.900310559431091
lj,3.02,E21,E21B,.9003357850015163
dx,3.01,A24,A24D,.9005050584673882
ya,3.02,B26,B26D,.9008211046457291
yo,3.01,C10,C10G,.9013888984918594
pj,2.05,H01,H01B,.9017857294529676
fi,1.04,C09,C09G,.9019608106464148
hl,3.03,B32,B32B,.902380958199501
ja,1.05,G07,G07C,.9027777784503996
er,1.02,G02,G02C,.9027777910232544
ub,1.03,B60,B60H,.9027777910232544
ev,1.02,B62,B62K,.9027778003364801
qh,2.05,C07,C07K,.9028932717628777
ru,3.01,C11,C11C,.9028944955207407
qg,2.05,B64,B64D,.9030844215303659
co,1.06,H03,H03K,.9032401982694864
dt,2.03,C07,C07H,.903576822951436
si,1.05,F41,F41H,.9038978591561317
mc,1.06,G11,G11B,.9039276549592614
ra,2.11,G06,G06Q,.9039935246109962
ji,5.01,G07,G07B,.9041025880724192
oe,5.06,C03,C03B,.9047619178891182
yq,5.07,H02,H02P,.9047619216144085
dx,3.01,C11,C11C,.9048564312979579
cq,1.06,H01,H01S,.9049043254926801
ql,9,G06,G06K,.9050505328923464
zr,1.05,C08,C08B,.9050760397221893
lq,3.03,C08,C08G,.9052706658840179
oo,3.03,C07,C07D,.9053514942061156
iq,2.02,B04,B04B,.905405405908823
ij,2.11,G01,G01G,.905506843701005
dr,1.06,F25,F25B,.9057720191776752
es,2.02,D06,D06M,.9058139631524682
zr,1.05,E01,E01C,.9060256592929363
es,2.02,A01,A01D,.9060606174170971
sy,1.03,F15,F15C,.9060763011220843
pm,2.05,G04,G04F,.9062215741723776
po,1.01,B01,B01J,.9063482412602752
ex,1.02,A63,A63G,.9064327701926231
rt,3.02,F21,F21K,.9064951036125422
pm,2.05,A01,A01C,.9065013909712434
td,3.02,A61,A61D,.9068452883511782
wm,5.04,A63,A63B,.9073593113571405
ya,3.02,H02,H02P,.9074074327945709
dm,3.02,A23,A23J,.9075596947222948
if,2.11,G06,G06G,.9077323479577899
im,2.01,F04,F04B,.9077778030186892
bq,6.05,B01,B01F,.9078161008656025
ns,2.01,G10,G10K,.9078387240879238
ki,3.02,B01,B01F,.9081196691840887
sr,2.07,C09,C09K,.9082370009273291
mu,4.01,A21,A21D,.9082759032025933
ja,1.05,B60,B60C,.9083333387970924
he,5.03,G10,G10L,.9083333425223827
if,2.11,F23,F23L,.9083333443850279
dt,2.03,F16,F16C,.9083333499729633
ig,2.06,H04,H04H,.9084956897422671
ae,4.05,H01,H01B,.9087719582021236
ji,5.01,G01,G01B,.9093853905797005
sr,2.07,H01,H01M,.9096154011785984
ja,1.05,C14,C14C,.9096638690680265
im,2.01,F02,F02C,.9102564230561256
rp,6.04,A47,A47C,.9102564267814159
bu,1.03,G03,G03B,.9102564379572868
lq,3.03,G10,G10L,.9105339236557484
ee,1.04,Y02,Y02A,.9106442858465016
ry,2.03,B26,B26F,.9107142873108387
pz,2.05,G04,G04B,.9107142984867096
pc,5.02,C10,C10G,.9108225293457508
er,1.02,B64,B64D,.9111111275851727
qe,2.09,G06,G06T,.9114715890027583
li,3.02,C07,C07H,.9114981275051832
co,1.06,H03,H03H,.9115460542961955
pq,1.01,C22,C22B,.9117948822677135
iq,2.02,C07,C07B,.9119047820568085
ea,1.04,B02,B02C,.9120370373129845
dw,1.04,B25,B25J,.9121212214231491
za,3.02,G01,G01J,.9121488425880671
de,1.06,C30,C30B,.9123376682400703
zk,9,C07,C07K,.9124422410968691
ih,2.07,F26,F26B,.9125000238418579
ni,3.01,D21,D21H,.9125062935054302
im,2.01,A23,A23L,.9125180619303137
ur,1.01,C08,C08G,.9125832826830447
ja,1.05,G21,G21G,.912818806245923
dr,1.06,G01,G01G,.9129430595785379
sr,2.07,A63,A63B,.9130952600389719
gc,1.05,C25,C25B,.9133366905152798
bi,6.01,C07,C07K,.9133595044258982
nn,3.03,G16,G16H,.9133688104338944
um,3.01,B01,B01F,.9134615398943424
zm,1.06,B01,B01L,.9135257195448503
ah,4.01,C05,C05B,.9137931279838085
rz,3.03,C10,C10G,.9138888912275434
et,1.02,B23,B23P,.9138888977468014
qg,2.05,F41,F41H,.9144789474084973
ki,3.02,C11,C11D,.9149982747621834
ki,3.02,A23,A23D,.9151382176205516
ei,1.04,F15,F15D,.9151629107072949
cq,1.06,E06,E06B,.9152173977345228
ei,1.04,B26,B26D,.9166154745034873
qe,2.09,A23,A23G,.9166418574750423
db,2.08,G07,G07G,.9166666716337204
io,2.07,E02,E02D,.9166666716337204
ex,1.02,C21,C21D,.9166666716337204
ps,5.04,A63,A63F,.9166666716337204
wf,1.06,H04,H04M,.9166666716337204
oy,9,G21,G21C,.9166666716337204
oa,2.11,B41,B41C,.9166666716337204
ad,4.02,B01,B01F,.9166666716337204
fa,2.01,F16,F16K,.9166666716337204
iu,2.03,F25,F25C,.9166666716337204
oa,2.11,F23,F23R,.9166666716337204
hy,1.06,B60,B60K,.9166666716337204
ub,1.03,B41,B41K,.9166666716337204
ii,2.04,H04,H04Q,.9166666716337204
id,2.07,B60,B60T,.9166666716337204
qq,1.05,F23,F23C,.9166666716337204
mr,6.01,A63,A63F,.9166666716337204
pn,1.01,B60,B60P,.9166666716337204
ht,1.06,D21,D21H,.9166666716337204
pe,5.02,C22,C22C,.9166666716337204
dt,2.03,A24,A24D,.9166666716337204
yy,5.07,G08,G08B,.9166666716337204
uf,1.03,B60,B60W,.9166666716337204
oe,5.06,F21,F21V,.9166666716337204
co,1.06,H01,H01R,.9166666716337204
ev,1.02,B65,B65H,.9166666716337204
ox,6.02,H05,H05B,.9166666716337204
vx,5.01,B64,B64C,.9166666716337204
uu,5.06,F02,F02M,.9166666716337204
ot,6.02,B22,B22F,.9166666716337204
wm,5.04,A41,A41D,.9166666716337204
pe,5.02,A23,A23G,.9166666716337204
pc,5.02,A23,A23G,.9166666716337204
ni,3.01,C25,C25D,.9166666716337204
ex,1.02,D06,D06F,.9166666753590107
yi,6.03,H05,H05B,.916666679084301
jy,4.05,C09,C09F,.916666679084301
hi,5.01,B01,B01J,.916666679084301
es,2.02,B66,B66C,.916666679084301
jy,4.05,B24,B24D,.916666679084301
gu,1.06,B03,B03B,.916666679084301
cq,1.06,D03,D03D,.916666679084301
gu,1.06,B60,B60K,.916666679084301
fy,3.02,G06,G06G,.916666679084301
pz,2.05,B60,B60J,.916666679084301
tq,3.02,B23,B23K,.916666679084301
sy,1.03,B60,B60J,.916666679084301
de,1.06,H02,H02G,.916666679084301
es,2.02,F42,F42C,.916666679084301
pt,3.03,B60,B60K,.916666679084301
qu,1.06,F02,F02P,.916666679084301
qa,3.01,H04,H04H,.916666679084301
pn,1.01,E05,E05B,.916666679084301
cn,5.01,H04,H04J,.916666679084301
cq,1.06,B64,B64G,.916666679084301
ij,2.11,E02,E02D,.9166666865348816
uu,5.06,F41,F41H,.9166666865348816
uy,1.04,A46,A46D,.9166666865348816
yo,3.01,E01,E01C,.9166666865348816
tu,3.01,F16,F16B,.9166666865348816
ye,2.02,B60,B60P,.9166666865348816
ha,5.03,F02,F02M,.9166666865348816
hl,3.03,A47,A47C,.9166666865348816
ot,6.02,D21,D21H,.9166666865348816
bi,6.01,G05,G05F,.9166666865348816
ja,1.05,A47,A47J,.9166666865348816
ue,2.11,F16,F16F,.9166666865348816
oi,3.02,G09,G09B,.9166666865348816
tc,3.02,E04,E04D,.9166666865348816
hl,3.03,F02,F02B,.9166666865348816
pc,5.02,F16,F16H,.9166666865348816
pc,5.02,F16,F16C,.9166666865348816
nm,5.02,G07,G07F,.9166666865348816
ep,1.02,B23,B23B,.9166666865348816
da,1.06,A01,A01C,.9166666865348816
jo,5.04,G03,G03G,.9166666865348816
rt,3.02,F01,F01D,.9166666865348816
uu,5.06,D21,D21H,.9166666865348816
ot,6.02,F16,F16F,.9166666865348816
ye,2.02,B60,B60H,.9166666865348816
sy,1.03,B63,B63H,.9166666865348816
pu,2.03,D06,D06N,.9166666902601719
bd,1.06,G01,G01M,.9166666939854622
ht,1.06,G11,G11B,.9174603233113885
ih,2.07,H04,H04B,.9175724741071463
cq,1.06,B81,B81C,.9178641664329916
qu,1.06,H01,H01S,.9178733061999083
hf,6.03,G11,G11C,.9180906843394041
uq,5.07,H03,H03K,.9182900674641132
da,1.06,A45,A45D,.9185374164953828
un,1.03,H01,H01B,.9185625505633652
ip,2.07,G07,G07C,.9186508022248745
zq,2.07,C12,C12N,.9187149039935321
hy,1.06,C07,C07F,.9187226011417806
yq,5.07,C04,C04B,.9189159711822867
aa,1.03,B03,B03C,.9191668862476945
ev,1.02,H04,H04K,.9194444473832846
qu,1.06,C05,C05B,.9195402394980192
hb,5.03,H01,H01S,.9197598095051944
qf,9,C12,C12Q,.9199378076009452
qe,2.09,G06,G06Q,.9200577298179269
ve,3.02,C08,C08L,.9203216582536697
qa,3.01,G02,G02C,.9203962916508317
im,2.01,E21,E21F,.9206349290907383
ea,1.04,F04,F04D,.9207637826912105
jy,4.05,D06,D06L,.9208333361893892
ye,2.02,F41,F41B,.9208333538845181
ni,3.01,C07,C07G,.9209039597772062
et,1.02,B64,B64B,.9214285835623741
im,2.01,H02,H02P,.9217171836644411
pi,1.06,A23,A23J,.9217948950827122
tc,3.02,C22,C22C,.9218929409980774
ih,2.07,C30,C30B,.9222222352400422
yo,3.01,C22,C22C,.9222222454845905
xe,4.01,H04,H04N,.9222222492098808
aq,3.02,C12,C12P,.9223705725744367
da,1.06,H02,H02N,.9225255474448204
qq,1.05,C08,C08F,.922539696097374
ih,2.07,E04,E04H,.922619067132473
ml,9,A23,A23G,.9229166866280138
nq,5.01,C12,C12P,.9230230348184705
wv,3.03,G01,G01R,.9230268560349941
ns,2.01,B65,B65H,.9230769360437989
qq,1.05,C03,C03C,.9237597826868296
vi,5.01,B60,B60K,.9239130564965308
qa,3.01,A61,A61D,.9241990214213729
db,2.08,A46,A46B,.9242424294352531
ka,4.01,A63,A63G,.9242424368858337
gy,5.02,A01,A01G,.9242424368858337
wq,5.01,B29,B29C,.9242424368858337
zq,2.07,H04,H04B,.9244431806728244
ue,2.11,G08,G08C,.9249046319164336
pm,2.05,B66,B66C,.925000011920929
ik,2.11,C12,C12Q,.9250491906423122
km,1.06,D06,D06M,.9250800255686045
cl,9,A61,A61H,.9251772393472493
pe,5.02,H03,H03M,.9254138758406043
fi,1.04,B23,B23K,.9255216408055276
ew,1.02,A23,A23C,.9255952462553978
pn,1.01,B01,B01L,.9256780911237001
ff,3.02,C07,C07F,.926430189050734
sa,3.03,H04,H04Q,.9265262633562088
if,2.11,B29,B29B,.9267115257680416
py,3.02,H05,H05H,.9267676891759038
pk,2.05,H04,H04Q,.9267676966264844
dq,9,B04,B04B,.926857715472579
bu,1.03,A01,A01H,.9269905616529286
iu,2.03,B07,B07B,.9270152542740107
rt,3.02,A01,A01G,.9270833432674408
yp,3.02,C09,C09D,.9271842516027391
zr,1.05,B63,B63B,.9277778025716543
hi,5.01,G02,G02F,.9277778044342995
ih,2.07,G11,G11C,.9280982939526439
ki,3.02,G06,G06N,.9284230987541378
es,2.02,A01,A01M,.9285714346915483
ry,2.03,B29,B29B,.9285714402794838
dq,9,G21,G21F,.9285714477300644
tc,3.02,G01,G01C,.9287936217151582
ur,1.01,G06,G06G,.928987423889339
mc,1.06,G07,G07C,.9291917360387743
ue,2.11,A01,A01B,.9292929396033287
sy,1.03,F03,F03B,.9297619089484215
dr,1.06,C25,C25B,.930134812835604
ru,3.01,F04,F04B,.9302083514630795
qf,9,C03,C03B,.9302136963233352
bk,6.04,A61,A61L,.9303361596539617
qg,2.05,F24,F24F,.9303571451455355
wv,3.03,C07,C07K,.9304973647231236
pu,2.03,F02,F02F,.9305555559694767
jb,5.07,G01,G01K,.9305555559694767
pq,1.01,G09,G09F,.9305555634200573
iq,2.02,E04,E04F,.9305555671453476
qh,2.05,E04,E04F,.9305555671453476
jo,5.04,G06,G06T,.9305555671453476
uq,5.07,A61,A61C,.9305555671453476
cu,1.06,A23,A23B,.9305555708706379
ep,1.02,F23,F23N,.9305555783212185
ya,3.02,H01,H01B,.9307359457015991
ei,1.04,B23,B23B,.9308862648904324
py,3.02,H04,H04J,.9309981754049659
uk,1.03,F02,F02P,.9311594404280186
fi,1.04,B65,B65D,.9313725619576871
ry,2.03,G06,G06G,.9315656721591949
ac,2.02,C01,C01B,.9318376197479665
cq,1.06,C12,C12J,.9318452589213848
pm,2.05,F42,F42D,.9322916697710752
zr,1.05,G03,G03F,.9323412803933024
yo,3.01,C09,C09J,.9323529687244445
ee,1.04,B29,B29B,.9323809742927551
om,5.05,B24,B24D,.9324346520006657
ji,5.01,H04,H04Q,.9325396884232759
qe,2.09,B24,B24C,.9325397089123726
un,1.03,C08,C08L,.9326524436473846
ew,1.02,C30,C30B,.932686252053827
po,1.01,B82,B82Y,.9330012296559289
ur,1.01,G08,G08B,.9333333373069763
ji,5.01,B66,B66B,.9333333391696215
dy,1.04,B33,B33Y,.9333333410322666
id,2.07,A01,A01M,.9333333447575569
ei,1.04,H03,H03G,.9333333447575569
or,5.09,G05,G05F,.9333333447575569
yi,6.03,B42,B42D,.9333333447575569
ew,1.02,B42,B42C,.9333333447575569
rt,3.02,C10,C10L,.9333333447575569
am,4.01,F16,F16L,.9333333447575569
dr,1.06,G07,G07G,.9333333466202021
om,5.05,E06,E06B,.9333333522081375
co,1.06,F16,F16B,.9333333596587181
oa,2.11,A63,A63C,.9333333596587181
da,1.06,B04,B04B,.9338631762657315
ip,2.07,C25,C25B,.9339080657809973
dw,1.04,F21,F21V,.9339285925962031
zc,4.03,A61,A61J,.9341141413897276
ay,3.01,B01,B01L,.9344201716594398
pm,2.05,C12,C12Y,.9344562469050288
pk,2.05,F26,F26B,.9345238208770752
hb,5.03,H01,H01Q,.9346491247415543
ni,3.01,G01,G01B,.9349527815356851
iu,2.03,F03,F03H,.9351851902902126
hq,1.04,F01,F01D,.9356280416250229
qa,3.01,D21,D21H,.9358974434435368
if,2.11,F24,F24H,.9361111149191856
ye,2.02,B22,B22F,.9361608577892184
ik,2.11,G21,G21K,.9362201178446412
ig,2.06,G21,G21G,.9366666674613953
dx,3.01,C10,C10G,.9367722310125828
cu,1.06,H03,H03K,.9372222274541855
ru,3.01,H03,H03H,.9374240096658468
wm,5.04,A01,A01D,.9375
dt,2.03,F42,F42B,.9375000172294676
ji,5.01,H02,H02H,.9375886637717485
sy,1.03,G05,G05G,.937770564109087
zk,9,F21,F21V,.9381056474521756
hb,5.03,A61,A61N,.9384198812767863
dq,9,B25,B25J,.9386215209960938
yr,2.01,H04,H04K,.9386363849043846
wh,3.02,G09,G09B,.9386708242818713
cq,1.06,F21,F21K,.9390968568623066
ne,3.03,G01,G01G,.9392857383936644
pn,1.01,B42,B42D,.9393939599394798
oa,2.11,D21,D21F,.9393939599394798
ig,2.06,B44,B44C,.9398148283362389
ns,2.01,B28,B28B,.9400397022254765
wh,3.02,C12,C12Y,.940068194642663
uk,1.03,A63,A63B,.9404762042686343
ee,1.04,F21,F21V,.9406862850300968
wy,5.04,G06,G06N,.9409090951085091
dw,1.04,D01,D01C,.9409722443670034
ru,3.01,F41,F41A,.9416666775941849
ij,2.11,B08,B08B,.9416940174996853
di,5.02,C12,C12P,.9417689656838775
ih,2.07,C07,C07H,.9417695649899542
ns,2.01,A62,A62D,.9418127140961587
qq,1.05,C22,C22B,.9423340624198318
jb,5.07,H01,H01G,.942454859148711
sd,3.02,C12,C12R,.9429716225713491
ih,2.07,G11,G11B,.9429824687540531
hy,1.06,B01,B01L,.9433618951588869
km,1.06,B03,B03C,.9434059595223516
ec,1.04,C40,C40B,.9436427871696651
um,3.01,A23,A23B,.9441468371078372
pj,2.05,C01,C01G,.9444444477558136
uf,1.03,H03,H03F,.9444444496184587
cq,1.06,B62,B62B,.9444444552063942
oy,9,B41,B41F,.9444444552063942
sy,1.03,B60,B60N,.9444444552063942
ac,2.02,A41,A41H,.9444444552063942
am,4.01,H02,H02S,.9444444552063942
uu,5.06,G08,G08C,.9444444552063942
qj,2.05,A47,A47C,.9444444552063942
ns,2.01,B60,B60W,.9444444552063942
id,2.07,F01,F01C,.9444444552063942
iq,2.02,A41,A41H,.9444444552063942
ua,6.03,B25,B25J,.9444444552063942
sa,3.03,A23,A23N,.9444444552063942
af,4.05,H04,H04W,.9444444663822651
ye,2.02,E03,E03F,.9444444701075554
ye,2.02,F24,F24C,.9444444701075554
oe,5.06,H04,H04H,.944739181548357
uk,1.03,F16,F16J,.9449074263684452
xw,3.03,G16,G16H,.9450249434448779
uy,1.04,H05,H05H,.945463577285409
ru,3.01,G01,G01G,.9454985018819571
ei,1.04,B23,B23P,.9458333421498537
ry,2.03,B01,B01L,.9459007550030947
nn,3.03,A23,A23J,.9459959901869297
ra,2.11,H02,H02N,.9460784513503313
ja,1.05,B07,B07C,.9462963156402111
ih,2.07,B24,B24B,.9464285969734192
dt,2.03,A62,A62C,.9466666728258133
xa,5.04,A61,A61Q,.9469696991145611
za,3.02,H05,H05H,.9469697028398514
im,2.01,C01,C01F,.947058767080307
db,2.08,F04,F04F,.9470779513940215
xw,3.03,H01,H01Q,.9471503840759397
dy,1.04,B23,B23P,.9472222253680229
ev,1.02,C11,C11B,.947489052079618
er,1.02,B29,B29C,.947523885872215
ne,3.03,D06,D06M,.9475444816052914
hi,5.01,G11,G11B,.9479166716337204
vy,3.02,C01,C01F,.947916679084301
pn,1.01,G03,G03B,.9479166865348816
xy,1.01,A01,A01H,.9482562076300383
vi,5.01,H04,H04S,.9490546341985464
mr,6.01,G01,G01N,.9495296319946647
nq,5.01,G01,G01C,.9498039288446307
pe,5.02,B23,B23D,.9500000029802322
ei,1.04,E04,E04D,.9500000029802322
jw,6.02,G02,G02B,.9500000029802322
if,2.11,A23,A23F,.9500000029802322
ip,2.07,B23,B23Q,.9500000029802322
uk,1.03,F27,F27B,.9500000067055225
hb,5.03,C09,C09B,.9500000067055225
id,2.07,F16,F16G,.9500000067055225
wu,5.04,F41,F41A,.9500000178813934
um,3.01,G01,G01V,.950000025331974
hy,1.06,C12,C12R,.9501370857469738
ha,5.03,A01,A01H,.9501948207616806
aa,1.03,G07,G07F,.9504409246146679
pu,2.03,B60,B60G,.9506038911640644
rt,3.02,C12,C12M,.9508104131091386
bu,1.03,H04,H04J,.9508169973269105
ui,1.03,G16,G16H,.9508342547342181
zd,9,C11,C11B,.951345729874447
da,1.06,G05,G05B,.9517820184119046
pt,3.03,H01,H01B,.9520202279090881
qg,2.05,F17,F17D,.9523809589445591
bd,1.06,H04,H04B,.9523809589445591
ui,1.03,B06,B06B,.9523809738457203
om,5.05,C12,C12Q,.9527179868891835
ja,1.05,E04,E04F,.9527777954936028
pm,2.05,G16,G16H,.9528679875656962
uf,1.03,F02,F02B,.953125
gc,1.05,C08,C08G,.9531250030267984
uh,1.03,G01,G01P,.9533730372786522
zd,9,C25,C25F,.9538461603224277
yo,3.01,C12,C12C,.9540059207938612
uh,1.03,G03,G03H,.9540436766110361
et,1.02,A47,A47F,.9541666693985462
qa,3.01,F02,F02M,.9541666768491268
ue,2.11,H01,H01R,.9541666777804494
cq,1.06,F16,F16B,.9541666936129332
wu,5.04,C12,C12Q,.9545149868354201
ur,1.01,H04,H04M,.9547619260847569
rq,1.06,C12,C12M,.9550499734468758
mq,6.01,A63,A63F,.9551282189786434
ja,1.05,F17,F17D,.9551587384194136
af,4.05,H04,H04B,.955555584281683
ik,2.11,G16,G16H,.9557595306541771
nn,3.03,C01,C01B,.9558150316588581
pn,1.01,H02,H02N,.9559523891657591
yr,2.01,B64,B64G,.955952413380146
pt,3.03,B32,B32B,.9560975637286901
ex,1.02,F42,F42B,.9562091613188386
zm,1.06,G01,G01S,.9562500156462193
qu,1.06,C07,C07G,.9563912646844983
ma,3.02,H02,H02M,.9564394038170576
uh,1.03,G04,G04F,.9565656632184982
ga,3.02,A61,A61G,.9568452490493655
un,1.03,C03,C03B,.9568452630192041
ro,1.07,C01,C01C,.9569597281515598
ye,2.02,B65,B65F,.9571759290993214
ds,3.02,B01,B01J,.9574392843060195
ry,2.03,F04,F04B,.9575396869331598
co,1.06,H03,H03M,.9577097641304135
ry,2.03,H02,H02S,.9583333358168602
ye,2.02,G04,G04R,.9583333358168602
et,1.02,B60,B60P,.9583333358168602
ij,2.11,F21,F21S,.9583333358168602
xy,1.01,G10,G10H,.9583333358168602
fa,2.01,D01,D01F,.9583333432674408
hq,1.04,F03,F03B,.9583333432674408
ac,2.02,C22,C22B,.9583333432674408
wm,5.04,B29,B29B,.9583333432674408
vs,5.01,G03,G03G,.9583333432674408
ru,3.01,F16,F16J,.9583333432674408
jb,5.07,H04,H04H,.9583333432674408
uq,5.07,F16,F16H,.9583333432674408
iu,2.03,F24,F24B,.9583333432674408
pc,5.02,E01,E01F,.9583333432674408
pe,5.02,G09,G09F,.9583333432674408
om,5.05,A61,A61C,.9583333432674408
ih,2.07,F16,F16B,.9583333432674408
po,1.01,F03,F03D,.9583333432674408
gc,1.05,B64,B64G,.9583333432674408
wu,5.04,H02,H02H,.9583333432674408
pu,2.03,F04,F04C,.9583333432674408
ye,2.02,B61,B61D,.9583333432674408
im,2.01,B60,B60P,.9583333432674408
jy,4.05,F17,F17D,.9583333432674408
bp,6.04,F21,F21K,.9583333432674408
tu,3.01,F03,F03G,.9583333432674408
le,1.05,F16,F16H,.9583333432674408
zk,9,C02,C02F,.9583333432674408
lq,3.03,H04,H04Q,.9583333432674408
yg,6.04,A61,A61L,.9583333432674408
yr,2.01,F02,F02P,.9583333432674408
ep,1.02,A01,A01J,.9583333432674408
vj,5.01,B60,B60K,.9583333432674408
ma,3.02,E05,E05F,.9583333432674408
ve,3.02,D21,D21H,.9583333507180214
uh,1.03,F03,F03H,.9583333544433117
nn,3.03,E04,E04B,.958333358168602
ja,1.05,F02,F02P,.958333358168602
ya,3.02,D03,D03D,.958333358168602
es,2.02,C22,C22B,.958333358168602
oe,5.06,C11,C11D,.958333358168602
ya,3.02,F24,F24F,.9583333618938923
jb,5.07,C10,C10L,.9587752763181925
ev,1.02,B22,B22D,.9590278025716543
wv,3.03,C07,C07C,.9591115079820156
ja,1.05,E04,E04C,.9592592716217041
if,2.11,D02,D02G,.9593254048377275
vi,5.01,C12,C12P,.9593352568335831
ep,1.02,H05,H05G,.9595238193869591
dq,9,A23,A23F,.9597089630551636
bm,5.07,C12,C12N,.9602734406944364
eu,2.02,B01,B01J,.9603174738585949
ep,1.02,E05,E05F,.9603174738585949
hq,1.04,B29,B29D,.9605726930312812
qh,2.05,F28,F28D,.9606617670506239
uf,1.03,G01,G01C,.9609319060109556
hl,3.03,G01,G01K,.9611111134290695
gy,5.02,C08,C08B,.9612654773518443
ja,1.05,B05,B05D,.9613341419026256
km,1.06,B64,B64C,.9614087343215942
de,1.06,A62,A62D,.9615942100062966
yp,3.02,H01,H01J,.9616446052677929
ou,1.06,C12,C12P,.9618987389840186
db,2.08,B26,B26B,.9619047977030277
xe,4.01,E01,E01C,.9621212258934975
po,1.01,G01,G01B,.9629870317876339
qh,2.05,F04,F04B,.9630952514708042
yu,3.03,A61,A61F,.9630952626466751
er,1.02,G05,G05G,.9632575903087854
pm,2.05,H03,H03G,.9633120894432068
ah,4.01,B09,B09C,.9634113246574998
mq,6.01,G10,G10L,.9638472236692905
qg,2.05,C08,C08B,.9639051174744964
ec,1.04,B09,B09C,.9639646681025624
ah,4.01,C07,C07J,.9639679396059364
if,2.11,B05,B05C,.9639855083078146
ze,1.06,B01,B01J,.9640575163066387
ml,9,H04,H04N,.9642857201397419
aa,1.03,B64,B64G,.9642857275903225
im,2.01,B61,B61K,.9642857350409031
de,1.06,G01,G01V,.9642857387661934
zm,1.06,G01,G01K,.964285746216774
wh,3.02,A23,A23K,.9644687911495566
ub,1.03,G09,G09C,.9649122916162014
dx,3.01,C13,C13K,.9651943799108267
ct,9,C12,C12P,.9652385022491217
um,3.01,G03,G03C,.9652777779847383
hb,5.03,G05,G05D,.9653092063963413
qk,6.01,C07,C07D,.965554291382432
oo,3.03,G07,G07F,.9655844252556562
yr,2.01,A47,A47C,.9656084775924683
ew,1.02,F28,F28F,.9657122846692801
za,3.02,G01,G01V,.9658119790256023
da,1.06,C08,C08H,.9662086353637278
km,1.06,C08,C08K,.9663924449123442
ff,3.02,C12,C12Q,.9664528351277113
tu,3.01,G21,G21G,.9664682783186436
pn,1.01,B21,B21B,.9666666761040688
aa,1.03,B63,B63B,.9666666779667139
tc,3.02,G01,G01G,.9666666798293591
dy,1.04,H05,H05F,.96666669100523
mm,6.01,G01,G01C,.9670604672282934
az,3.02,H04,H04N,.9679515063762665
ae,4.05,C09,C09J,.9680842803791165
zc,4.03,A21,A21D,.9680960647528991
id,2.07,A01,A01K,.9683352764695883
jm,5.04,A61,A61K,.9685062437783927
hi,5.01,G01,G01N,.9685217551887035
gu,1.06,B09,B09B,.9686507973819971
oo,3.03,G02,G02B,.9687500037252903
de,1.06,A41,A41D,.9687500288709998
qg,2.05,H02,H02H,.9690151512622833
zd,9,G01,G01G,.9690775703638792
pu,2.03,B04,B04B,.9694444555789232
yo,3.01,D06,D06F,.9694444574415684
cu,1.06,C25,C25B,.9697260477114469
vs,5.01,H04,H04L,.9698142353445292
ye,2.02,C07,C07F,.9701939532533288
iq,2.02,F23,F23M,.9702380998060107
dw,1.04,B64,B64D,.9703703820705414
hf,6.03,B29,B29C,.9706439413130283
ij,2.11,C30,C30B,.9711597901768982
da,1.06,C10,C10L,.9712919378653169
da,1.06,H04,H04R,.9713114332407713
ep,1.02,B21,B21D,.9714285805821419
uk,1.03,G10,G10L,.9714743848890066
gu,1.06,H04,H04R,.9717948772013187
bf,5.04,B32,B32B,.9722222276031971
fa,2.01,B05,B05B,.97222223225981
ih,2.07,F24,F24S,.9722222350537777
pm,2.05,B43,B43L,.9722222350537777
ev,1.02,F21,F21V,.9722222425043583
ik,2.11,G06,G06G,.9722566418349743
ra,2.11,C01,C01B,.9724215464666486
yy,5.07,H04,H04B,.9726650640368462
lq,3.03,G01,G01S,.9728049859404564
et,1.02,G05,G05G,.9734848588705063
ia,3.02,C23,C23C,.9736020620912313
ev,1.02,F16,F16L,.9738095346838236
co,1.06,A61,A61D,.9742424506694078
dx,3.01,H05,H05B,.9742941362783313
da,1.06,B81,B81C,.9744603913277388
qf,9,H02,H02S,.9745370503515005
tq,3.02,G06,G06N,.9748016120865941
oa,2.11,F23,F23C,.9750000052154064
da,1.06,C01,C01F,.975099210627377
nn,3.03,A23,A23B,.9754403941333294
pu,2.03,H03,H03G,.9754704274237156
pj,2.05,H01,H01F,.9755799882113934
ev,1.02,G06,G06G,.9757250593975186
oa,2.11,B63,B63C,.9761904869228601
ra,2.11,A21,A21D,.9761904887855053
rb,2.02,B63,B63H,.9761904925107956
rp,6.04,G01,G01C,.9761904925107956
ui,1.03,B41,B41F,.9761904925107956
yy,5.07,G01,G01S,.9761904925107956
iu,2.03,A46,A46B,.9761905036866665
qk,6.01,C12,C12N,.9761947365477681
uq,5.07,G01,G01S,.9763736389577389
hi,5.01,G02,G02B,.9765873160213232
ra,2.11,C07,C07H,.9766303540673107
hl,3.03,G03,G03F,.9767231582663953
pu,2.03,C01,C01F,.9767984137870371
ij,2.11,C22,C22B,.9768908303231001
gc,1.05,A01,A01N,.9769179951399565
pk,2.05,A24,A24B,.9769230857491493
rt,3.02,H01,H01Q,.9770643198862672
wu,5.04,G05,G05D,.9775641094893217
id,2.07,A24,A24D,.9776785774156451
co,1.06,F25,F25B,.9777777902781963
cn,5.01,B65,B65D,.9777778014540672
ac,2.02,F02,F02G,.9782608868554235
qe,2.09,C40,C40B,.9785334921907634
hl,3.03,C08,C08L,.9788359999656677
pi,1.06,C07,C07H,.9789004963822663
op,3.03,F02,F02C,.9789682701230049
rx,3.02,C07,C07K,.9791256903554313
es,2.02,C10,C10G,.9791666753590107
ee,1.04,G01,G01T,.9795446554198861
im,2.01,B65,B65B,.9796099383383989
uk,1.03,B21,B21D,.9796469071879983
id,2.07,C07,C07B,.9798423629254103
pe,5.02,H04,H04R,.9800724722445011
qc,6.02,G08,G08G,.9801587630063295
xe,4.01,A61,A61B,.9802555330097675
pz,2.05,D01,D01D,.9802766540087759
xw,3.03,G01,G01K,.9802918201312423
xw,3.03,G08,G08G,.9803030453622341
ru,3.01,E02,E02F,.9805555567145348
tc,3.02,G01,G01L,.9805555585771799
bi,6.01,H02,H02J,.9812500029802322
un,1.03,H03,H03F,.981481496244669
gy,5.02,A61,A61C,.981684997677803
qa,3.01,A63,A63B,.9817503471858799
gc,1.05,G10,G10L,.9818452447652817
wu,5.04,G01,G01L,.981862748041749
po,1.01,B64,B64G,.9819224178791046
ma,3.02,A61,A61D,.9829861149191856
vi,5.01,A23,A23G,.9832442197948694
bp,6.04,A23,A23G,.9833333352580667
ji,5.01,B41,B41J,.9833333417773247
po,1.01,G03,G03G,.9833333436399698
gy,5.02,F41,F41A,.9833333492279053
sy,1.03,A24,A24F,.9833333492279053
tm,3.01,B60,B60W,.9833333492279053
ra,2.11,B06,B06B,.983333358541131
rb,2.02,F02,F02C,.9833333594724536
td,3.02,G16,G16H,.9837593236006796
vx,5.01,C12,C12P,.9838220942765474
um,3.01,G08,G08B,.9839270422235131
uq,5.07,A61,A61Q,.9840909242630005
dq,9,C07,C07B,.9843619526363909
vy,3.02,C25,C25F,.9844538238830864
pt,3.03,G01,G01P,.9852899676188827
es,2.02,B23,B23H,.9852990424260497
bv,5.01,G06,G06T,.9853664459660649
dm,3.02,C22,C22B,.9859649278223515
ea,1.04,F03,F03G,.9860644568689168
dr,1.06,E04,E04F,.9861111212521791
fa,2.01,C08,C08F,.9861111268401146
um,3.01,C08,C08B,.9861693480052054
bv,5.01,G01,G01R,.9863736373372376
sr,2.07,H01,H01R,.9864379186183214
uh,1.03,C22,C22C,.9866245035082102
iu,2.03,B29,B29B,.9868271350860596
wv,3.03,H05,H05K,.9871031865477562
si,1.05,A01,A01N,.987271087244153
bv,5.01,A61,A61Q,.9877451099455357
ev,1.02,B41,B41F,.988095261156559
qq,1.05,H01,H01S,.9885718543082476
uk,1.03,A24,A24B,.9891949528828263
ur,1.01,C30,C30B,.9892683664802462
aa,1.03,C22,C22C,.989705883897841
ye,2.02,D21,D21H,.9897547187283635
cn,5.01,G09,G09G,.9899675417691469
pt,3.03,B82,B82Y,.9900078671053052
rz,3.03,C07,C07H,.9901774483732879
az,3.02,A61,A61M,.9902425706386566
pe,5.02,F02,F02C,.9904040517285466
zd,9,A01,A01H,.990412313491106
tu,3.01,G01,G01T,.9905495410785079
am,4.01,C08,C08C,.9908425007015467
po,1.01,H04,H04Q,.9909356855787337
pu,2.03,B60,B60N,.991071455180645
ze,1.06,G01,G01R,.9910726957023144
cu,1.06,C04,C04B,.9914550867397338
pq,1.01,G01,G01M,.9916666746139526
jo,5.04,G09,G09B,.9916666820645332
ew,1.02,A23,A23K,.9916666895151138
yg,6.04,C12,C12N,.9920420367270708
ye,2.02,C10,C10G,.9920635037124157
zr,1.05,C01,C01G,.9921036595478654
yi,6.03,B24,B24B,.9922619126737118
or,5.09,B24,B24B,.9922619126737118
ns,2.01,C23,C23G,.9924941188655794
ve,3.02,H01,H01S,.992578623816371
qg,2.05,G06,G06N,.9928296024445444
ua,6.03,H01,H01Q,.9928571507334709
rt,3.02,F04,F04B,.9930555708706379
co,1.06,F26,F26B,.9931891281157732
tu,3.01,B09,B09C,.9932278748601675
zd,9,C07,C07B,.9935128865763545
ub,1.03,B61,B61B,.993589773774147
xy,1.01,A01,A01N,.993869362398982
uh,1.03,C01,C01F,.9939013519324362
id,2.07,H04,H04R,.9940476296469569
ni,3.01,C06,C06B,.9940476305782795
iq,2.02,G04,G04D,.9944444671273232
li,3.02,G06,G06T,.9946876429021358
dt,2.03,C10,C10B,.9951391220092773
pw,2.06,G08,G08B,.9951950157992542
hi,5.01,G10,G10L,.9953664671629667
um,3.01,H02,H02K,.9957228358834982
co,1.06,B08,B08B,.9958364358171821
ja,1.05,F17,F17C,.9961309609934688
zm,1.06,G01,G01C,.9965103883296251
im,2.01,C07,C07F,.996791735291481
sr,2.07,G11,G11C,.9968030042946339
ns,2.01,F15,F15B,.9969757320359349
es,2.02,B82,B82B,.9971544831059873
re,1.05,C10,C10L,.9972251788713038
ev,1.02,B81,B81B,.9976190607994795
rt,3.02,H01,H01F,.9976690234616399
qq,1.05,C30,C30B,.9979030741378665
zr,1.05,B82,B82Y,.9982330091297626
xq,2.11,F42,F42B,.9982456229627132
pi,1.06,B08,B08B,.9984903512522578
am,4.01,C07,C07G,.9984930714126676
co,1.06,C13,C13B,.998629161156714
cn,5.01,G08,G08G,.9987179609015584
ni,3.01,C23,C23C,.9995683310553432
dw,1.04,H03,H03K,.9997863387688994
bi,6.01,C12,C12C,1
ra,2.11,F03,F03B,1
su,3.02,F02,F02K,1
bm,5.07,B41,B41M,1
hi,5.01,H01,H01H,1
yg,6.04,F16,F16B,1
op,3.03,B23,B23D,1
mm,6.01,F01,F01L,1
fs,6.04,G01,G01W,1
de,1.06,B62,B62D,1
ha,5.03,A47,A47B,1
ew,1.02,C22,C22F,1
gy,5.02,F15,F15B,1
bm,5.07,B01,B01J,1
pi,1.06,B41,B41J,1
oz,6.02,B65,B65F,1
dk,5.02,G21,G21G,1
yg,6.04,G01,G01F,1
hf,6.03,F16,F16B,1
af,4.05,H01,H01F,1
ky,1.05,F16,F16M,1
yg,6.04,B63,B63H,1
dm,3.02,F02,F02F,1
bu,1.03,B60,B60D,1
yg,6.04,F02,F02K,1
xy,1.01,E02,E02F,1
ue,2.11,D06,D06N,1
rp,6.04,G21,G21C,1
dk,5.02,B03,B03D,1
eo,6.02,B60,B60K,1
dq,9,C01,C01F,1
cq,1.06,A63,A63H,1
my,5.01,F03,F03B,1
yo,3.01,H02,H02K,1
ea,1.04,B66,B66F,1
eu,2.02,C09,C09B,1
eo,6.02,B21,B21D,1
ay,3.01,H04,H04B,1
pq,1.01,D01,D01H,1
dq,9,A47,A47B,1
ae,4.05,F16,F16H,1
ae,4.05,F23,F23B,1
rp,6.04,B27,B27L,1
pn,1.01,A45,A45C,1
gm,3.03,E06,E06C,1
sa,3.03,F16,F16D,1
ii,2.04,F01,F01P,1
ut,6.02,H01,H01G,1
ha,5.03,G05,G05G,1
ae,4.05,A22,A22B,1
ui,1.03,B25,B25H,1
ph,6.02,G05,G05G,1
uy,1.04,B60,B60H,1
zc,4.03,F17,F17C,1
bi,6.01,E03,E03D,1
le,1.05,A47,A47F,1
fs,6.04,C25,C25D,1
ah,4.01,G10,G10K,1
ba,3.02,B61,B61D,1
ne,3.03,F23,F23R,1
ew,1.02,F02,F02N,1
ij,2.11,F03,F03C,1
ma,3.02,F16,F16H,1
ph,6.02,B60,B60G,1
qj,2.05,H05,H05F,1
uq,5.07,B65,B65D,1
qa,3.01,B64,B64G,1
ae,4.05,F17,F17C,1
ki,3.02,G02,G02C,1
ta,1.06,B21,B21B,1
jy,4.05,E04,E04G,1
bu,1.03,A01,A01M,1
rp,6.04,A42,A42B,1
pf,6.02,E02,E02D,1
om,5.05,A46,A46B,1
db,2.08,G10,G10K,1
pz,2.05,F16,F16P,1
ee,1.04,H01,H01T,1
eu,2.02,B65,B65G,1
lj,3.02,C09,C09K,1
wh,3.02,E02,E02D,1
dm,3.02,D04,D04H,1
rp,6.04,F02,F02P,1
js,6.04,B60,B60P,1
za,3.02,G08,G08C,1
dm,3.02,A01,A01D,1
wy,5.04,B65,B65D,1
tu,3.01,E02,E02B,1
ai,2.03,F16,F16P,1
iy,1.06,B65,B65D,1
eo,6.02,A45,A45D,1
io,2.07,C08,C08J,1
pg,6.02,B60,B60W,1
ma,3.02,H02,H02P,1
py,3.02,C09,C09G,1
ia,3.02,A47,A47G,1
yy,5.07,H01,H01G,1
zq,2.07,G07,G07C,1
ff,3.02,F41,F41H,1
rz,3.03,B23,B23P,1
id,2.07,A45,A45F,1
rp,6.04,A43,A43D,1
ew,1.02,D01,D01G,1
dm,3.02,F41,F41A,1
pa,6.02,A47,A47D,1
pj,2.05,A23,A23B,1
ae,4.05,A23,A23P,1
oe,5.06,B21,B21K,1
tq,3.02,C23,C23G,1
zq,2.07,A01,A01K,1
ha,5.03,D21,D21G,1
ah,4.01,H03,H03B,1
qk,6.01,B44,B44D,1
dy,1.04,D01,D01H,1
my,5.01,B05,B05B,1
fs,6.04,H01,H01C,1
iy,1.06,B21,B21J,1
uy,1.04,B23,B23D,1
sa,3.03,F16,F16K,1
zc,4.03,G10,G10D,1
bq,6.05,D21,D21C,1
ue,2.11,A47,A47G,1
ku,5.07,A21,A21B,1
ew,1.02,F16,F16T,1
pk,2.05,B07,B07C,1
nn,3.03,F24,F24S,1
nn,3.03,F26,F26B,1
lq,3.03,E06,E06B,1
eu,2.02,B60,B60T,1
tq,3.02,G07,G07B,1
ka,4.01,B23,B23D,1
eu,2.02,B63,B63H,1
qu,1.06,H01,H01R,1
ru,3.01,B62,B62J,1
vj,5.01,B60,B60N,1
ac,2.02,A47,A47K,1
su,3.02,H03,H03L,1
pt,3.03,B07,B07B,1
jb,5.07,F16,F16H,1
pq,1.01,C22,C22F,1
ae,4.05,B41,B41J,1
rz,3.03,A47,A47J,1
zc,4.03,B63,B63B,1
qk,6.01,C21,C21C,1
ne,3.03,F21,F21L,1
le,1.05,B60,B60B,1
ni,3.01,H02,H02N,1
eu,2.02,A23,A23B,1
zr,1.05,A21,A21B,1
bi,6.01,B21,B21C,1
de,1.06,B60,B60J,1
fe,5.05,B29,B29C,1
ew,1.02,D07,D07B,1
bk,6.04,B01,B01F,1
yi,6.03,H02,H02G,1
tu,3.01,F25,F25J,1
ne,3.03,B41,B41F,1
ph,6.02,H01,H01B,1
gy,5.02,F24,F24S,1
bm,5.07,C30,C30B,1
uq,5.07,H04,H04H,1
ff,3.02,F21,F21S,1
lq,3.03,G01,G01K,1
pu,2.03,B25,B25B,1
mq,6.01,H03,H03G,1
uy,1.04,A01,A01M,1
js,6.04,A62,A62B,1
eu,2.02,B62,B62B,1
pq,1.01,H03,H03J,1
dk,5.02,F41,F41A,1
io,2.07,B21,B21D,1
ut,6.02,C06,C06B,1
bm,5.07,B60,B60T,1
mm,6.01,D02,D02H,1
dq,9,B60,B60P,1
gc,1.05,A47,A47L,1
dy,1.04,Y02,Y02P,1
vp,3.03,G07,G07C,1
yi,6.03,B63,B63C,1
fy,3.02,F16,F16D,1
ut,6.02,F28,F28D,1
wy,5.04,C01,C01G,1
ew,1.02,E01,E01D,1
jb,5.07,F01,F01D,1
ro,1.07,B27,B27J,1
cl,9,F02,F02B,1
qj,2.05,H04,H04R,1
pn,1.01,C05,C05G,1
az,3.02,F16,F16B,1
jw,6.02,B24,B24B,1
pu,2.03,F23,F23Q,1
qc,6.02,B62,B62D,1
rp,6.04,F01,F01K,1
bk,6.04,D06,D06P,1
az,3.02,H02,H02G,1
ah,4.01,B60,B60G,1
ph,6.02,F01,F01N,1
ah,4.01,A41,A41D,1
ev,1.02,E02,E02B,1
ee,1.04,G01,G01M,1
ei,1.04,B24,B24C,1
py,3.02,B21,B21C,1
xe,4.01,E03,E03C,1
if,2.11,C01,C01D,1
vy,3.02,D01,D01H,1
py,3.02,D01,D01H,1
ro,1.07,B21,B21J,1
lq,3.03,E05,E05D,1
ne,3.03,H04,H04K,1
bi,6.01,F42,F42B,1
ee,1.04,E04,E04B,1
tm,3.01,B42,B42D,1
gy,5.02,G01,G01T,1
qa,3.01,B27,B27D,1
sa,3.03,B23,B23P,1
vj,5.01,F25,F25D,1
hf,6.03,B41,B41J,1
vj,5.01,B26,B26D,1
dm,3.02,B21,B21J,1
ta,1.06,B62,B62K,1
ui,1.03,F02,F02K,1
mq,6.01,B24,B24B,1
bk,6.04,B64,B64D,1
eo,6.02,C11,C11D,1
jo,5.04,B27,B27G,1
rz,3.03,F42,F42B,1
zk,9,B32,B32B,1
le,1.05,B60,B60T,1
rq,1.06,F16,F16F,1
rp,6.04,A01,A01C,1
bk,6.04,B60,B60H,1
wm,5.04,C10,C10M,1
dq,9,F21,F21V,1
ui,1.03,B63,B63G,1
gu,1.06,G10,G10K,1
bk,6.04,B43,B43L,1
bp,6.04,C25,C25C,1
py,3.02,B22,B22C,1
ta,1.06,H04,H04R,1
fs,6.04,B28,B28D,1
td,3.02,B03,B03B,1
di,5.02,A47,A47C,1
iu,2.03,B25,B25G,1
js,6.04,B60,B60W,1
ee,1.04,B24,B24C,1
pj,2.05,A47,A47B,1
ga,3.02,G07,G07B,1
uk,1.03,E21,E21D,1
ki,3.02,H01,H01H,1
bk,6.04,B21,B21F,1
iy,1.06,C11,C11C,1
lj,3.02,F42,F42B,1
pk,2.05,A45,A45D,1
ha,5.03,B44,B44C,1
wm,5.04,B08,B08B,1
qk,6.01,H01,H01Q,1
ki,3.02,E02,E02F,1
di,5.02,F03,F03B,1
ni,3.01,G10,G10D,1
su,3.02,H01,H01B,1
de,1.06,F41,F41B,1
io,2.07,B01,B01F,1
zc,4.03,B60,B60B,1
ea,1.04,G04,G04F,1
lq,3.03,A47,A47F,1
zq,2.07,H04,H04Q,1
ii,2.04,F17,F17B,1
fs,6.04,G01,G01K,1
io,2.07,H05,H05K,1
cq,1.06,H02,H02H,1
ad,4.02,B30,B30B,1
uu,5.06,E05,E05D,1
es,2.02,F04,F04C,1
ma,3.02,F41,F41H,1
pf,6.02,F01,F01D,1
co,1.06,E04,E04G,1
bm,5.07,B63,B63B,1
tc,3.02,A62,A62B,1
qu,1.06,F16,F16M,1
yg,6.04,F04,F04B,1
pj,2.05,B68,B68C,1
fu,5.04,C10,C10G,1
ti,9,B60,B60N,1
rp,6.04,A01,A01J,1
bk,6.04,F21,F21V,1
ka,4.01,G08,G08G,1
ro,1.07,F02,F02F,1
ru,3.01,F16,F16P,1
pg,6.02,D21,D21F,1
tc,3.02,A01,A01D,1
fu,5.04,G01,G01R,1
mq,6.01,A45,A45C,1
vy,3.02,A23,A23D,1
ai,2.03,C06,C06D,1
io,2.07,H01,H01F,1
rt,3.02,F21,F21S,1
ay,3.01,E03,E03C,1
jy,4.05,B26,B26F,1
ox,6.02,B23,B23Q,1
ti,9,B60,B60T,1
pd,6.02,B24,B24B,1
et,1.02,B21,B21H,1
wh,3.02,F41,F41H,1
te,1.05,H01,H01F,1
ff,3.02,H05,H05K,1
oz,6.02,F24,F24C,1
im,2.01,E06,E06C,1
ai,2.03,D07,D07B,1
ph,6.02,B61,B61D,1
we,3.02,F16,F16F,1
we,3.02,H04,H04S,1
bp,6.04,B02,B02C,1
bi,6.01,F02,F02F,1
za,3.02,B60,B60L,1
bp,6.04,C05,C05F,1
ka,4.01,D06,D06F,1
ta,1.06,G06,G06T,1
ga,3.02,D04,D04H,1
bm,5.07,B62,B62M,1
pq,1.01,A62,A62B,1
sa,3.03,A22,A22B,1
oe,5.06,H01,H01T,1
ha,5.03,A22,A22B,1
bk,6.04,D21,D21C,1
ds,3.02,B23,B23F,1
pj,2.05,G07,G07C,1
iq,2.02,F16,F16N,1
am,4.01,F26,F26B,1
wh,3.02,C10,C10G,1
pj,2.05,F01,F01N,1
qk,6.01,G08,G08C,1
tc,3.02,H01,H01C,1
gc,1.05,H02,H02G,1
ti,9,F16,F16D,1
vj,5.01,G03,G03C,1
eq,3.01,E05,E05C,1
zk,9,G02,G02B,1
ya,3.02,A45,A45C,1
bq,6.05,B41,B41K,1
dk,5.02,A22,A22C,1
js,6.04,A41,A41D,1
ga,3.02,B27,B27B,1
pf,6.02,H05,H05B,1
eo,6.02,A61,A61L,1
dk,5.02,B23,B23K,1
ye,2.02,E03,E03D,1
fa,2.01,C21,C21C,1
iq,2.02,D01,D01G,1
qc,6.02,B21,B21H,1
rq,1.06,G08,G08B,1
za,3.02,A01,A01D,1
am,4.01,C01,C01G,1
oz,6.02,G06,G06J,1
ky,1.05,A63,A63F,1
dy,1.04,D03,D03C,1
tc,3.02,E02,E02F,1
we,3.02,F16,F16D,1
wh,3.02,H05,H05C,1
eo,6.02,B27,B27G,1
nu,5.08,A21,A21C,1
bf,5.04,H03,H03J,1
qu,1.06,B60,B60H,1
yi,6.03,C09,C09B,1
eo,6.02,A01,A01B,1
bp,6.04,F28,F28D,1
li,3.02,H01,H01B,1
ua,6.03,B03,B03D,1
yg,6.04,F24,F24F,1
bp,6.04,A47,A47C,1
ox,6.02,F23,F23G,1
jm,5.04,F01,F01N,1
py,3.02,F03,F03H,1
ea,1.04,B60,B60M,1
pi,1.06,B23,B23D,1
ve,3.02,F01,F01K,1
oi,3.02,F02,F02P,1
de,1.06,B03,B03B,1
rz,3.03,B63,B63C,1
fi,1.04,E04,E04B,1
yi,6.03,B65,B65G,1
cu,1.06,A63,A63H,1
yg,6.04,F24,F24H,1
pa,6.02,G01,G01H,1
ki,3.02,C03,C03B,1
bq,6.05,C09,C09G,1
qh,2.05,B24,B24C,1
di,5.02,F02,F02F,1
bk,6.04,A22,A22C,1
wy,5.04,G08,G08G,1
py,3.02,B41,B41C,1
ta,1.06,G08,G08B,1
yg,6.04,A63,A63H,1
om,5.05,G04,G04D,1
dq,9,G21,G21C,1
tm,3.01,A42,A42B,1
we,3.02,B62,B62K,1
wh,3.02,B41,B41J,1
yi,6.03,B41,B41N,1
qk,6.01,B60,B60W,1
ay,3.01,A21,A21C,1
iq,2.02,E05,E05C,1
uu,5.06,F24,F24B,1
we,3.02,B25,B25C,1
jm,5.04,H04,H04Q,1
pa,6.02,C06,C06B,1
yg,6.04,G01,G01L,1
ph,6.02,H03,H03M,1
xa,5.04,H02,H02M,1
am,4.01,B27,B27L,1
zm,1.06,D21,D21C,1
am,4.01,B22,B22D,1
ox,6.02,G09,G09C,1
ei,1.04,G10,G10D,1
jy,4.05,G03,G03B,1
oe,5.06,C07,C07B,1
bq,6.05,D04,D04B,1
bi,6.01,D01,D01F,1
bf,5.04,B62,B62K,1
om,5.05,B41,B41N,1
oz,6.02,B61,B61C,1
sd,3.02,G04,G04C,1
bf,5.04,B25,B25B,1
id,2.07,E03,E03C,1
pa,6.02,F16,F16M,1
mw,5.09,G01,G01M,1
rz,3.03,E05,E05C,1
ro,1.07,D01,D01G,1
di,5.02,F41,F41G,1
tc,3.02,F28,F28D,1
ox,6.02,E01,E01C,1
pj,2.05,A01,A01C,1
oi,3.02,E03,E03F,1
oy,9,B65,B65G,1
yi,6.03,E21,E21C,1
uq,5.07,C08,C08K,1
bf,5.04,A41,A41C,1
xy,1.01,E01,E01C,1
ua,6.03,F15,F15B,1
ga,3.02,F01,F01B,1
rp,6.04,B44,B44C,1
tm,3.01,H02,H02M,1
pq,1.01,E02,E02F,1
ro,1.07,B27,B27F,1
wh,3.02,B60,B60Q,1
za,3.02,B81,B81B,1
qf,9,B63,B63B,1
km,1.06,B63,B63H,1
ac,2.02,C14,C14B,1
ei,1.04,G07,G07B,1
pz,2.05,A01,A01M,1
ua,6.03,C05,C05F,1
ka,4.01,C23,C23F,1
bq,6.05,B67,B67B,1
pz,2.05,F42,F42C,1
oa,2.11,F24,F24H,1
eu,2.02,G01,G01F,1
qk,6.01,C09,C09B,1
js,6.04,B60,B60J,1
zm,1.06,B25,B25D,1
pi,1.06,F02,F02B,1
ui,1.03,E06,E06B,1
js,6.04,F23,F23M,1
nu,5.08,F41,F41G,1
dy,1.04,B63,B63C,1
tq,3.02,C25,C25B,1
pa,6.02,B61,B61G,1
qc,6.02,A63,A63H,1
ni,3.01,B62,B62J,1
qk,6.01,C04,C04B,1
iy,1.06,F01,F01C,1
yi,6.03,G04,G04F,1
bp,6.04,F25,F25D,1
za,3.02,F16,F16F,1
io,2.07,E04,E04B,1
vx,5.01,A01,A01G,1
am,4.01,B63,B63B,1
dy,1.04,B25,B25G,1
rz,3.03,B66,B66D,1
eq,3.01,F23,F23L,1
om,5.05,A41,A41B,1
ik,2.11,C01,C01F,1
de,1.06,B60,B60K,1
qf,9,A23,A23C,1
eq,3.01,F26,F26B,1
pa,6.02,B21,B21J,1
oe,5.06,B26,B26D,1
bp,6.04,F25,F25J,1
ne,3.03,B44,B44B,1
gy,5.02,F41,F41C,1
ro,1.07,B31,B31F,1
ec,1.04,F41,F41H,1
ve,3.02,H01,H01T,1
ma,3.02,E01,E01F,1
ka,4.01,H02,H02M,1
pd,6.02,A45,A45F,1
eq,3.01,G01,G01T,1
oe,5.06,D06,D06P,1
nn,3.03,B27,B27N,1
ut,6.02,B27,B27C,1
pg,6.02,C08,C08G,1
ha,5.03,B23,B23D,1
dy,1.04,E03,E03C,1
dw,1.04,B41,B41N,1
pc,5.02,D21,D21F,1
gc,1.05,B24,B24B,1
dw,1.04,B60,B60N,1
wm,5.04,F16,F16L,1
db,2.08,B25,B25B,1
gy,5.02,B60,B60B,1
ee,1.04,A42,A42B,1
ix,2.07,B23,B23P,1
tu,3.01,D05,D05B,1
wc,3.03,F41,F41A,1
fi,1.04,E01,E01B,1
ih,2.07,F21,F21K,1
td,3.02,G01,G01D,1
mu,4.01,F21,F21K,1
vj,5.01,F28,F28C,1
bp,6.04,D04,D04H,1
ah,4.01,B21,B21F,1
ta,1.06,C09,C09D,1
ii,2.04,A42,A42B,1
dm,3.02,D21,D21D,1
fu,5.04,E21,E21B,1
oy,9,H04,H04K,1
eo,6.02,B60,B60N,1
pq,1.01,F23,F23R,1
iy,1.06,B41,B41J,1
dx,3.01,C01,C01C,1
pq,1.01,F16,F16H,1
hi,5.01,B60,B60K,1
yg,6.04,F16,F16M,1
ot,6.02,B60,B60W,1
ut,6.02,E03,E03D,1
pi,1.06,F21,F21L,1
za,3.02,E03,E03C,1
mm,6.01,D21,D21B,1
jo,5.04,A47,A47G,1
pj,2.05,D03,D03D,1
td,3.02,C09,C09K,1
fi,1.04,B61,B61F,1
ne,3.03,B61,B61C,1
pn,1.01,F23,F23Q,1
pq,1.01,F21,F21L,1
pf,6.02,A45,A45B,1
ju,4.01,B23,B23K,1
ff,3.02,B60,B60J,1
qq,1.05,A45,A45D,1
pg,6.02,A61,A61J,1
dw,1.04,F21,F21S,1
pu,2.03,A23,A23P,1
tm,3.01,F24,F24S,1
pj,2.05,B66,B66C,1
hl,3.03,B60,B60C,1
ua,6.03,B63,B63B,1
my,5.01,H03,H03L,1
jb,5.07,B62,B62B,1
pk,2.05,F41,F41B,1
gu,1.06,C22,C22F,1
ui,1.03,G21,G21D,1
co,1.06,B60,B60M,1
ox,6.02,B05,B05B,1
ji,5.01,B21,B21B,1
oy,9,B60,B60S,1
ky,1.05,A47,A47K,1
oy,9,B41,B41N,1
ai,2.03,B07,B07B,1
ye,2.02,D05,D05B,1
gm,3.03,B60,B60W,1
fe,5.05,C21,C21D,1
pd,6.02,B23,B23K,1
ig,2.06,C12,C12H,1
ne,3.03,D05,D05B,1
db,2.08,B63,B63H,1
iy,1.06,B22,B22D,1
pu,2.03,B67,B67D,1
bf,5.04,G01,G01L,1
bq,6.05,G10,G10D,1
zc,4.03,B61,B61L,1
za,3.02,A45,A45C,1
pn,1.01,C01,C01G,1
io,2.07,A47,A47L,1
iu,2.03,A63,A63D,1
fe,5.05,F27,F27D,1
bu,1.03,G04,G04C,1
pa,6.02,B65,B65C,1
ee,1.04,Y02,Y02P,1
js,6.04,B81,B81B,1
rz,3.03,B60,B60R,1
su,3.02,A46,A46D,1
ta,1.06,B23,B23K,1
om,5.05,B25,B25B,1
ju,4.01,B60,B60N,1
tu,3.01,B23,B23D,1
xa,5.04,B27,B27N,1
pk,2.05,A61,A61G,1
le,1.05,H01,H01C,1
de,1.06,B60,B60T,1
bu,1.03,F24,F24F,1
wm,5.04,A24,A24B,1
qf,9,D01,D01G,1
dy,1.04,F42,F42C,1
iy,1.06,F02,F02B,1
td,3.02,G03,G03G,1
yi,6.03,F04,F04D,1
az,3.02,A43,A43B,1
ki,3.02,F41,F41B,1
qc,6.02,G10,G10H,1
fs,6.04,B41,B41F,1
vm,5.06,B64,B64C,1
pa,6.02,B62,B62M,1
ph,6.02,G06,G06N,1
te,1.05,G01,G01B,1
db,2.08,B65,B65H,1
bf,5.04,C09,C09J,1
ga,3.02,B23,B23B,1
yq,5.07,B60,B60G,1
rp,6.04,B09,B09C,1
fs,6.04,F16,F16J,1
yi,6.03,F23,F23C,1
mu,4.01,B03,B03C,1
ki,3.02,B63,B63B,1
fe,5.05,F04,F04B,1
ae,4.05,H02,H02H,1
mm,6.01,G04,G04C,1
js,6.04,B66,B66B,1
ii,2.04,B33,B33Y,1
eo,6.02,G07,G07F,1
za,3.02,B62,B62D,1
ui,1.03,E02,E02D,1
ti,9,C08,C08L,1
oy,9,C09,C09G,1
eo,6.02,C03,C03B,1
yi,6.03,B66,B66C,1
wy,5.04,B26,B26F,1
ph,6.02,E03,E03C,1
qk,6.01,A01,A01D,1
db,2.08,E04,E04D,1
nq,5.01,C11,C11B,1
jb,5.07,B26,B26B,1
js,6.04,F22,F22D,1
bu,1.03,B07,B07C,1
ui,1.03,E05,E05D,1
bp,6.04,E04,E04G,1
uk,1.03,B66,B66C,1
ni,3.01,H01,H01H,1
bu,1.03,A63,A63H,1
pq,1.01,A41,A41D,1
de,1.06,C01,C01G,1
ru,3.01,F03,F03D,1
pj,2.05,C11,C11C,1
dx,3.01,E03,E03D,1
nq,5.01,F16,F16K,1
qk,6.01,D04,D04B,1
bi,6.01,B60,B60L,1
dy,1.04,B68,B68B,1
ha,5.03,B21,B21D,1
oi,3.02,G10,G10G,1
io,2.07,B65,B65D,1
ia,3.02,F24,F24C,1
js,6.04,C05,C05B,1
ro,1.07,B60,B60V,1
vx,5.01,A47,A47K,1
vi,5.01,F16,F16L,1
nn,3.03,B66,B66F,1
de,1.06,A21,A21C,1
ff,3.02,A47,A47B,1
pw,2.06,E04,E04H,1
bp,6.04,F01,F01K,1
ua,6.03,B27,B27C,1
bq,6.05,G05,G05G,1
rz,3.03,F16,F16D,1
py,3.02,F42,F42C,1
ia,3.02,H02,H02B,1
sd,3.02,F03,F03B,1
ou,1.06,A61,A61N,1
ha,5.03,E21,E21C,1
pn,1.01,C25,C25D,1
ig,2.06,B07,B07B,1
sa,3.03,G10,G10L,1
ru,3.01,B23,B23B,1
oz,6.02,F28,F28F,1
ne,3.03,B44,B44D,1
cu,1.06,F16,F16D,1
my,5.01,B24,B24B,1
jw,6.02,G11,G11B,1
ae,4.05,B41,B41M,1
nq,5.01,F02,F02D,1
fi,1.04,G07,G07D,1
rz,3.03,B61,B61B,1
bp,6.04,F03,F03D,1
tc,3.02,B25,B25C,1
pu,2.03,B03,B03D,1
bq,6.05,F01,F01C,1
dy,1.04,G01,G01W,1
bq,6.05,F15,F15B,1
de,1.06,E05,E05C,1
am,4.01,D21,D21J,1
bp,6.04,F17,F17D,1
bq,6.05,D04,D04H,1
xa,5.04,E21,E21D,1
ji,5.01,E04,E04D,1
dk,5.02,F04,F04B,1
dk,5.02,F02,F02N,1
bq,6.05,D03,D03D,1
mm,6.01,A45,A45B,1
bu,1.03,B23,B23D,1
vj,5.01,C05,C05C,1
bq,6.05,C11,C11C,1
ku,5.07,B21,B21B,1
pu,2.03,A63,A63J,1
xa,5.04,G01,G01L,1
uk,1.03,B68,B68B,1
di,5.02,A24,A24B,1
hf,6.03,B08,B08B,1
om,5.05,G03,G03H,1
eq,3.01,C21,C21C,1
pa,6.02,A23,A23N,1
pj,2.05,F28,F28G,1
om,5.05,G05,G05G,1
ju,4.01,B29,B29C,1
yi,6.03,B22,B22C,1
bq,6.05,B60,B60S,1
pd,6.02,A61,A61C,1
eu,2.02,F41,F41B,1
oz,6.02,D01,D01H,1
we,3.02,B23,B23P,1
ta,1.06,F16,F16H,1
pn,1.01,B41,B41N,1
qc,6.02,B60,B60G,1
bk,6.04,B60,B60G,1
ue,2.11,C22,C22C,1
gu,1.06,B25,B25B,1
mm,6.01,B66,B66B,1
qc,6.02,C23,C23F,1
gm,3.03,B64,B64C,1
ya,3.02,B03,B03D,1
im,2.01,F16,F16D,1
am,4.01,F41,F41G,1
js,6.04,E21,E21D,1
bq,6.05,A45,A45F,1
ox,6.02,B65,B65H,1
di,5.02,F04,F04C,1
ff,3.02,B64,B64D,1
or,5.09,B23,B23D,1
vx,5.01,A42,A42B,1
py,3.02,E05,E05F,1
eu,2.02,B67,B67C,1
et,1.02,Y10,Y10S,1
oy,9,F28,F28F,1
xe,4.01,C08,C08B,1
tu,3.01,B60,B60G,1
ku,5.07,H03,H03L,1
ou,1.06,G07,G07F,1
bk,6.04,B62,B62J,1
qc,6.02,B60,B60T,1
py,3.02,A22,A22C,1
bk,6.04,A23,A23C,1
ph,6.02,G04,G04B,1
pf,6.02,B07,B07B,1
fe,5.05,B65,B65B,1
eu,2.02,A45,A45D,1
ky,1.05,G01,G01F,1
pz,2.05,B23,B23F,1
nm,5.02,C14,C14C,1
eq,3.01,B21,B21D,1
eo,6.02,G01,G01M,1
gy,5.02,G04,G04C,1
er,1.02,E03,E03F,1
dk,5.02,B64,B64B,1
dx,3.01,E01,E01B,1
qu,1.06,B62,B62D,1
de,1.06,A44,A44B,1
ki,3.02,G03,G03C,1
yi,6.03,B23,B23K,1
vx,5.01,D04,D04H,1
ut,6.02,E01,E01H,1
ee,1.04,B60,B60D,1
rq,1.06,G01,G01L,1
cq,1.06,D06,D06C,1
zc,4.03,B41,B41N,1
tu,3.01,F24,F24D,1
eu,2.02,C02,C02F,1
jy,4.05,F25,F25C,1
ne,3.03,A01,A01C,1
im,2.01,B21,B21J,1
cq,1.06,E05,E05C,1
im,2.01,B27,B27M,1
dw,1.04,F24,F24S,1
ne,3.03,C21,C21D,1
fy,3.02,B42,B42B,1
vj,5.01,F23,F23D,1
yp,3.02,F02,F02B,1
ct,9,D04,D04H,1
dm,3.02,B27,B27G,1
gm,3.03,H01,H01R,1
or,5.09,F16,F16H,1
mu,4.01,G01,G01M,1
yg,6.04,C09,C09D,1
ai,2.03,C08,C08B,1
eq,3.01,C21,C21B,1
yg,6.04,D21,D21H,1
ju,4.01,C09,C09D,1
sa,3.03,B65,B65G,1
ba,3.02,E21,E21B,1
vj,5.01,H03,H03F,1
fe,5.05,A23,A23C,1
ph,6.02,B23,B23Q,1
bp,6.04,G07,G07G,1
et,1.02,C13,C13B,1
yg,6.04,F41,F41A,1
or,5.09,C11,C11D,1
nu,5.08,B63,B63G,1
wh,3.02,B25,B25J,1
oz,6.02,E02,E02F,1
pf,6.02,B01,B01F,1
gm,3.03,A62,A62C,1
bq,6.05,A24,A24B,1
zq,2.07,B61,B61L,1
uu,5.06,A01,A01C,1
ut,6.02,D05,D05B,1
ae,4.05,F16,F16L,1
ph,6.02,H05,H05B,1
di,5.02,A41,A41H,1
pa,6.02,Y02,Y02E,1
ua,6.03,D01,D01D,1
qk,6.01,B65,B65B,1
dk,5.02,F16,F16D,1
iy,1.06,G01,G01P,1
wc,3.03,F24,F24F,1
bp,6.04,B21,B21C,1
di,5.02,B26,B26B,1
or,5.09,E02,E02B,1
pn,1.01,G10,G10D,1
jb,5.07,B03,B03D,1
pj,2.05,B27,B27D,1
cu,1.06,G07,G07B,1
wh,3.02,G01,G01C,1
le,1.05,A45,A45D,1
ua,6.03,B05,B05D,1
ta,1.06,H05,H05B,1
wq,5.01,C12,C12P,1
ne,3.03,A01,A01J,1
om,5.05,G01,G01P,1
bq,6.05,A21,A21C,1
he,5.03,A63,A63C,1
wh,3.02,B66,B66F,1
wm,5.04,E05,E05C,1
ua,6.03,G04,G04G,1
ha,5.03,F04,F04C,1
we,3.02,F24,F24C,1
le,1.05,A47,A47B,1
om,5.05,F01,F01P,1
zc,4.03,F02,F02P,1
py,3.02,F23,F23C,1
nq,5.01,A01,A01K,1
rp,6.04,F24,F24H,1
ev,1.02,B31,B31B,1
xy,1.01,B62,B62M,1
cu,1.06,C12,C12F,1
qj,2.05,B60,B60Q,1
nq,5.01,F15,F15B,1
cq,1.06,A47,A47D,1
km,1.06,F15,F15B,1
ip,2.07,E03,E03C,1
uy,1.04,E05,E05D,1
ro,1.07,B68,B68C,1
vx,5.01,C11,C11D,1
bp,6.04,A62,A62B,1
yi,6.03,H03,H03G,1
en,9,F41,F41H,1
lj,3.02,B21,B21K,1
yg,6.04,F23,F23D,1
rp,6.04,G01,G01F,1
mq,6.01,F15,F15B,1
cq,1.06,H03,H03J,1
ka,4.01,A61,A61G,1
ru,3.01,E02,E02B,1
mu,4.01,C23,C23C,1
ma,3.02,A01,A01M,1
pq,1.01,B27,B27B,1
if,2.11,E05,E05B,1
mq,6.01,C08,C08K,1
hq,1.04,H04,H04H,1
sd,3.02,A47,A47C,1
jw,6.02,E03,E03C,1
fe,5.05,B43,B43K,1
pj,2.05,F27,F27D,1
js,6.04,C40,C40B,1
di,5.02,F41,F41J,1
en,9,C23,C23C,1
zm,1.06,B65,B65G,1
pz,2.05,B61,B61G,1
wq,5.01,B67,B67D,1
fy,3.02,G03,G03G,1
fe,5.05,B60,B60L,1
oi,3.02,H04,H04M,1
pa,6.02,B23,B23H,1
sd,3.02,B08,B08B,1
zc,4.03,C10,C10M,1
bp,6.04,B66,B66D,1
vj,5.01,B60,B60L,1
dm,3.02,A47,A47D,1
ga,3.02,F23,F23D,1
jo,5.04,B28,B28B,1
ot,6.02,B60,B60L,1
zd,9,D06,D06F,1
qg,2.05,B63,B63H,1
dk,5.02,D06,D06F,1
et,1.02,F02,F02P,1
da,1.06,A46,A46D,1
ip,2.07,A41,A41F,1
fs,6.04,G01,G01B,1
fa,2.01,D21,D21C,1
ih,2.07,B23,B23B,1
we,3.02,B23,B23Q,1
bp,6.04,B67,B67B,1
ew,1.02,B04,B04B,1
ta,1.06,B63,B63B,1
ha,5.03,D04,D04C,1
nq,5.01,C12,C12C,1
oa,2.11,A47,A47K,1
ye,2.02,A43,A43C,1
lq,3.03,A45,A45D,1
pd,6.02,B65,B65F,1
bk,6.04,C01,C01F,1
tm,3.01,F21,F21V,1
he,5.03,B29,B29C,1
et,1.02,D06,D06H,1
ro,1.07,B42,B42F,1
ne,3.03,B43,B43K,1
yp,3.02,H05,H05B,1
wc,3.03,A62,A62B,1
ut,6.02,A45,A45B,1
vy,3.02,B27,B27K,1
wh,3.02,A01,A01C,1
qc,6.02,F03,F03G,1
pa,6.02,H04,H04S,1
pc,5.02,B61,B61F,1
gy,5.02,B24,B24D,1
pf,6.02,B41,B41J,1
ve,3.02,B27,B27N,1
uu,5.06,B23,B23P,1
pk,2.05,A42,A42B,1
iy,1.06,B29,B29B,1
pj,2.05,A01,A01J,1
bq,6.05,C01,C01D,1
tc,3.02,G21,G21F,1
iy,1.06,A23,A23N,1
dk,5.02,D04,D04H,1
ju,4.01,D21,D21H,1
lj,3.02,B64,B64G,1
hb,5.03,B05,B05C,1
cq,1.06,C22,C22F,1
ja,1.05,F41,F41A,1
qd,6.02,C09,C09D,1
jb,5.07,F42,F42B,1
js,6.04,A47,A47G,1
pk,2.05,A23,A23B,1
ry,2.03,A01,A01D,1
ki,3.02,B61,B61D,1
ju,4.01,C08,C08K,1
ut,6.02,B62,B62B,1
bm,5.07,C25,C25C,1
ki,3.02,B60,B60J,1
aa,1.03,B60,B60J,1
gc,1.05,F16,F16F,1
li,3.02,C11,C11D,1
ki,3.02,G10,G10G,1
vm,5.06,E21,E21C,1
we,3.02,H01,H01B,1
fy,3.02,B21,B21J,1
lq,3.03,B62,B62M,1
we,3.02,G07,G07G,1
ju,4.01,D07,D07B,1
yi,6.03,G04,G04G,1
vp,3.03,F24,F24H,1
ip,2.07,E04,E04H,1
if,2.11,C14,C14C,1
ha,5.03,E05,E05D,1
bm,5.07,A01,A01D,1
rb,2.02,D04,D04C,1
oz,6.02,D21,D21B,1
ky,1.05,B28,B28D,1
js,6.04,D04,D04H,1
mm,6.01,F41,F41B,1
iq,2.02,A63,A63D,1
ro,1.07,Y10,Y10S,1
et,1.02,B21,B21B,1
pa,6.02,A22,A22C,1
id,2.07,F24,F24C,1
om,5.05,E02,E02D,1
io,2.07,F41,F41A,1
xq,2.11,E02,E02F,1
js,6.04,E01,E01F,1
ep,1.02,B31,B31D,1
ra,2.11,C21,C21B,1
tq,3.02,A01,A01J,1
qa,3.01,F02,F02N,1
eo,6.02,G05,G05F,1
cl,9,F01,F01N,1
ki,3.02,H03,H03J,1
py,3.02,F23,F23D,1
fe,5.05,C10,C10L,1
zc,4.03,B23,B23H,1
js,6.04,E02,E02B,1
fy,3.02,H03,H03G,1
li,3.02,F16,F16M,1
ki,3.02,D01,D01F,1
gy,5.02,B02,B02C,1
pc,5.02,F16,F16M,1
eu,2.02,F23,F23N,1
ui,1.03,E02,E02B,1
ro,1.07,F22,F22D,1
rq,1.06,G03,G03D,1
ku,5.07,B23,B23H,1
fy,3.02,B23,B23P,1
rp,6.04,F24,F24F,1
td,3.02,F41,F41H,1
fi,1.04,F28,F28F,1
rp,6.04,B63,B63B,1
ro,1.07,G21,G21J,1
fs,6.04,B01,B01F,1
js,6.04,F21,F21S,1
bp,6.04,E21,E21D,1
ki,3.02,C22,C22F,1
js,6.04,G01,G01K,1
mq,6.01,B81,B81B,1
yg,6.04,F23,F23G,1
pd,6.02,B65,B65G,1
li,3.02,C21,C21C,1
ph,6.02,A63,A63F,1
my,5.01,A23,A23C,1
ju,4.01,H02,H02K,1
rt,3.02,E05,E05C,1
pm,2.05,A24,A24C,1
yg,6.04,H01,H01M,1
ue,2.11,F15,F15B,1
eo,6.02,B60,B60D,1
ru,3.01,B64,B64F,1
gy,5.02,F03,F03D,1
jw,6.02,B02,B02C,1
ds,3.02,B08,B08B,1
jw,6.02,B60,B60K,1
js,6.04,G21,G21K,1
jw,6.02,C30,C30B,1
az,3.02,E05,E05C,1
jw,6.02,F04,F04D,1
vi,5.01,H02,H02B,1
dr,1.06,B62,B62J,1
ex,1.02,C05,C05F,1
qj,2.05,C07,C07J,1
rp,6.04,C10,C10G,1
wq,5.01,F02,F02P,1
gu,1.06,C23,C23D,1
mm,6.01,A24,A24C,1
ai,2.03,B61,B61K,1
dm,3.02,B60,B60H,1
bq,6.05,B60,B60H,1
io,2.07,C03,C03C,1
mu,4.01,H02,H02M,1
js,6.04,D21,D21C,1
ne,3.03,B33,B33Y,1
fs,6.04,B23,B23Q,1
gc,1.05,B41,B41C,1
ki,3.02,A01,A01M,1
or,5.09,C22,C22F,1
ry,2.03,E01,E01H,1
sa,3.03,E04,E04B,1
pd,6.02,B62,B62B,1
jy,4.05,B44,B44C,1
rz,3.03,A47,A47G,1
dk,5.02,B23,B23F,1
ff,3.02,B03,B03D,1
ju,4.01,B05,B05B,1
qa,3.01,C22,C22B,1
qh,2.05,G03,G03C,1
az,3.02,B65,B65G,1
ne,3.03,B60,B60D,1
zd,9,H02,H02H,1
nu,5.08,A63,A63D,1
pj,2.05,A41,A41D,1
gy,5.02,F41,F41B,1
jy,4.05,C21,C21B,1
dm,3.02,H02,H02H,1
aq,3.02,G02,G02C,1
lj,3.02,F01,F01L,1
dk,5.02,H03,H03F,1
zk,9,G01,G01P,1
pa,6.02,F23,F23N,1
wy,5.04,B63,B63B,1
yg,6.04,B60,B60T,1
km,1.06,E01,E01F,1
jy,4.05,D01,D01H,1
vj,5.01,C05,C05G,1
yg,6.04,B28,B28C,1
jy,4.05,F16,F16D,1
ql,9,B29,B29C,1
iu,2.03,A45,A45D,1
fs,6.04,B25,B25B,1
gy,5.02,E03,E03B,1
nq,5.01,B23,B23B,1
gy,5.02,B62,B62K,1
vj,5.01,F16,F16F,1
lj,3.02,F24,F24F,1
iq,2.02,B23,B23G,1
qu,1.06,G01,G01L,1
pd,6.02,F02,F02D,1
ia,3.02,F22,F22B,1
yp,3.02,G05,G05F,1
ia,3.02,B60,B60Q,1
xy,1.01,B24,B24D,1
su,3.02,F16,F16B,1
pa,6.02,B42,B42F,1
rt,3.02,E04,E04G,1
gu,1.06,F01,F01M,1
nu,5.08,E01,E01B,1
js,6.04,B42,B42C,1
es,2.02,B67,B67D,1
oz,6.02,A63,A63G,1
pa,6.02,A24,A24B,1
mm,6.01,A01,A01B,1
ad,4.02,B60,B60W,1
xa,5.04,C12,C12G,1
ka,4.01,A43,A43B,1
xw,3.03,B26,B26B,1
fu,5.04,G01,G01L,1
ph,6.02,G21,G21C,1
rq,1.06,H01,H01B,1
ni,3.01,B28,B28D,1
ka,4.01,B21,B21D,1
gy,5.02,B25,B25G,1
km,1.06,B04,B04B,1
js,6.04,B29,B29B,1
pg,6.02,B23,B23Q,1
lq,3.03,D21,D21H,1
ui,1.03,B27,B27B,1
li,3.02,B23,B23Q,1
ia,3.02,D21,D21F,1
my,5.01,F27,F27D,1
jm,5.04,G06,G06K,1
yg,6.04,A63,A63J,1
qh,2.05,H04,H04Q,1
wy,5.04,B23,B23D,1
ec,1.04,H02,H02G,1
oe,5.06,B61,B61F,1
fs,6.04,B25,B25F,1
fi,1.04,C11,C11C,1
ju,4.01,C04,C04B,1
eq,3.01,F02,F02D,1
rz,3.03,G21,G21D,1
ga,3.02,E06,E06B,1
yi,6.03,A01,A01F,1
qk,6.01,B23,B23Q,1
pd,6.02,H01,H01B,1
ka,4.01,C06,C06D,1
js,6.04,B60,B60H,1
ku,5.07,D04,D04H,1
ia,3.02,H02,H02K,1
ku,5.07,E02,E02D,1
lj,3.02,A47,A47B,1
bf,5.04,B60,B60J,1
wm,5.04,B61,B61C,1
qe,2.09,H03,H03M,1
gc,1.05,F21,F21V,1
pf,6.02,B27,B27G,1
py,3.02,A41,A41G,1
wc,3.03,H01,H01F,1
iu,2.03,E05,E05C,1
zd,9,B60,B60N,1
gu,1.06,B65,B65H,1
um,3.01,B62,B62H,1
ha,5.03,A24,A24D,1
ep,1.02,A23,A23P,1
ku,5.07,C03,C03B,1
ma,3.02,G03,G03C,1
ea,1.04,F04,F04C,1
eq,3.01,G03,G03C,1
js,6.04,A01,A01B,1
wc,3.03,E05,E05B,1
ew,1.02,E01,E01H,1
rt,3.02,B43,B43L,1
js,6.04,F02,F02B,1
uq,5.07,G01,G01F,1
sa,3.03,B41,B41C,1
yo,3.01,F24,F24H,1
js,6.04,B62,B62D,1
jo,5.04,F23,F23R,1
ha,5.03,B07,B07B,1
vj,5.01,A41,A41D,1
jo,5.04,B67,B67D,1
hi,5.01,B32,B32B,1
ii,2.04,F41,F41G,1
rt,3.02,B43,B43K,1
gc,1.05,A01,A01K,1
oz,6.02,D04,D04C,1
jm,5.04,H02,H02G,1
eo,6.02,H01,H01Q,1
ju,4.01,B21,B21D,1
uu,5.06,F22,F22B,1
am,4.01,B60,B60T,1
fy,3.02,B23,B23B,1
dm,3.02,A47,A47G,1
rp,6.04,B23,B23P,1
hl,3.03,C03,C03C,1
lq,3.03,B23,B23H,1
bu,1.03,A61,A61H,1
eq,3.01,D01,D01F,1
ne,3.03,F01,F01C,1
wm,5.04,D06,D06M,1
ma,3.02,G05,G05F,1
jm,5.04,B32,B32B,1
ju,4.01,A61,A61G,1
vj,5.01,H02,H02J,1
fe,5.05,H04,H04B,1
qa,3.01,E05,E05B,1
jy,4.05,F41,F41C,1
ha,5.03,B63,B63B,1
ue,2.11,F04,F04B,1
yr,2.01,F02,F02G,1
rz,3.03,B31,B31F,1
fs,6.04,B66,B66C,1
id,2.07,B62,B62M,1
sd,3.02,H04,H04K,1
ka,4.01,H02,H02K,1
gu,1.06,B23,B23D,1
oe,5.06,F23,F23R,1
rp,6.04,C05,C05B,1
my,5.01,B60,B60T,1
ii,2.04,F22,F22G,1
xw,3.03,E21,E21C,1
ha,5.03,F15,F15D,1
yo,3.01,B23,B23C,1
de,1.06,G10,G10D,1
ui,1.03,F23,F23D,1
za,3.02,G07,G07B,1
zc,4.03,D02,D02J,1
ia,3.02,B61,B61L,1
xy,1.01,F24,F24F,1
ep,1.02,C01,C01D,1
le,1.05,C23,C23F,1
gy,5.02,B21,B21C,1
ev,1.02,B23,B23C,1
mm,6.01,B01,B01L,1
py,3.02,C05,C05D,1
ih,2.07,B24,B24D,1
tc,3.02,G07,G07D,1
eq,3.01,B65,B65D,1
ai,2.03,A23,A23D,1
ua,6.03,G05,G05G,1
qk,6.01,H02,H02M,1
qf,9,B61,B61C,1
jo,5.04,A47,A47L,1
tc,3.02,E21,E21B,1
ia,3.02,H01,H01H,1
gu,1.06,A61,A61C,1
az,3.02,B21,B21H,1
gc,1.05,B60,B60L,1
fs,6.04,D02,D02J,1
vj,5.01,E05,E05F,1
pi,1.06,C06,C06B,1
vj,5.01,B03,B03C,1
xa,5.04,A45,A45C,1
wu,5.04,B60,B60H,1
lj,3.02,C09,C09C,1
qu,1.06,F21,F21S,1
ha,5.03,G21,G21C,1
pa,6.02,D06,D06B,1
ne,3.03,E04,E04H,1
pm,2.05,B21,B21G,1
za,3.02,E02,E02F,1
lq,3.03,F25,F25D,1
fs,6.04,G08,G08B,1
ka,4.01,A22,A22C,1
ea,1.04,C05,C05B,1
js,6.04,B05,B05C,1
ik,2.11,A01,A01D,1
ya,3.02,A47,A47H,1
rt,3.02,F24,F24B,1
mr,6.01,G11,G11B,1
fs,6.04,G08,G08G,1
js,6.04,C10,C10B,1
fs,6.04,G03,G03D,1
om,5.05,H03,H03B,1
bp,6.04,B07,B07B,1
ki,3.02,H02,H02J,1
ta,1.06,G05,G05F,1
uq,5.07,A61,A61L,1
yr,2.01,B62,B62H,1
bk,6.04,F16,F16C,1
oi,3.02,G11,G11C,1
le,1.05,A22,A22C,1
oe,5.06,H02,H02P,1
ut,6.02,A01,A01C,1
mm,6.01,F41,F41A,1
jw,6.02,B60,B60V,1
pj,2.05,B60,B60C,1
zk,9,A23,A23G,1
pw,2.06,B24,B24B,1
li,3.02,F16,F16L,1
ds,3.02,G07,G07G,1
dy,1.04,B60,B60P,1
mm,6.01,C09,C09F,1
oe,5.06,H04,H04S,1
qj,2.05,A41,A41H,1
pf,6.02,H03,H03B,1
ne,3.03,B61,B61G,1
qc,6.02,F03,F03D,1
li,3.02,F01,F01N,1
vm,5.06,B09,B09B,1
zr,1.05,F02,F02D,1
my,5.01,H04,H04S,1
rz,3.03,B22,B22C,1
ha,5.03,B04,B04B,1
ay,3.01,G01,G01M,1
ig,2.06,B26,B26B,1
az,3.02,D06,D06M,1
qu,1.06,B23,B23B,1
gy,5.02,E01,E01F,1
uu,5.06,A01,A01G,1
wh,3.02,B42,B42C,1
ja,1.05,E01,E01B,1
ep,1.02,A21,A21B,1
ut,6.02,B60,B60G,1
ha,5.03,B31,B31F,1
qa,3.01,B21,B21H,1
lj,3.02,F28,F28D,1
wq,5.01,B62,B62D,1
my,5.01,C01,C01B,1
di,5.02,F23,F23G,1
jy,4.05,H01,H01H,1
pa,6.02,B26,B26B,1
ua,6.03,F27,F27B,1
ai,2.03,H02,H02B,1
bi,6.01,B60,B60D,1
li,3.02,F23,F23D,1
ka,4.01,B63,B63J,1
uy,1.04,D03,D03C,1
oy,9,C07,C07B,1
ah,4.01,F16,F16D,1
uq,5.07,C05,C05C,1
pz,2.05,B66,B66C,1
ff,3.02,C10,C10M,1
oz,6.02,H02,H02S,1
qc,6.02,H02,H02H,1
di,5.02,A47,A47F,1
pj,2.05,E04,E04G,1
ki,3.02,A23,A23B,1
pq,1.01,E04,E04H,1
pa,6.02,A01,A01B,1
if,2.11,A47,A47K,1
rp,6.04,G04,G04D,1
ga,3.02,H02,H02N,1
ni,3.01,E04,E04F,1
le,1.05,B44,B44C,1
dm,3.02,B66,B66B,1
qc,6.02,F25,F25B,1
gy,5.02,A45,A45F,1
ik,2.11,A47,A47K,1
fs,6.04,G10,G10H,1
pj,2.05,F03,F03D,1
qc,6.02,F15,F15B,1
rt,3.02,B60,B60J,1
wu,5.04,F02,F02B,1
iy,1.06,G07,G07B,1
xq,2.11,F16,F16B,1
iy,1.06,F02,F02D,1
we,3.02,E05,E05G,1
ku,5.07,H05,H05K,1
il,2.07,E04,E04H,1
et,1.02,B27,B27B,1
bp,6.04,A01,A01B,1
dm,3.02,D07,D07B,1
ne,3.03,H02,H02N,1
ii,2.04,E05,E05C,1
oe,5.06,B42,B42C,1
iy,1.06,C08,C08C,1
eo,6.02,C09,C09B,1
le,1.05,E05,E05B,1
pe,5.02,A41,A41C,1
ro,1.07,A43,A43C,1
rz,3.03,A47,A47B,1
uu,5.06,D02,D02G,1
ii,2.04,A44,A44C,1
dr,1.06,B42,B42F,1
zq,2.07,A01,A01D,1
vx,5.01,C21,C21C,1
zm,1.06,C22,C22F,1
si,1.05,E03,E03F,1
yi,6.03,B66,B66B,1
sd,3.02,B60,B60L,1
uy,1.04,D06,D06Q,1
mu,4.01,C06,C06B,1
jy,4.05,B60,B60K,1
oy,9,B64,B64C,1
bp,6.04,B25,B25C,1
ki,3.02,A47,A47C,1
km,1.06,B23,B23D,1
py,3.02,C06,C06D,1
ix,2.07,F21,F21V,1
pu,2.03,A61,A61G,1
uu,5.06,D05,D05B,1
mm,6.01,C09,C09C,1
pa,6.02,A23,A23J,1
li,3.02,B64,B64F,1
cq,1.06,B65,B65C,1
ph,6.02,B60,B60Q,1
le,1.05,G01,G01G,1
le,1.05,B66,B66F,1
ve,3.02,B42,B42D,1
xw,3.03,C01,C01G,1
xa,5.04,F02,F02M,1
qj,2.05,B02,B02C,1
bp,6.04,B61,B61D,1
za,3.02,E21,E21C,1
aa,1.03,B60,B60H,1
le,1.05,G04,G04F,1
bp,6.04,A22,A22C,1
ur,1.01,A62,A62B,1
bq,6.05,F23,F23K,1
ua,6.03,B41,B41N,1
pd,6.02,H03,H03K,1
mm,6.01,A43,A43C,1
tq,3.02,B65,B65G,1
bq,6.05,A41,A41C,1
pf,6.02,B60,B60G,1
uu,5.06,D04,D04H,1
qk,6.01,A46,A46B,1
yg,6.04,C03,C03C,1
ua,6.03,A47,A47J,1
ae,4.05,H01,H01J,1
aq,3.02,A23,A23B,1
ig,2.06,F42,F42C,1
bp,6.04,F42,F42B,1
wq,5.01,G01,G01C,1
qk,6.01,B41,B41M,1
pa,6.02,F03,F03G,1
wu,5.04,E05,E05D,1
pj,2.05,H02,H02J,1
fs,6.04,H02,H02G,1
jm,5.04,A41,A41D,1
di,5.02,F16,F16C,1
pg,6.02,B22,B22D,1
ka,4.01,F27,F27B,1
li,3.02,A47,A47C,1
we,3.02,A42,A42B,1
ai,2.03,E04,E04F,1
rp,6.04,B30,B30B,1
xa,5.04,F04,F04D,1
bq,6.05,H03,H03G,1
li,3.02,B03,B03C,1
gm,3.03,A45,A45C,1
fs,6.04,H01,H01H,1
yg,6.04,G06,G06N,1
hb,5.03,D01,D01F,1
ay,3.01,H05,H05H,1
ph,6.02,B65,B65D,1
nn,3.03,F04,F04B,1
bq,6.05,F24,F24B,1
su,3.02,D04,D04C,1
ky,1.05,F28,F28F,1
dq,9,F02,F02G,1
mu,4.01,F16,F16C,1
su,3.02,D06,D06N,1
pf,6.02,G01,G01S,1
ru,3.01,F41,F41C,1
et,1.02,E21,E21D,1
dm,3.02,B62,B62H,1
rp,6.04,G04,G04B,1
im,2.01,F15,F15D,1
ua,6.03,F01,F01L,1
ku,5.07,G21,G21C,1
vx,5.01,E01,E01C,1
im,2.01,C12,C12G,1
im,2.01,C12,C12C,1
si,1.05,B66,B66B,1
ne,3.03,F02,F02N,1
fy,3.02,F04,F04C,1
de,1.06,B23,B23F,1
aa,1.03,E04,E04F,1
hq,1.04,A62,A62C,1
nu,5.08,F01,F01C,1
ma,3.02,A43,A43B,1
ga,3.02,B60,B60Q,1
gm,3.03,E21,E21B,1
za,3.02,F01,F01M,1
wq,5.01,B28,B28B,1
wc,3.03,B27,B27B,1
vs,5.01,C07,C07C,1
fs,6.04,B28,B28C,1
ue,2.11,B28,B28B,1
af,4.05,H02,H02K,1
di,5.02,D01,D01F,1
ta,1.06,B23,B23D,1
ph,6.02,H03,H03K,1
zc,4.03,B08,B08B,1
eo,6.02,F01,F01D,1
mu,4.01,C14,C14C,1
za,3.02,A62,A62C,1
gy,5.02,G06,G06M,1
mm,6.01,G04,G04R,1
js,6.04,G10,G10G,1
py,3.02,H02,H02B,1
wu,5.04,B61,B61C,1
lq,3.03,G03,G03B,1
ma,3.02,A63,A63G,1
iy,1.06,B30,B30B,1
uq,5.07,H02,H02P,1
pf,6.02,F25,F25J,1
fs,6.04,E04,E04B,1
dk,5.02,G07,G07B,1
ti,9,A41,A41H,1
gy,5.02,G21,G21C,1
jy,4.05,B60,B60J,1
su,3.02,B61,B61H,1
oa,2.11,B23,B23F,1
ba,3.02,G01,G01B,1
tu,3.01,E04,E04B,1
dk,5.02,A41,A41C,1
hb,5.03,H02,H02G,1
vy,3.02,D04,D04B,1
ia,3.02,B43,B43K,1
uy,1.04,H02,H02B,1
wc,3.03,A21,A21C,1
qk,6.01,B66,B66C,1
ti,9,G01,G01K,1
bq,6.05,B60,B60D,1
wq,5.01,G01,G01J,1
pj,2.05,B42,B42C,1
af,4.05,H03,H03K,1
qk,6.01,C03,C03B,1
il,2.07,H02,H02G,1
pj,2.05,B60,B60Q,1
ma,3.02,A01,A01D,1
js,6.04,B60,B60D,1
ba,3.02,D21,D21F,1
js,6.04,C12,C12H,1
en,9,A61,A61F,1
lj,3.02,A61,A61G,1
ry,2.03,F16,F16B,1
nu,5.08,F24,F24D,1
nn,3.03,F23,F23J,1
td,3.02,A21,A21D,1
ma,3.02,B60,B60S,1
vi,5.01,E21,E21C,1
wy,5.04,C01,C01B,1
fy,3.02,E04,E04D,1
dy,1.04,D05,D05B,1
ut,6.02,B21,B21J,1
ai,2.03,B60,B60B,1
af,4.05,C10,C10L,1
lq,3.03,G01,G01D,1
ut,6.02,F41,F41G,1
sa,3.03,B02,B02C,1
lq,3.03,F42,F42B,1
ut,6.02,H02,H02N,1
wc,3.03,H03,H03F,1
gc,1.05,A23,A23P,1
un,1.03,F04,F04D,1
bp,6.04,A43,A43C,1
pa,6.02,G01,G01G,1
nu,5.08,B04,B04C,1
py,3.02,B27,B27C,1
di,5.02,G01,G01G,1
ex,1.02,D04,D04B,1
ya,3.02,A45,A45B,1
zc,4.03,D21,D21D,1
dm,3.02,E03,E03F,1
ne,3.03,E04,E04G,1
bf,5.04,C05,C05G,1
dm,3.02,A44,A44B,1
mq,6.01,G03,G03B,1
xw,3.03,F04,F04C,1
wq,5.01,G03,G03C,1
fy,3.02,B41,B41M,1
uq,5.07,B60,B60Q,1
ro,1.07,E04,E04D,1
vp,3.03,G01,G01R,1
ai,2.03,D06,D06N,1
ff,3.02,F23,F23D,1
yy,5.07,G04,G04B,1
cq,1.06,F02,F02M,1
dq,9,B64,B64D,1
fy,3.02,G01,G01C,1
om,5.05,B63,B63G,1
ry,2.03,E21,E21D,1
qq,1.05,B60,B60S,1
ui,1.03,D01,D01H,1
ew,1.02,C12,C12G,1
id,2.07,B25,B25F,1
xa,5.04,A47,A47D,1
ma,3.02,D06,D06P,1
cn,5.01,C09,C09B,1
hq,1.04,F01,F01M,1
eo,6.02,G01,G01F,1
pd,6.02,H01,H01F,1
my,5.01,B41,B41J,1
ma,3.02,E06,E06B,1
ro,1.07,D06,D06B,1
ad,4.02,A47,A47G,1
ew,1.02,B67,B67D,1
pj,2.05,F23,F23D,1
dm,3.02,A42,A42B,1
wc,3.03,A01,A01D,1
ni,3.01,B60,B60G,1
cq,1.06,A41,A41B,1
rp,6.04,G01,G01W,1
id,2.07,B27,B27C,1
ju,4.01,A47,A47C,1
ip,2.07,A63,A63H,1
yi,6.03,E01,E01H,1
eo,6.02,F03,F03G,1
hi,5.01,B05,B05B,1
qa,3.01,F24,F24S,1
oz,6.02,D21,D21F,1
wq,5.01,B21,B21D,1
bi,6.01,B01,B01F,1
ga,3.02,F41,F41A,1
ku,5.07,B24,B24B,1
il,2.07,G03,G03F,1
bq,6.05,B04,B04B,1
mm,6.01,H02,H02N,1
bq,6.05,B23,B23D,1
py,3.02,D03,D03J,1
nu,5.08,B62,B62B,1
rt,3.02,F02,F02K,1
im,2.01,B41,B41F,1
dt,2.03,B60,B60T,1
pg,6.02,B42,B42D,1
yg,6.04,F16,F16L,1
iy,1.06,A23,A23F,1
js,6.04,D05,D05B,1
bq,6.05,A01,A01F,1
yq,5.07,B64,B64B,1
ma,3.02,B42,B42B,1
wq,5.01,B41,B41J,1
qk,6.01,A24,A24B,1
ma,3.02,B07,B07B,1
pz,2.05,B27,B27D,1
wh,3.02,G03,G03G,1
uq,5.07,E06,E06B,1
mq,6.01,E02,E02D,1
mq,6.01,D03,D03D,1
ni,3.01,B63,B63H,1
ki,3.02,F24,F24D,1
tm,3.01,A61,A61G,1
up,1.03,B27,B27K,1
bp,6.04,E02,E02D,1
bi,6.01,B62,B62D,1
id,2.07,B25,B25D,1
bq,6.05,A41,A41G,1
hi,5.01,A61,A61Q,1
tq,3.02,G10,G10D,1
ne,3.03,B62,B62B,1
io,2.07,D05,D05B,1
ai,2.03,F02,F02F,1
hq,1.04,B60,B60M,1
re,1.05,B60,B60R,1
qc,6.02,B65,B65G,1
es,2.02,A45,A45D,1
ze,1.06,B64,B64D,1
et,1.02,C01,C01D,1
nq,5.01,E01,E01B,1
vj,5.01,B60,B60S,1
ve,3.02,E04,E04B,1
rp,6.04,D01,D01G,1
qf,9,C09,C09B,1
ma,3.02,C10,C10M,1
bp,6.04,B23,B23F,1
ut,6.02,B21,B21B,1
ro,1.07,B21,B21K,1
fu,5.04,E03,E03B,1
dx,3.01,A43,A43B,1
es,2.02,A24,A24F,1
wm,5.04,B61,B61B,1
ma,3.02,A24,A24D,1
ad,4.02,B09,B09B,1
wu,5.04,B25,B25B,1
pf,6.02,A61,A61L,1
vy,3.02,F23,F23N,1
ni,3.01,A47,A47F,1
ka,4.01,F23,F23R,1
ec,1.04,C21,C21B,1
lj,3.02,C12,C12H,1
mu,4.01,F16,F16H,1
un,1.03,E01,E01C,1
jy,4.05,B67,B67C,1
qh,2.05,B41,B41F,1
pj,2.05,H02,H02M,1
eo,6.02,C22,C22B,1
nm,5.02,B62,B62K,1
gu,1.06,F25,F25B,1
pw,2.06,H05,H05K,1
wv,3.03,F42,F42B,1
vj,5.01,B27,B27M,1
vj,5.01,F01,F01N,1
zd,9,D02,D02J,1
ht,1.06,G01,G01G,1
fs,6.04,D21,D21C,1
zm,1.06,A63,A63C,1
wh,3.02,F16,F16M,1
ah,4.01,F02,F02M,1
ox,6.02,E02,E02F,1
bk,6.04,C10,C10M,1
js,6.04,B60,B60Q,1
fs,6.04,F41,F41A,1
qh,2.05,B60,B60B,1
si,1.05,A61,A61G,1
xq,2.11,F04,F04C,1
js,6.04,B42,B42D,1
km,1.06,B28,B28D,1
ai,2.03,F01,F01B,1
ec,1.04,F23,F23J,1
uq,5.07,F02,F02K,1
ad,4.02,D06,D06C,1
xw,3.03,A63,A63H,1
tu,3.01,H02,H02H,1
oy,9,G03,G03H,1
pu,2.03,F02,F02N,1
ur,1.01,D06,D06F,1
co,1.06,A63,A63J,1
ia,3.02,H02,H02N,1
ka,4.01,A61,A61C,1
pa,6.02,E06,E06B,1
pm,2.05,A61,A61D,1
mq,6.01,C01,C01G,1
rp,6.04,F02,F02M,1
ip,2.07,F04,F04C,1
ik,2.11,E02,E02D,1
ub,1.03,B60,B60S,1
zm,1.06,E01,E01F,1
lj,3.02,B07,B07B,1
um,3.01,B64,B64G,1
pc,5.02,H03,H03D,1
ot,6.02,C25,C25D,1
mu,4.01,B26,B26B,1
pa,6.02,B60,B60D,1
nu,5.08,A45,A45F,1
pg,6.02,G01,G01T,1
ua,6.03,B24,B24C,1
bu,1.03,F01,F01L,1
ne,3.03,B27,B27C,1
iu,2.03,D03,D03C,1
pa,6.02,E04,E04C,1
oi,3.02,G06,G06N,1
ve,3.02,G03,G03D,1
gm,3.03,B65,B65D,1
um,3.01,B27,B27B,1
oa,2.11,C21,C21B,1
wm,5.04,B24,B24B,1
vj,5.01,A61,A61G,1
lq,3.03,G01,G01J,1
pq,1.01,F01,F01D,1
ij,2.11,G04,G04F,1
rz,3.03,G10,G10D,1
vx,5.01,D05,D05B,1
bq,6.05,E05,E05F,1
oz,6.02,G03,G03D,1
ii,2.04,G08,G08C,1
yi,6.03,A47,A47K,1
pu,2.03,A46,A46D,1
zm,1.06,E05,E05C,1
eq,3.01,D07,D07B,1
py,3.02,D02,D02G,1
di,5.02,B25,B25B,1
uu,5.06,G10,G10D,1
py,3.02,F17,F17C,1
ia,3.02,F16,F16F,1
ga,3.02,B25,B25J,1
xy,1.01,D04,D04C,1
ee,1.04,G01,G01D,1
ee,1.04,H03,H03H,1
ui,1.03,F01,F01B,1
ai,2.03,B61,B61H,1
ot,6.02,F24,F24S,1
bf,5.04,B23,B23P,1
ep,1.02,F16,F16M,1
yq,5.07,G01,G01F,1
fs,6.04,A22,A22B,1
yo,3.01,B61,B61G,1
nq,5.01,F25,F25B,1
wy,5.04,F21,F21V,1
ii,2.04,A61,A61H,1
eq,3.01,B65,B65C,1
bp,6.04,B44,B44C,1
fs,6.04,F25,F25D,1
ni,3.01,C13,C13K,1
xw,3.03,H02,H02G,1
rp,6.04,C10,C10J,1
pg,6.02,B21,B21C,1
ba,3.02,B60,B60N,1
iq,2.02,E03,E03C,1
ig,2.06,F24,F24C,1
ig,2.06,F24,F24F,1
uu,5.06,E01,E01B,1
rq,1.06,G03,G03C,1
dq,9,F28,F28D,1
fs,6.04,B26,B26D,1
zd,9,C10,C10M,1
oy,9,B63,B63H,1
oa,2.11,D06,D06B,1
wh,3.02,D05,D05B,1
fu,5.04,B65,B65D,1
lj,3.02,D06,D06N,1
ew,1.02,C23,C23G,1
mu,4.01,A63,A63B,1
js,6.04,B24,B24B,1
or,5.09,A45,A45F,1
wc,3.03,B23,B23D,1
mu,4.01,H01,H01R,1
vp,3.03,H04,H04Q,1
im,2.01,B61,B61F,1
im,2.01,B23,B23H,1
vi,5.01,B21,B21D,1
oe,5.06,F03,F03D,1
lq,3.03,E05,E05F,1
fs,6.04,B27,B27F,1
bu,1.03,G16,G16H,1
hy,1.06,E04,E04F,1
ga,3.02,B23,B23H,1
om,5.05,B60,B60G,1
ta,1.06,G05,G05D,1
iu,2.03,D02,D02J,1
ja,1.05,E01,E01H,1
wm,5.04,E01,E01B,1
xy,1.01,A45,A45C,1
iu,2.03,B43,B43K,1
ki,3.02,F03,F03B,1
im,2.01,H03,H03C,1
ki,3.02,B42,B42D,1
eo,6.02,B07,B07B,1
mm,6.01,H02,H02H,1
zq,2.07,G05,G05G,1
rz,3.03,B03,B03C,1
ew,1.02,B62,B62J,1
ur,1.01,E04,E04H,1
ia,3.02,B44,B44D,1
ii,2.04,B65,B65F,1
ut,6.02,F16,F16B,1
bm,5.07,B07,B07C,1
ga,3.02,E01,E01C,1
cu,1.06,B65,B65G,1
mm,6.01,A01,A01M,1
mu,4.01,A01,A01F,1
ki,3.02,B33,B33Y,1
rp,6.04,B21,B21F,1
bf,5.04,G02,G02C,1
ju,4.01,B62,B62J,1
ff,3.02,H02,H02G,1
ku,5.07,B08,B08B,1
ue,2.11,C02,C02F,1
eq,3.01,F16,F16M,1
zd,9,A47,A47H,1
zk,9,F24,F24F,1
ku,5.07,F16,F16D,1
pm,2.05,B61,B61G,1
wf,1.06,A61,A61J,1
js,6.04,F02,F02F,1
td,3.02,B21,B21D,1
pa,6.02,A01,A01G,1
nu,5.08,F23,F23M,1
rp,6.04,B60,B60B,1
yg,6.04,G01,G01G,1
eq,3.01,F03,F03D,1
fu,5.04,H04,H04R,1
nn,3.03,F28,F28G,1
bi,6.01,B26,B26B,1
pc,5.02,B22,B22C,1
tu,3.01,B43,B43K,1
vy,3.02,C13,C13K,1
we,3.02,E01,E01B,1
nq,5.01,B26,B26D,1
nn,3.03,G01,G01P,1
ih,2.07,B62,B62D,1
bf,5.04,A63,A63H,1
fy,3.02,F16,F16B,1
pf,6.02,A01,A01K,1
wq,5.01,F41,F41G,1
wc,3.03,F04,F04D,1
rp,6.04,B26,B26D,1
fs,6.04,C01,C01F,1
ut,6.02,F42,F42C,1
mm,6.01,F28,F28F,1
iu,2.03,B41,B41N,1
oy,9,G09,G09F,1
ph,6.02,B60,B60H,1
lj,3.02,H03,H03K,1
ii,2.04,B62,B62B,1
xa,5.04,A01,A01B,1
mq,6.01,B23,B23Q,1
ox,6.02,D03,D03D,1
ut,6.02,A24,A24C,1
rz,3.03,H01,H01C,1
mu,4.01,H04,H04S,1
xy,1.01,F16,F16D,1
ga,3.02,E04,E04B,1
pg,6.02,G07,G07C,1
fy,3.02,F01,F01M,1
tm,3.01,B29,B29B,1
ee,1.04,H04,H04H,1
ky,1.05,H01,H01M,1
tq,3.02,B63,B63H,1
yp,3.02,G08,G08G,1
ki,3.02,C05,C05F,1
xa,5.04,B60,B60P,1
bq,6.05,D01,D01F,1
eo,6.02,H04,H04J,1
if,2.11,B41,B41N,1
xq,2.11,G04,G04B,1
di,5.02,F01,F01K,1
ky,1.05,D06,D06F,1
vs,5.01,C08,C08F,1
wh,3.02,C10,C10B,1
ai,2.03,B61,B61C,1
bp,6.04,A01,A01J,1
ha,5.03,F25,F25B,1
uk,1.03,C12,C12J,1
oy,9,B60,B60L,1
pq,1.01,A43,A43B,1
ex,1.02,B30,B30B,1
qc,6.02,F16,F16B,1
qk,6.01,H02,H02P,1
ui,1.03,F22,F22B,1
mu,4.01,A47,A47K,1
vj,5.01,C12,C12M,1
ve,3.02,B21,B21D,1
pq,1.01,B61,B61B,1
ki,3.02,A63,A63G,1
eo,6.02,B25,B25B,1
iy,1.06,B60,B60L,1
bi,6.01,A47,A47K,1
ig,2.06,E03,E03C,1
rz,3.03,B65,B65G,1
ki,3.02,B07,B07B,1
ii,2.04,F15,F15C,1
ky,1.05,E21,E21D,1
ut,6.02,F27,F27D,1
pn,1.01,F01,F01L,1
pa,6.02,F27,F27B,1
mq,6.01,A45,A45F,1
vy,3.02,B21,B21C,1
wm,5.04,F25,F25B,1
fy,3.02,F17,F17C,1
iy,1.06,B63,B63B,1
bm,5.07,B21,B21C,1
ve,3.02,G07,G07G,1
bk,6.04,B42,B42F,1
wh,3.02,A47,A47B,1
ku,5.07,B27,B27F,1
ry,2.03,F16,F16D,1
km,1.06,F24,F24F,1
qc,6.02,H01,H01Q,1
gu,1.06,C10,C10F,1
az,3.02,E01,E01F,1
fa,2.01,B27,B27M,1
dk,5.02,F01,F01D,1
mu,4.01,H02,H02B,1
fs,6.04,B60,B60K,1
wq,5.01,B62,B62K,1
ff,3.02,E02,E02F,1
lq,3.03,B24,B24B,1
yg,6.04,H02,H02G,1
fs,6.04,B62,B62D,1
za,3.02,A43,A43B,1
gc,1.05,B62,B62B,1
qj,2.05,C05,C05B,1
pg,6.02,C02,C02F,1
pk,2.05,C06,C06D,1
pw,2.06,A22,A22B,1
qc,6.02,B03,B03C,1
il,2.07,B24,B24C,1
qk,6.01,G03,G03B,1
bf,5.04,F01,F01K,1
pz,2.05,C05,C05B,1
ea,1.04,B62,B62M,1
pg,6.02,G07,G07B,1
oy,9,E04,E04B,1
nu,5.08,A42,A42B,1
oz,6.02,B43,B43M,1
we,3.02,G21,G21C,1
oe,5.06,G05,G05F,1
nu,5.08,A01,A01J,1
or,5.09,B62,B62K,1
jo,5.04,H05,H05B,1
pa,6.02,E21,E21C,1
ja,1.05,B21,B21K,1
ro,1.07,G03,G03D,1
ut,6.02,G07,G07D,1
ox,6.02,H03,H03G,1
yy,5.07,B21,B21K,1
ka,4.01,E01,E01C,1
su,3.02,B60,B60R,1
fs,6.04,G01,G01V,1
sa,3.03,D01,D01G,1
xa,5.04,G03,G03B,1
db,2.08,G01,G01W,1
si,1.05,F28,F28F,1
dk,5.02,B24,B24B,1
ha,5.03,A45,A45D,1
le,1.05,F16,F16P,1
pw,2.06,B67,B67B,1
uk,1.03,D21,D21F,1
oy,9,F01,F01N,1
pg,6.02,F02,F02D,1
ka,4.01,B81,B81B,1
ba,3.02,G03,G03B,1
ua,6.03,B23,B23H,1
bu,1.03,A01,A01D,1
rp,6.04,B60,B60V,1
we,3.02,A01,A01C,1
ni,3.01,F41,F41A,1
yi,6.03,H04,H04R,1
es,2.02,E01,E01H,1
bk,6.04,D03,D03D,1
zk,9,G01,G01R,1
pa,6.02,B65,B65F,1
bf,5.04,H05,H05H,1
pj,2.05,F28,F28F,1
pa,6.02,D06,D06C,1
oz,6.02,G09,G09D,1
ih,2.07,H01,H01Q,1
su,3.02,G01,G01H,1
mm,6.01,B61,B61D,1
pa,6.02,D06,D06N,1
pw,2.06,A01,A01J,1
aq,3.02,F24,F24F,1
fs,6.04,B60,B60G,1
mq,6.01,A62,A62C,1
sd,3.02,B26,B26B,1
om,5.05,E04,E04C,1
ff,3.02,B60,B60K,1
ta,1.06,B01,B01D,1
ph,6.02,A61,A61F,1
rp,6.04,D02,D02G,1
vj,5.01,F02,F02M,1
sy,1.03,C21,C21C,1
eo,6.02,G01,G01D,1
bq,6.05,C12,C12G,1
gc,1.05,G05,G05G,1
ph,6.02,B03,B03B,1
ph,6.02,B22,B22F,1
sa,3.03,A61,A61C,1
dm,3.02,B60,B60B,1
ka,4.01,B60,B60W,1
ga,3.02,A62,A62C,1
wu,5.04,F28,F28G,1
qq,1.05,G07,G07B,1
dm,3.02,F01,F01D,1
za,3.02,D04,D04H,1
ph,6.02,C08,C08B,1
om,5.05,B66,B66D,1
az,3.02,H03,H03K,1
om,5.05,E02,E02F,1
rz,3.03,F41,F41H,1
if,2.11,G10,G10D,1
dy,1.04,A41,A41H,1
om,5.05,B60,B60T,1
ha,5.03,C06,C06B,1
rp,6.04,G03,G03D,1
bq,6.05,A63,A63C,1
ds,3.02,B65,B65H,1
uu,5.06,F16,F16M,1
rq,1.06,G01,G01J,1
qj,2.05,D03,D03C,1
ff,3.02,D06,D06P,1
ut,6.02,B03,B03D,1
pm,2.05,F21,F21L,1
xa,5.04,E01,E01H,1
dq,9,A47,A47L,1
xq,2.11,B65,B65F,1
ze,1.06,H05,H05K,1
jy,4.05,B26,B26D,1
ph,6.02,D21,D21C,1
pa,6.02,B60,B60V,1
qa,3.01,A47,A47F,1
ui,1.03,B60,B60N,1
ja,1.05,A63,A63D,1
om,5.05,F02,F02M,1
sy,1.03,D01,D01G,1
tc,3.02,C09,C09C,1
ia,3.02,G21,G21D,1
zk,9,E03,E03D,1
ga,3.02,H03,H03G,1
jb,5.07,G01,G01P,1
bp,6.04,F17,F17C,1
ky,1.05,A61,A61H,1
te,1.05,B42,B42D,1
ki,3.02,F26,F26B,1
ix,2.07,B67,B67D,1
my,5.01,F16,F16K,1
qc,6.02,F27,F27D,1
tc,3.02,C21,C21D,1
mq,6.01,A47,A47J,1
zc,4.03,B27,B27N,1
bp,6.04,E21,E21C,1
cu,1.06,F15,F15B,1
xa,5.04,A22,A22C,1
ph,6.02,H03,H03G,1
fu,5.04,B01,B01F,1
pj,2.05,A45,A45D,1
ph,6.02,H04,H04J,1
ru,3.01,F02,F02K,1
az,3.02,G01,G01M,1
pa,6.02,B28,B28B,1
cn,5.01,C09,C09D,1
ik,2.11,A41,A41C,1
pa,6.02,B26,B26D,1
wh,3.02,A47,A47L,1
ru,3.01,C01,C01D,1
rp,6.04,B25,B25B,1
xq,2.11,E21,E21D,1
dm,3.02,B28,B28C,1
yg,6.04,B65,B65B,1
py,3.02,E03,E03C,1
oz,6.02,G12,G12B,1
ea,1.04,B30,B30B,1
gc,1.05,G09,G09F,1
pd,6.02,G05,G05D,1
uu,5.06,C23,C23G,1
rp,6.04,B60,B60H,1
zc,4.03,B60,B60Q,1
dw,1.04,H03,H03J,1
mw,5.09,B05,B05D,1
ru,3.01,C21,C21C,1
dm,3.02,C13,C13B,1
oe,5.06,B65,B65F,1
uq,5.07,H01,H01R,1
uy,1.04,A44,A44C,1
pa,6.02,B44,B44F,1
ig,2.06,H02,H02S,1
oe,5.06,C23,C23F,1
yi,6.03,C05,C05F,1
eo,6.02,G01,G01C,1
dk,5.02,E01,E01F,1
wm,5.04,B63,B63B,1
rp,6.04,A47,A47L,1
ro,1.07,F28,F28G,1
zk,9,G09,G09F,1
pc,5.02,B61,B61D,1
dk,5.02,B23,B23P,1
dk,5.02,A01,A01G,1
pi,1.06,B60,B60Q,1
ha,5.03,G03,G03C,1
or,5.09,G01,G01B,1
ig,2.06,F02,F02B,1
bm,5.07,B60,B60R,1
sa,3.03,E04,E04D,1
eq,3.01,D04,D04H,1
bk,6.04,B44,B44C,1
eo,6.02,F01,F01L,1
za,3.02,H02,H02N,1
rt,3.02,B68,B68B,1
zm,1.06,G10,G10D,1
vj,5.01,F02,F02N,1
tq,3.02,B03,B03B,1
oy,9,C23,C23F,1
es,2.02,D01,D01H,1
nu,5.08,E21,E21D,1
bp,6.04,C14,C14B,1
pg,6.02,H03,H03K,1
wc,3.03,B41,B41J,1
pd,6.02,E04,E04B,1
bq,6.05,F41,F41C,1
yi,6.03,F15,F15B,1
de,1.06,H02,H02K,1
zr,1.05,B62,B62D,1
dk,5.02,G06,G06M,1
pf,6.02,G03,G03B,1
ut,6.02,F25,F25D,1
rz,3.03,H02,H02P,1
qk,6.01,H01,H01B,1
ne,3.03,F42,F42C,1
sd,3.02,B41,B41M,1
bp,6.04,H01,H01F,1
eo,6.02,B63,B63H,1
pu,2.03,B31,B31D,1
qc,6.02,G01,G01M,1
il,2.07,A61,A61M,1
pj,2.05,C09,C09F,1
tc,3.02,B66,B66B,1
ox,6.02,F02,F02F,1
ox,6.02,F02,F02K,1
km,1.06,B62,B62K,1
zc,4.03,E04,E04D,1
hi,5.01,H05,H05G,1
dk,5.02,H03,H03L,1
ox,6.02,F04,F04F,1
ro,1.07,G10,G10B,1
ky,1.05,A23,A23G,1
uu,5.06,A42,A42B,1
uu,5.06,F01,F01C,1
ta,1.06,B65,B65G,1
gu,1.06,B60,B60G,1
ff,3.02,F41,F41G,1
ka,4.01,G01,G01L,1
te,1.05,C11,C11C,1
sa,3.03,E01,E01C,1
wm,5.04,B41,B41L,1
pg,6.02,B29,B29D,1
pw,2.06,F02,F02B,1
js,6.04,H03,H03L,1
ff,3.02,B41,B41M,1
zd,9,B60,B60W,1
op,3.03,B60,B60Q,1
nq,5.01,E01,E01H,1
mu,4.01,F02,F02D,1
mm,6.01,B21,B21K,1
dq,9,E06,E06B,1
ae,4.05,F01,F01N,1
sy,1.03,B62,B62M,1
ro,1.07,A63,A63G,1
gu,1.06,B60,B60T,1
pg,6.02,A41,A41D,1
ot,6.02,B60,B60K,1
pa,6.02,F24,F24C,1
pg,6.02,A01,A01D,1
ta,1.06,H04,H04W,1
rq,1.06,H01,H01R,1
om,5.05,F16,F16G,1
tu,3.01,B62,B62M,1
vy,3.02,D01,D01B,1
wq,5.01,C25,C25D,1
gy,5.02,B22,B22C,1
pa,6.02,F41,F41H,1
uy,1.04,A41,A41G,1
jy,4.05,A63,A63H,1
bp,6.04,H01,H01T,1
ev,1.02,E01,E01F,1
eq,3.01,C08,C08K,1
py,3.02,B25,B25H,1
qd,6.02,H05,H05K,1
lq,3.03,F16,F16H,1
qk,6.01,F42,F42B,1
ut,6.02,B66,B66B,1
bp,6.04,C10,C10B,1
ve,3.02,E06,E06B,1
oz,6.02,F23,F23D,1
qj,2.05,B64,B64C,1
pf,6.02,C11,C11D,1
uy,1.04,A41,A41H,1
ne,3.03,A47,A47H,1
rb,2.02,A47,A47B,1
zc,4.03,E04,E04C,1
io,2.07,B05,B05D,1
ve,3.02,B63,B63H,1
qc,6.02,H04,H04H,1
ta,1.06,C08,C08F,1
rz,3.03,F02,F02N,1
ky,1.05,C07,C07H,1
rb,2.02,C07,C07J,1
fu,5.04,C12,C12P,1
ki,3.02,B25,B25F,1
ia,3.02,E05,E05C,1
vx,5.01,B62,B62K,1
pf,6.02,C01,C01F,1
pk,2.05,H01,H01K,1
bk,6.04,A61,A61G,1
ya,3.02,F01,F01C,1
ua,6.03,E03,E03C,1
bq,6.05,B67,B67C,1
xw,3.03,A23,A23B,1
nq,5.01,H04,H04J,1
bu,1.03,B23,B23C,1
pf,6.02,B60,B60C,1
pa,6.02,G21,G21G,1
pf,6.02,B32,B32B,1
ff,3.02,G01,G01P,1
vx,5.01,G05,G05F,1
db,2.08,F41,F41G,1
oz,6.02,G10,G10G,1
pn,1.01,F21,F21L,1
tq,3.02,B22,B22C,1
ea,1.04,B60,B60J,1
mm,6.01,H03,H03B,1
uy,1.04,B60,B60G,1
qc,6.02,F02,F02B,1
pd,6.02,H02,H02K,1
ah,4.01,G10,G10H,1
nu,5.08,F28,F28G,1
za,3.02,F16,F16J,1
ju,4.01,F21,F21K,1
yg,6.04,B60,B60L,1
qc,6.02,C23,C23G,1
rq,1.06,G01,G01C,1
or,5.09,G01,G01J,1
uu,5.06,B28,B28C,1
ma,3.02,H02,H02H,1
za,3.02,B24,B24D,1
ut,6.02,B09,B09B,1
ya,3.02,F02,F02F,1
js,6.04,B41,B41N,1
en,9,A01,A01D,1
rz,3.03,B03,B03D,1
ju,4.01,E04,E04D,1
aq,3.02,B60,B60W,1
oe,5.06,B21,B21J,1
wc,3.03,B66,B66D,1
wm,5.04,A01,A01B,1
bp,6.04,C12,C12H,1
pz,2.05,F23,F23K,1
cq,1.06,F24,F24S,1
dk,5.02,B63,B63C,1
js,6.04,B04,B04C,1
eo,6.02,C09,C09D,1
ma,3.02,C22,C22F,1
qc,6.02,B23,B23B,1
bi,6.01,A47,A47L,1
ut,6.02,D02,D02G,1
py,3.02,B21,B21K,1
ki,3.02,D05,D05B,1
ga,3.02,F03,F03B,1
ki,3.02,B25,B25H,1
ox,6.02,B22,B22C,1
js,6.04,C01,C01G,1
pn,1.01,F04,F04C,1
wh,3.02,H03,H03K,1
ve,3.02,D03,D03D,1
ay,3.01,B32,B32B,1
bq,6.05,D01,D01C,1
ru,3.01,A47,A47B,1
li,3.02,B64,B64G,1
ni,3.01,H02,H02G,1
dm,3.02,H02,H02N,1
ip,2.07,B28,B28D,1
qk,6.01,H04,H04J,1
sd,3.02,F42,F42B,1
hy,1.06,H01,H01R,1
py,3.02,C14,C14B,1
py,3.02,C23,C23G,1
ma,3.02,B28,B28B,1
zc,4.03,B26,B26D,1
oi,3.02,B62,B62D,1
js,6.04,G04,G04B,1
jw,6.02,F01,F01N,1
ph,6.02,H02,H02M,1
ah,4.01,G02,G02C,1
py,3.02,D06,D06H,1
ki,3.02,B02,B02C,1
si,1.05,B60,B60S,1
jy,4.05,B61,B61F,1
py,3.02,E01,E01H,1
zq,2.07,C06,C06B,1
ki,3.02,G08,G08C,1
bk,6.04,B05,B05D,1
dq,9,B60,B60J,1
pj,2.05,H03,H03H,1
vy,3.02,F02,F02F,1
pf,6.02,C22,C22C,1
if,2.11,C12,C12C,1
dy,1.04,E04,E04G,1
py,3.02,F01,F01P,1
zm,1.06,F41,F41C,1
py,3.02,F03,F03B,1
py,3.02,F03,F03D,1
jy,4.05,F24,F24H,1
eo,6.02,E06,E06C,1
mu,4.01,F04,F04C,1
pg,6.02,C09,C09J,1
pn,1.01,B61,B61D,1
ua,6.03,B60,B60T,1
js,6.04,A45,A45D,1
xa,5.04,F16,F16C,1
rq,1.06,G07,G07C,1
wh,3.02,B29,B29D,1
pq,1.01,B63,B63H,1
ee,1.04,G08,G08C,1
jb,5.07,B60,B60T,1
ti,9,C01,C01B,1
ti,9,H01,H01H,1
fu,5.04,H02,H02H,1
my,5.01,F02,F02B,1
pw,2.06,B21,B21K,1
ij,2.11,C21,C21B,1
ub,1.03,F21,F21L,1
qc,6.02,G21,G21C,1
dm,3.02,F24,F24F,1
ne,3.03,E03,E03D,1
pj,2.05,H03,H03M,1
dm,3.02,G08,G08C,1
pn,1.01,E02,E02F,1
bq,6.05,F02,F02P,1
rt,3.02,F03,F03D,1
qa,3.01,E04,E04D,1
pk,2.05,D21,D21J,1
bm,5.07,A63,A63B,1
ut,6.02,F21,F21S,1
gc,1.05,C05,C05D,1
ec,1.04,G03,G03B,1
sd,3.02,B65,B65C,1
rp,6.04,F42,F42C,1
om,5.05,F23,F23R,1
pm,2.05,B61,B61F,1
ua,6.03,B66,B66D,1
yi,6.03,E05,E05B,1
ra,2.11,H04,H04H,1
yi,6.03,E02,E02F,1
qq,1.05,F16,F16F,1
qa,3.01,C09,C09F,1
zm,1.06,G08,G08G,1
gy,5.02,B41,B41N,1
xe,4.01,G03,G03C,1
my,5.01,A41,A41B,1
qq,1.05,A43,A43B,1
ut,6.02,E02,E02B,1
jy,4.05,B63,B63C,1
op,3.03,A41,A41D,1
qu,1.06,E03,E03C,1
ka,4.01,B25,B25F,1
pq,1.01,A42,A42B,1
bq,6.05,B62,B62B,1
sd,3.02,A01,A01M,1
bq,6.05,B60,B60B,1
bm,5.07,B60,B60P,1
qf,9,A47,A47B,1
uu,5.06,F01,F01M,1
bu,1.03,B62,B62K,1
sa,3.03,F16,F16C,1
de,1.06,B29,B29D,1
ui,1.03,F24,F24C,1
zr,1.05,A61,A61H,1
hq,1.04,B62,B62M,1
zm,1.06,B24,B24B,1
ba,3.02,F24,F24F,1
bq,6.05,A01,A01M,1
rp,6.04,B65,B65G,1
js,6.04,F16,F16H,1
en,9,C08,C08B,1
ga,3.02,C25,C25F,1
ky,1.05,E02,E02D,1
eu,2.02,G01,G01D,1
op,3.03,B41,B41J,1
pz,2.05,B02,B02B,1
pz,2.05,B04,B04B,1
bp,6.04,D06,D06L,1
zc,4.03,F21,F21K,1
dk,5.02,H02,H02K,1
zm,1.06,F15,F15D,1
gy,5.02,B21,B21D,1
mq,6.01,B07,B07B,1
zc,4.03,E06,E06C,1
dk,5.02,A63,A63K,1
op,3.03,C10,C10L,1
wq,5.01,G08,G08C,1
yg,6.04,F04,F04C,1
et,1.02,F23,F23J,1
pz,2.05,B25,B25G,1
wq,5.01,C08,C08J,1
yy,5.07,B21,B21J,1
eu,2.02,G01,G01B,1
uq,5.07,B65,B65F,1
op,3.03,D21,D21H,1
oz,6.02,B61,B61B,1
py,3.02,B42,B42C,1
eu,2.02,F24,F24H,1
ne,3.03,B25,B25C,1
nn,3.03,F02,F02C,1
gm,3.03,F16,F16N,1
ye,2.02,F21,F21L,1
zc,4.03,A47,A47J,1
vm,5.06,E04,E04D,1
vp,3.03,G09,G09G,1
bp,6.04,H02,H02B,1
xy,1.01,H03,H03B,1
rt,3.02,H02,H02B,1
ue,2.11,C12,C12R,1
wh,3.02,B05,B05C,1
nm,5.02,A41,A41H,1
ox,6.02,G01,G01M,1
uh,1.03,A43,A43B,1
jy,4.05,B41,B41N,1
qj,2.05,C25,C25D,1
vy,3.02,F16,F16M,1
rp,6.04,B23,B23H,1
ua,6.03,C21,C21C,1
tq,3.02,B64,B64D,1
td,3.02,C22,C22B,1
qk,6.01,G10,G10G,1
mr,6.01,G01,G01R,1
es,2.02,A42,A42B,1
ku,5.07,F16,F16K,1
pa,6.02,C05,C05F,1
jy,4.05,H02,H02P,1
ua,6.03,F24,F24F,1
de,1.06,F16,F16F,1
mu,4.01,B29,B29C,1
ki,3.02,F41,F41H,1
pd,6.02,H01,H01M,1
wh,3.02,H02,H02M,1
ve,3.02,F16,F16M,1
zq,2.07,B60,B60M,1
ka,4.01,E04,E04G,1
ut,6.02,B25,B25B,1
bi,6.01,A63,A63C,1
pd,6.02,G09,G09G,1
ku,5.07,F02,F02P,1
vy,3.02,F16,F16P,1
jb,5.07,F16,F16B,1
pq,1.01,A61,A61G,1
ju,4.01,B66,B66B,1
dr,1.06,B60,B60J,1
rb,2.02,B67,B67D,1
su,3.02,A23,A23N,1
ta,1.06,B26,B26F,1
oy,9,H02,H02B,1
pc,5.02,A47,A47F,1
pz,2.05,E01,E01B,1
wh,3.02,B41,B41F,1
ah,4.01,C21,C21D,1
sd,3.02,B61,B61L,1
ia,3.02,B22,B22C,1
ah,4.01,A47,A47D,1
pf,6.02,F22,F22B,1
pw,2.06,F16,F16D,1
pc,5.02,B25,B25B,1
qk,6.01,A61,A61L,1
js,6.04,B63,B63B,1
ne,3.03,E01,E01D,1
pk,2.05,B24,B24C,1
dq,9,C10,C10M,1
ka,4.01,F02,F02C,1
vx,5.01,B42,B42F,1
de,1.06,E21,E21C,1
si,1.05,E01,E01H,1
pc,5.02,F28,F28F,1
kv,1.05,H02,H02M,1
js,6.04,F16,F16J,1
ro,1.07,B41,B41B,1
ia,3.02,A22,A22C,1
ro,1.07,B60,B60J,1
iq,2.02,D06,D06N,1
pj,2.05,H03,H03L,1
ry,2.03,B60,B60P,1
co,1.06,B60,B60N,1
sd,3.02,E04,E04C,1
en,9,B41,B41J,1
ga,3.02,A23,A23F,1
ry,2.03,B62,B62D,1
pa,6.02,B22,B22C,1
or,5.09,C09,C09B,1
fs,6.04,F42,F42B,1
le,1.05,F01,F01D,1
pd,6.02,B05,B05C,1
cl,9,H01,H01B,1
bp,6.04,B23,B23P,1
pw,2.06,A62,A62C,1
hi,5.01,A47,A47D,1
bp,6.04,F01,F01C,1
pe,5.02,H02,H02H,1
oa,2.11,B67,B67C,1
zc,4.03,C21,C21D,1
oz,6.02,B62,B62H,1
zm,1.06,B22,B22D,1
bu,1.03,F02,F02D,1
sa,3.03,B64,B64C,1
su,3.02,A47,A47D,1
mu,4.01,F24,F24H,1
re,1.05,G03,G03B,1
ds,3.02,H04,H04R,1
oz,6.02,C21,C21C,1
rp,6.04,B07,B07B,1
pq,1.01,F04,F04C,1
su,3.02,A41,A41D,1
tq,3.02,A63,A63H,1
gu,1.06,B21,B21B,1
fs,6.04,F02,F02B,1
uu,5.06,F41,F41B,1
fa,2.01,F24,F24H,1
en,9,G01,G01L,1
gc,1.05,C09,C09J,1
mm,6.01,H01,H01T,1
gc,1.05,B65,B65H,1
oz,6.02,C10,C10J,1
mm,6.01,G10,G10D,1
oe,5.06,D01,D01H,1
fs,6.04,E02,E02D,1
su,3.02,A23,A23F,1
ad,4.02,B29,B29C,1
pj,2.05,B03,B03B,1
tq,3.02,E04,E04H,1
om,5.05,B62,B62M,1
pn,1.01,A47,A47J,1
oe,5.06,B27,B27C,1
bu,1.03,B21,B21D,1
rp,6.04,B31,B31F,1
mr,6.01,B60,B60R,1
ah,4.01,E04,E04C,1
pj,2.05,B21,B21D,1
tq,3.02,F16,F16M,1
gc,1.05,E03,E03C,1
vm,5.06,C23,C23C,1
uu,5.06,H03,H03C,1
oi,3.02,C21,C21D,1
oa,2.11,B61,B61H,1
iy,1.06,E01,E01C,1
js,6.04,C25,C25C,1
rp,6.04,B60,B60T,1
pa,6.02,C10,C10C,1
li,3.02,F01,F01K,1
pz,2.05,E06,E06C,1
ea,1.04,E05,E05D,1
om,5.05,F21,F21S,1
oz,6.02,F25,F25D,1
bi,6.01,D06,D06P,1
ut,6.02,H03,H03G,1
dq,9,B60,B60D,1
pk,2.05,C05,C05G,1
rp,6.04,B67,B67B,1
oz,6.02,G01,G01W,1
pg,6.02,A47,A47G,1
qh,2.05,B25,B25B,1
zq,2.07,C08,C08F,1
vp,3.03,H01,H01M,1
yi,6.03,H03,H03F,1
or,5.09,H02,H02H,1
ru,3.01,F27,F27D,1
zc,4.03,H02,H02N,1
yg,6.04,B60,B60B,1
es,2.02,B04,B04B,1
bp,6.04,G01,G01G,1
js,6.04,B64,B64F,1
ac,2.02,F23,F23D,1
sy,1.03,B68,B68C,1
oy,9,C21,C21C,1
rz,3.03,C09,C09G,1
ut,6.02,B42,B42F,1
py,3.02,D03,D03D,1
ni,3.01,A24,A24F,1
oe,5.06,H01,H01P,1
ne,3.03,E05,E05D,1
om,5.05,F27,F27D,1
qh,2.05,B62,B62K,1
en,9,H01,H01S,1
jb,5.07,G03,G03G,1
bu,1.03,D01,D01F,1
bq,6.05,B42,B42F,1
ku,5.07,A01,A01D,1
ve,3.02,E03,E03F,1
yg,6.04,F25,F25D,1
vy,3.02,B62,B62J,1
pj,2.05,B60,B60B,1
qj,2.05,D21,D21G,1
ta,1.06,H01,H01R,1
oz,6.02,B29,B29D,1
ka,4.01,F02,F02D,1
rp,6.04,C12,C12G,1
pq,1.01,G03,G03C,1
ya,3.02,G04,G04B,1
om,5.05,A46,A46D,1
ii,2.04,B61,B61G,1
af,4.05,C08,C08F,1
cq,1.06,F02,F02B,1
rz,3.03,B01,B01F,1
io,2.07,D05,D05C,1
ew,1.02,B60,B60S,1
im,2.01,E03,E03C,1
zd,9,G09,G09F,1
cq,1.06,B65,B65H,1
pj,2.05,A22,A22C,1
dm,3.02,G07,G07B,1
bq,6.05,A23,A23B,1
dm,3.02,E01,E01H,1
bp,6.04,G10,G10K,1
ox,6.02,D03,D03C,1
ps,5.04,H03,H03K,1
fy,3.02,E02,E02D,1
rt,3.02,A24,A24D,1
jy,4.05,B66,B66B,1
ut,6.02,F24,F24F,1
lj,3.02,F03,F03D,1
pa,6.02,C23,C23D,1
fy,3.02,C22,C22B,1
bf,5.04,B65,B65G,1
hb,5.03,A01,A01M,1
uq,5.07,C23,C23C,1
yg,6.04,G21,G21F,1
ew,1.02,B27,B27C,1
yg,6.04,A42,A42B,1
ad,4.02,F16,F16L,1
ua,6.03,F23,F23D,1
oy,9,E21,E21F,1
ew,1.02,F23,F23R,1
ro,1.07,B60,B60P,1
gy,5.02,F25,F25D,1
dw,1.04,B66,B66B,1
ga,3.02,A63,A63H,1
ua,6.03,B60,B60G,1
ne,3.03,F02,F02F,1
pa,6.02,G10,G10F,1
rz,3.03,D01,D01B,1
qh,2.05,C25,C25C,1
vx,5.01,H02,H02G,1
ha,5.03,A01,A01C,1
pq,1.01,B41,B41F,1
zc,4.03,H02,H02B,1
qh,2.05,B65,B65G,1
dk,5.02,F16,F16F,1
ne,3.03,H02,H02S,1
qk,6.01,F26,F26B,1
af,4.05,G11,G11B,1
pj,2.05,B42,B42D,1
pq,1.01,A41,A41C,1
zr,1.05,B41,B41J,1
mq,6.01,C25,C25D,1
nu,5.08,D01,D01H,1
vp,3.03,H04,H04R,1
ee,1.04,E04,E04D,1
zc,4.03,A63,A63C,1
dq,9,B27,B27K,1
oz,6.02,E04,E04D,1
dk,5.02,H02,H02B,1
bi,6.01,H04,H04J,1
iy,1.06,D06,D06P,1
mu,4.01,E03,E03B,1
ut,6.02,B23,B23F,1
qk,6.01,F16,F16J,1
pq,1.01,G10,G10K,1
bm,5.07,B60,B60C,1
pn,1.01,F16,F16N,1
vy,3.02,B25,B25H,1
pj,2.05,F16,F16L,1
pj,2.05,C12,C12G,1
pg,6.02,A01,A01K,1
ne,3.03,B21,B21C,1
eo,6.02,H01,H01J,1
uq,5.07,H01,H01J,1
oz,6.02,A45,A45D,1
fy,3.02,E05,E05B,1
bf,5.04,H02,H02J,1
ij,2.11,B63,B63C,1
dq,9,G03,G03D,1
bk,6.04,A23,A23B,1
vj,5.01,E04,E04C,1
rt,3.02,D21,D21C,1
pn,1.01,B26,B26B,1
oz,6.02,D06,D06F,1
py,3.02,B30,B30B,1
mu,4.01,B24,B24B,1
jb,5.07,C21,C21D,1
uu,5.06,F02,F02P,1
rp,6.04,F28,F28D,1
iu,2.03,B21,B21H,1
hl,3.03,A47,A47F,1
qk,6.01,A61,A61G,1
su,3.02,A43,A43B,1
ui,1.03,B60,B60S,1
pq,1.01,B05,B05B,1
pg,6.02,G01,G01S,1
oe,5.06,F24,F24C,1
hq,1.04,G04,G04F,1
qk,6.01,A63,A63B,1
bi,6.01,F01,F01N,1
qk,6.01,A63,A63C,1
oi,3.02,B21,B21B,1
zc,4.03,B03,B03B,1
rp,6.04,B27,B27K,1
rq,1.06,G01,G01F,1
oz,6.02,B67,B67C,1
pg,6.02,B60,B60L,1
ei,1.04,B26,B26F,1
js,6.04,F23,F23J,1
fu,5.04,F26,F26B,1
oy,9,B42,B42D,1
hl,3.03,F03,F03B,1
wy,5.04,A47,A47G,1
es,2.02,D01,D01G,1
zc,4.03,G06,G06G,1
gy,5.02,B05,B05D,1
oa,2.11,B60,B60P,1
bk,6.04,A47,A47L,1
fs,6.04,F21,F21S,1
rp,6.04,F03,F03G,1
vy,3.02,H01,H01C,1
pq,1.01,B23,B23P,1
eu,2.02,A62,A62C,1
um,3.01,F16,F16N,1
gu,1.06,D06,D06B,1
ta,1.06,F03,F03D,1
tm,3.01,F41,F41A,1
iq,2.02,B25,B25C,1
za,3.02,F02,F02B,1
yi,6.03,G21,G21D,1
qj,2.05,F16,F16G,1
my,5.01,H04,H04R,1
gu,1.06,F41,F41B,1
ni,3.01,F01,F01L,1
py,3.02,C01,C01C,1
pq,1.01,H02,H02B,1
qk,6.01,B60,B60K,1
iq,2.02,D02,D02J,1
rt,3.02,B60,B60H,1
oy,9,D04,D04H,1
pn,1.01,B60,B60J,1
mm,6.01,G01,G01T,1
ia,3.02,A01,A01J,1
pk,2.05,A01,A01C,1
ah,4.01,F25,F25J,1
bi,6.01,B62,B62B,1
ku,5.07,F16,F16J,1
if,2.11,E05,E05F,1
eo,6.02,F15,F15B,1
oe,5.06,C10,C10G,1
ui,1.03,B44,B44F,1
vy,3.02,A23,A23N,1
zc,4.03,F41,F41J,1
yi,6.03,F02,F02N,1
de,1.06,B28,B28D,1
zc,4.03,D01,D01H,1
pk,2.05,A23,A23P,1
le,1.05,A43,A43B,1
pc,5.02,A47,A47H,1
gu,1.06,E05,E05C,1
wh,3.02,B23,B23Q,1
wc,3.03,H02,H02P,1
pa,6.02,E01,E01H,1
zm,1.06,G01,G01F,1
qq,1.05,B05,B05C,1
fy,3.02,G08,G08G,1
xa,5.04,A23,A23C,1
pe,5.02,F04,F04B,1
rp,6.04,E01,E01D,1
ut,6.02,B22,B22C,1
kv,1.05,C22,C22C,1
ad,4.02,B02,B02C,1
qd,6.02,B01,B01D,1
xa,5.04,H02,H02H,1
nn,3.03,E03,E03D,1
qc,6.02,D03,D03C,1
pu,2.03,A23,A23D,1
vy,3.02,H02,H02B,1
py,3.02,A44,A44B,1
pq,1.01,C23,C23F,1
re,1.05,A63,A63B,1
pa,6.02,D21,D21F,1
td,3.02,C10,C10G,1
oz,6.02,E02,E02B,1
ff,3.02,B65,B65D,1
ai,2.03,E03,E03F,1
zm,1.06,F24,F24D,1
wq,5.01,G01,G01B,1
ro,1.07,A63,A63D,1
ru,3.01,F01,F01K,1
zc,4.03,G02,G02F,1
re,1.05,B44,B44C,1
ox,6.02,G04,G04B,1
zc,4.03,C25,C25C,1
ut,6.02,C10,C10B,1
pf,6.02,F16,F16F,1
pm,2.05,D21,D21D,1
su,3.02,G10,G10H,1
dr,1.06,F01,F01P,1
ru,3.01,D07,D07B,1
si,1.05,E04,E04G,1
za,3.02,A63,A63C,1
qh,2.05,H05,H05H,1
qj,2.05,F41,F41A,1
js,6.04,B61,B61B,1
pq,1.01,D03,D03D,1
bu,1.03,B67,B67D,1
mm,6.01,A41,A41D,1
pu,2.03,B60,B60H,1
sd,3.02,A47,A47B,1
ix,2.07,A41,A41F,1
ua,6.03,H02,H02K,1
py,3.02,G06,G06J,1
rq,1.06,B65,B65D,1
oz,6.02,A01,A01F,1
az,3.02,B01,B01L,1
qj,2.05,A41,A41G,1
pd,6.02,G03,G03B,1
rz,3.03,B64,B64D,1
om,5.05,C21,C21D,1
rb,2.02,C22,C22F,1
pq,1.01,D06,D06M,1
pg,6.02,E21,E21B,1
pa,6.02,F22,F22B,1
pj,2.05,B25,B25H,1
rz,3.03,C21,C21D,1
le,1.05,D02,D02J,1
op,3.03,H05,H05K,1
xe,4.01,G01,G01M,1
ox,6.02,G08,G08B,1
ne,3.03,A41,A41C,1
sd,3.02,B60,B60N,1
oz,6.02,B60,B60J,1
pq,1.01,D06,D06P,1
dq,9,B43,B43K,1
ut,6.02,E04,E04G,1
ji,5.01,B60,B60C,1
tq,3.02,F41,F41G,1
uu,5.06,F24,F24H,1
ea,1.04,E04,E04D,1
oi,3.02,F28,F28D,1
oi,3.02,A62,A62C,1
iy,1.06,B41,B41F,1
yi,6.03,B28,B28D,1
tu,3.01,F41,F41J,1
oi,3.02,A63,A63H,1
qq,1.05,F21,F21L,1
zd,9,E01,E01C,1
we,3.02,H01,H01R,1
ih,2.07,F24,F24H,1
pq,1.01,E21,E21D,1
bq,6.05,B44,B44B,1
mm,6.01,B67,B67B,1
pi,1.06,A61,A61G,1
tq,3.02,B41,B41F,1
yi,6.03,C03,C03B,1
pj,2.05,F04,F04F,1
pk,2.05,F22,F22B,1
rp,6.04,H01,H01B,1
js,6.04,G01,G01M,1
iu,2.03,B27,B27L,1
fs,6.04,A47,A47F,1
oe,5.06,C07,C07J,1
mm,6.01,B23,B23H,1
bu,1.03,F16,F16D,1
ua,6.03,E04,E04D,1
uh,1.03,F02,F02C,1
qk,6.01,A42,A42B,1
js,6.04,B23,B23F,1
uu,5.06,B27,B27B,1
rp,6.04,B03,B03C,1
sd,3.02,E01,E01C,1
mq,6.01,F23,F23R,1
pq,1.01,C05,C05B,1
ba,3.02,A01,A01D,1
dm,3.02,F24,F24C,1
mq,6.01,B60,B60S,1
qa,3.01,F16,F16D,1
oa,2.11,E05,E05D,1
ya,3.02,B23,B23B,1
lj,3.02,C01,C01G,1
ah,4.01,F23,F23D,1
pd,6.02,F25,F25B,1
oi,3.02,C08,C08L,1
bk,6.04,G21,G21C,1
ec,1.04,B23,B23Q,1
uh,1.03,B41,B41C,1
dm,3.02,B23,B23B,1
bm,5.07,H01,H01G,1
ik,2.11,A63,A63C,1
vp,3.03,G03,G03B,1
ot,6.02,B60,B60B,1
ew,1.02,C12,C12H,1
up,1.03,C21,C21B,1
uu,5.06,D04,D04B,1
su,3.02,B31,B31B,1
bk,6.04,H02,H02S,1
ph,6.02,F16,F16H,1
bf,5.04,B64,B64C,1
yp,3.02,H02,H02M,1
zc,4.03,F01,F01L,1
pc,5.02,F24,F24D,1
ye,2.02,B27,B27K,1
yo,3.01,G01,G01F,1
cl,9,G10,G10G,1
wh,3.02,D21,D21C,1
zm,1.06,E02,E02D,1
un,1.03,A47,A47B,1
nn,3.03,G01,G01F,1
py,3.02,F01,F01B,1
zc,4.03,E06,E06B,1
pd,6.02,A63,A63F,1
tu,3.01,E01,E01D,1
pj,2.05,E05,E05F,1
pa,6.02,B61,B61K,1
db,2.08,C06,C06C,1
ee,1.04,B60,B60S,1
yg,6.04,E04,E04D,1
eu,2.02,B25,B25C,1
vs,5.01,B60,B60W,1
yg,6.04,A61,A61H,1
xa,5.04,A63,A63C,1
hf,6.03,A47,A47L,1
rt,3.02,E02,E02F,1
wq,5.01,H02,H02J,1
lq,3.03,C11,C11D,1
ja,1.05,D05,D05B,1
qf,9,E01,E01F,1
qd,6.02,B65,B65D,1
ut,6.02,B06,B06B,1
yu,3.03,B65,B65H,1
rp,6.04,A47,A47K,1
rq,1.06,B68,B68C,1
pj,2.05,G06,G06N,1
rz,3.03,G01,G01F,1
jw,6.02,B29,B29C,1
xa,5.04,B21,B21H,1
we,3.02,G11,G11C,1
qd,6.02,F26,F26B,1
nn,3.03,B60,B60L,1
tu,3.01,B23,B23B,1
zc,4.03,F15,F15B,1
js,6.04,A42,A42B,1
zc,4.03,F16,F16B,1
ut,6.02,A47,A47C,1
ky,1.05,B01,B01L,1
bd,1.06,C08,C08K,1
jy,4.05,F01,F01D,1
om,5.05,D05,D05B,1
vp,3.03,A63,A63B,1
dm,3.02,B41,B41F,1
sa,3.03,A44,A44B,1
jy,4.05,F24,F24S,1
eu,2.02,B05,B05B,1
dk,5.02,A63,A63H,1
wh,3.02,C25,C25D,1
pq,1.01,A45,A45F,1
nq,5.01,C09,C09K,1
ma,3.02,B31,B31F,1
pz,2.05,A23,A23B,1
vx,5.01,B29,B29B,1
fy,3.02,B65,B65G,1
zm,1.06,F41,F41G,1
zc,4.03,F23,F23G,1
jy,4.05,B25,B25H,1
zd,9,B66,B66F,1
ff,3.02,C03,C03C,1
pd,6.02,E04,E04F,1
fy,3.02,F02,F02D,1
km,1.06,B41,B41M,1
dy,1.04,E05,E05B,1
ea,1.04,D01,D01H,1
gm,3.03,C23,C23F,1
zm,1.06,A47,A47B,1
if,2.11,B24,B24C,1
ha,5.03,C12,C12M,1
pd,6.02,B64,B64C,1
we,3.02,H02,H02H,1
nm,5.02,H04,H04J,1
ka,4.01,B29,B29D,1
ve,3.02,B23,B23P,1
fy,3.02,A44,A44B,1
ah,4.01,E03,E03F,1
rq,1.06,B23,B23K,1
zr,1.05,D06,D06F,1
up,1.03,A63,A63G,1
js,6.04,B63,B63H,1
oe,5.06,F17,F17C,1
we,3.02,F02,F02N,1
zm,1.06,F04,F04F,1
bi,6.01,B60,B60R,1
pj,2.05,B23,B23B,1
fs,6.04,F16,F16L,1
fs,6.04,B60,B60H,1
yi,6.03,E21,E21D,1
eq,3.01,A23,A23C,1
eo,6.02,F16,F16H,1
wq,5.01,G10,G10K,1
zd,9,A43,A43B,1
vi,5.01,D05,D05B,1
js,6.04,E04,E04D,1
vm,5.06,B29,B29C,1
ka,4.01,B02,B02C,1
ui,1.03,B62,B62B,1
da,1.06,A63,A63C,1
xa,5.04,F02,F02F,1
gm,3.03,F04,F04C,1
zd,9,B67,B67D,1
dx,3.01,A21,A21C,1
vm,5.06,G08,G08G,1
ut,6.02,F16,F16C,1
vp,3.03,A63,A63F,1
ox,6.02,G05,G05D,1
ut,6.02,B01,B01F,1
ia,3.02,E02,E02D,1
my,5.01,H03,H03G,1
pz,2.05,E03,E03B,1
yi,6.03,F24,F24H,1
wc,3.03,G03,G03C,1
fy,3.02,E02,E02B,1
wc,3.03,H01,H01H,1
rt,3.02,B28,B28B,1
pa,6.02,B44,B44C,1
ec,1.04,E04,E04D,1
jy,4.05,B22,B22C,1
vy,3.02,B61,B61D,1
uq,5.07,F16,F16D,1
su,3.02,C22,C22F,1
qc,6.02,F16,F16H,1
nm,5.02,H04,H04H,1
wh,3.02,G11,G11C,1
su,3.02,E02,E02F,1
js,6.04,A01,A01D,1
pd,6.02,F16,F16K,1
ru,3.01,H02,H02G,1
op,3.03,H01,H01M,1
ky,1.05,A62,A62C,1
or,5.09,F01,F01D,1
ut,6.02,B43,B43L,1
rp,6.04,B63,B63H,1
za,3.02,B03,B03D,1
js,6.04,C09,C09C,1
bf,5.04,H03,H03H,1
bi,6.01,F23,F23G,1
ua,6.03,H04,H04J,1
bf,5.04,H01,H01R,1
pj,2.05,B62,B62K,1
km,1.06,H02,H02B,1
ze,1.06,A42,A42B,1
co,1.06,B23,B23B,1
tu,3.01,D01,D01H,1
ba,3.02,H03,H03M,1
bf,5.04,F02,F02N,1
yg,6.04,E21,E21F,1
bk,6.04,B23,B23G,1
dw,1.04,B04,B04C,1
bq,6.05,C23,C23D,1
hi,5.01,G01,G01T,1
ut,6.02,B60,B60C,1
ki,3.02,C10,C10B,1
db,2.08,B62,B62M,1
yr,2.01,F01,F01C,1
tc,3.02,B60,B60L,1
gm,3.03,A61,A61C,1
qj,2.05,H02,H02K,1
te,1.05,B05,B05B,1
ut,6.02,E21,E21C,1
le,1.05,F28,F28F,1
bp,6.04,B66,B66F,1
ut,6.02,A21,A21B,1
zd,9,C01,C01F,1
xw,3.03,C10,C10J,1
za,3.02,G01,G01D,1
ro,1.07,E05,E05C,1
wc,3.03,C02,C02F,1
ma,3.02,C01,C01G,1
yi,6.03,C21,C21D,1
ku,5.07,A44,A44B,1
wm,5.04,B27,B27G,1
tc,3.02,B61,B61L,1
ki,3.02,F01,F01M,1
tc,3.02,G01,G01F,1
pf,6.02,B60,B60K,1
oi,3.02,F16,F16B,1
ma,3.02,D01,D01H,1
ga,3.02,F16,F16H,1
ew,1.02,F25,F25C,1
za,3.02,C22,C22C,1
vy,3.02,C10,C10F,1
ru,3.01,A63,A63D,1
db,2.08,B23,B23C,1
ui,1.03,B42,B42F,1
jw,6.02,F16,F16H,1
uu,5.06,B62,B62K,1
gc,1.05,D06,D06F,1
ry,2.03,B30,B30B,1
pd,6.02,G09,G09F,1
et,1.02,F01,F01C,1
pa,6.02,D07,D07B,1
yu,3.03,H04,H04W,1
td,3.02,H01,H01T,1
tq,3.02,A42,A42B,1
pu,2.03,A22,A22C,1
wy,5.04,B28,B28B,1
dq,9,F23,F23D,1
de,1.06,B64,B64C,1
zm,1.06,F41,F41J,1
et,1.02,A21,A21C,1
ki,3.02,G05,G05D,1
yq,5.07,E05,E05F,1
ph,6.02,A61,A61L,1
ga,3.02,C10,C10B,1
gc,1.05,F16,F16C,1
za,3.02,F02,F02F,1
sy,1.03,B25,B25H,1
ot,6.02,B60,B60S,1
vj,5.01,B60,B60G,1
ac,2.02,C05,C05G,1
ui,1.03,E21,E21C,1
am,4.01,E02,E02F,1
ev,1.02,D21,D21H,1
lj,3.02,E03,E03C,1
vi,5.01,B42,B42F,1
ia,3.02,F01,F01M,1
wq,5.01,F01,F01D,1
ma,3.02,H01,H01K,1
tc,3.02,E01,E01C,1
bu,1.03,E02,E02D,1
zm,1.06,F04,F04D,1
td,3.02,H03,H03F,1
ye,2.02,E03,E03B,1
aq,3.02,B23,B23H,1
eo,6.02,C08,C08K,1
vj,5.01,F02,F02G,1
bp,6.04,A43,A43B,1
td,3.02,F21,F21V,1
yg,6.04,C03,C03B,1
ut,6.02,B41,B41M,1
qj,2.05,F24,F24D,1
sd,3.02,D21,D21F,1
rp,6.04,E01,E01B,1
rp,6.04,F16,F16M,1
gc,1.05,F01,F01D,1
bk,6.04,B41,B41N,1
yr,2.01,F15,F15B,1
hi,5.01,E05,E05B,1
ai,2.03,H04,H04S,1
ma,3.02,F28,F28F,1
gu,1.06,F16,F16G,1
sd,3.02,B63,B63H,1
tu,3.01,B60,B60H,1
pa,6.02,B22,B22D,1
oi,3.02,B26,B26D,1
mu,4.01,C21,C21C,1
da,1.06,B60,B60L,1
td,3.02,C08,C08K,1
ut,6.02,F27,F27B,1
bm,5.07,F16,F16D,1
zd,9,A47,A47K,1
su,3.02,B25,B25B,1
wm,5.04,F02,F02F,1
pf,6.02,B61,B61B,1
eo,6.02,C25,C25D,1
fs,6.04,E21,E21D,1
op,3.03,A47,A47F,1
yi,6.03,H03,H03L,1
ga,3.02,A61,A61D,1
dk,5.02,B05,B05B,1
mq,6.01,A43,A43B,1
ut,6.02,F03,F03D,1
yy,5.07,B62,B62L,1
ui,1.03,A44,A44C,1
oi,3.02,B44,B44C,1
pd,6.02,B60,B60H,1
aq,3.02,D05,D05B,1
zq,2.07,A63,A63B,1
mu,4.01,F04,F04B,1
fs,6.04,A47,A47G,1
fy,3.02,B29,B29D,1
wu,5.04,F23,F23C,1
tm,3.01,A01,A01G,1
dk,5.02,F02,F02M,1
qj,2.05,G09,G09F,1
yg,6.04,C10,C10B,1
vy,3.02,F42,F42C,1
tc,3.02,B23,B23Q,1
za,3.02,C08,C08C,1
ne,3.03,F02,F02P,1
oe,5.06,E05,E05B,1
ia,3.02,A43,A43D,1
bu,1.03,G05,G05G,1
zc,4.03,F04,F04C,1
le,1.05,A22,A22B,1
ad,4.02,G01,G01L,1
bf,5.04,B41,B41M,1
iq,2.02,Y02,Y02E,1
vy,3.02,E01,E01H,1
ru,3.01,C10,C10J,1
ia,3.02,D04,D04C,1
yg,6.04,G01,G01K,1
yg,6.04,E21,E21D,1
qf,9,B23,B23Q,1
io,2.07,A01,A01B,1
pe,5.02,H02,H02G,1
ju,4.01,F23,F23D,1
ox,6.02,B04,B04B,1
py,3.02,E03,E03F,1
ut,6.02,E04,E04F,1
td,3.02,F41,F41A,1
gc,1.05,B62,B62D,1
bq,6.05,G21,G21D,1
xe,4.01,G09,G09G,1
zd,9,B23,B23P,1
ji,5.01,A01,A01H,1
rp,6.04,B24,B24C,1
pg,6.02,A61,A61L,1
ua,6.03,F16,F16H,1
tm,3.01,C14,C14C,1
fe,5.05,H03,H03B,1
bi,6.01,G01,G01L,1
vj,5.01,F16,F16L,1
ni,3.01,B23,B23B,1
tc,3.02,B22,B22D,1
om,5.05,F04,F04D,1
vj,5.01,B26,B26B,1
ut,6.02,B24,B24B,1
ku,5.07,H01,H01H,1
zd,9,B09,B09C,1
pi,1.06,F01,F01N,1
pa,6.02,A23,A23B,1
ha,5.03,B08,B08B,1
sa,3.03,G03,G03B,1
rp,6.04,C06,C06B,1
rt,3.02,E04,E04D,1
ua,6.03,B07,B07C,1
wu,5.04,B60,B60D,1
sa,3.03,F23,F23C,1
fi,1.04,A43,A43B,1
za,3.02,B60,B60K,1
pj,2.05,B23,B23P,1
za,3.02,F41,F41H,1
tq,3.02,F25,F25D,1
uu,5.06,D03,D03J,1
rb,2.02,G10,G10F,1
mw,5.09,C07,C07D,1
td,3.02,B63,B63B,1
bu,1.03,F23,F23N,1
td,3.02,B63,B63H,1
ut,6.02,F16,F16L,1
td,3.02,F16,F16M,1
bm,5.07,B60,B60H,1
bi,6.01,C08,C08J,1
vy,3.02,B28,B28B,1
wq,5.01,A41,A41H,1
vy,3.02,A21,A21D,1
zm,1.06,F02,F02N,1
ah,4.01,B66,B66F,1
rt,3.02,F41,F41B,1
jw,6.02,F24,F24B,1
mq,6.01,B28,B28D,1
fs,6.04,F04,F04D,1
wu,5.04,B23,B23P,1
pj,2.05,F16,F16J,1
wy,5.04,F01,F01L,1
mu,4.01,H02,H02K,1
su,3.02,F02,F02M,1
yg,6.04,F15,F15B,1
tc,3.02,A44,A44C,1
ah,4.01,C03,C03C,1
sd,3.02,E04,E04F,1
mm,6.01,E02,E02B,1
vy,3.02,F23,F23R,1
za,3.02,B23,B23D,1
pz,2.05,E05,E05F,1
oz,6.02,D01,D01G,1
ia,3.02,G07,G07B,1
xy,1.01,B43,B43M,1
qj,2.05,B07,B07B,1
if,2.11,B65,B65C,1
ur,1.01,A47,A47J,1
ry,2.03,B23,B23Q,1
ku,5.07,F16,F16C,1
qf,9,B21,B21K,1
gm,3.03,H05,H05K,1
sy,1.03,A23,A23F,1
pg,6.02,F42,F42B,1
pu,2.03,B30,B30B,1
wq,5.01,C03,C03C,1
pj,2.05,B62,B62M,1
ku,5.07,F25,F25B,1
ma,3.02,F16,F16D,1
js,6.04,H03,H03D,1
jy,4.05,H03,H03B,1
pk,2.05,A01,A01M,1
ep,1.02,A21,A21D,1
qe,2.09,A42,A42B,1
fi,1.04,F02,F02D,1
yi,6.03,F01,F01L,1
rt,3.02,E06,E06B,1
su,3.02,H03,H03D,1
sa,3.03,Y10,Y10S,1
jw,6.02,B41,B41F,1
oz,6.02,B60,B60N,1
eq,3.01,A47,A47F,1
ox,6.02,B60,B60K,1
ee,1.04,B65,B65H,1
fs,6.04,F23,F23C,1
nu,5.08,F23,F23R,1
dr,1.06,F41,F41C,1
uy,1.04,F24,F24B,1
wh,3.02,F01,F01P,1
tu,3.01,B61,B61D,1
bu,1.03,B65,B65F,1
jb,5.07,A47,A47B,1
fu,5.04,B64,B64C,1
dr,1.06,D21,D21G,1
yg,6.04,A01,A01G,1
py,3.02,H01,H01K,1
cq,1.06,F01,F01C,1
ro,1.07,A43,A43D,1
yy,5.07,F16,F16L,1
rp,6.04,B05,B05B,1
ga,3.02,C25,C25D,1
dk,5.02,B22,B22C,1
tu,3.01,B42,B42F,1
tu,3.01,B61,B61F,1
bk,6.04,E01,E01H,1
pq,1.01,A62,A62D,1
wf,1.06,F42,F42B,1
jb,5.07,D03,D03D,1
ff,3.02,E04,E04H,1
zm,1.06,B26,B26F,1
yg,6.04,B29,B29D,1
xy,1.01,F16,F16G,1
bq,6.05,F24,F24S,1
mu,4.01,A01,A01B,1
uu,5.06,B60,B60J,1
ku,5.07,B09,B09B,1
nu,5.08,B43,B43K,1
ia,3.02,E02,E02B,1
om,5.05,F41,F41B,1
eo,6.02,E04,E04B,1
bp,6.04,B03,B03B,1
ve,3.02,D21,D21C,1
oy,9,F42,F42B,1
ui,1.03,B60,B60T,1
oe,5.06,F22,F22B,1
am,4.01,E04,E04D,1
ru,3.01,E04,E04G,1
or,5.09,E01,E01H,1
oi,3.02,C02,C02F,1
om,5.05,F04,F04C,1
om,5.05,B26,B26D,1
zd,9,E04,E04F,1
pa,6.02,E05,E05C,1
ya,3.02,C25,C25C,1
yp,3.02,B26,B26D,1
ya,3.02,C23,C23F,1
ba,3.02,A45,A45D,1
dr,1.06,D01,D01H,1
qk,6.01,C10,C10L,1
ip,2.07,B21,B21C,1
nu,5.08,D06,D06H,1
fe,5.05,G03,G03G,1
yi,6.03,G21,G21C,1
bk,6.04,D06,D06N,1
rz,3.03,H01,H01Q,1
pa,6.02,B43,B43M,1
yg,6.04,F21,F21S,1
yg,6.04,B22,B22C,1
ff,3.02,D06,D06L,1
ve,3.02,A47,A47B,1
tm,3.01,B23,B23F,1
iu,2.03,B27,B27M,1
fe,5.05,H04,H04Q,1
uq,5.07,G08,G08G,1
um,3.01,B66,B66F,1
yg,6.04,H03,H03H,1
qk,6.01,F28,F28D,1
qc,6.02,B62,B62M,1
ai,2.03,D01,D01F,1
ua,6.03,B23,B23F,1
nm,5.02,F23,F23C,1
yg,6.04,B62,B62D,1
jw,6.02,F02,F02P,1
yg,6.04,B31,B31D,1
ya,3.02,B60,B60J,1
fy,3.02,A42,A42B,1
oz,6.02,F03,F03G,1
su,3.02,B22,B22D,1
ze,1.06,G11,G11B,1
sd,3.02,B65,B65H,1
im,2.01,A45,A45D,1
cq,1.06,G05,G05F,1
tu,3.01,F27,F27B,1
pg,6.02,F16,F16L,1
az,3.02,H04,H04S,1
ua,6.03,B60,B60D,1
fs,6.04,B63,B63B,1
zd,9,C05,C05G,1
rt,3.02,B27,B27B,1
ki,3.02,B09,B09C,1
gm,3.03,G01,G01G,1
ka,4.01,E06,E06C,1
pq,1.01,B08,B08B,1
rp,6.04,D07,D07B,1
ga,3.02,G07,G07C,1
zm,1.06,C23,C23D,1
wc,3.03,B01,B01F,1
ha,5.03,F16,F16M,1
bk,6.04,B23,B23H,1
uu,5.06,A62,A62B,1
nu,5.08,A46,A46B,1
qc,6.02,B63,B63C,1
pe,5.02,A22,A22C,1
rz,3.03,B03,B03B,1
bp,6.04,B26,B26D,1
ki,3.02,B61,B61L,1
xe,4.01,B04,B04B,1
pa,6.02,E05,E05F,1
ha,5.03,D06,D06C,1
jw,6.02,C08,C08K,1
ky,1.05,B26,B26B,1
fs,6.04,B60,B60Q,1
bi,6.01,H01,H01T,1
yi,6.03,H02,H02N,1
ba,3.02,E03,E03C,1
ki,3.02,B60,B60N,1
en,9,F01,F01D,1
dt,2.03,B60,B60J,1
bk,6.04,E04,E04G,1
qc,6.02,C22,C22C,1
ka,4.01,B27,B27F,1
nu,5.08,H01,H01T,1
om,5.05,F02,F02B,1
ro,1.07,B61,B61B,1
ua,6.03,H02,H02B,1
rt,3.02,B68,B68C,1
oi,3.02,H03,H03F,1
yg,6.04,C11,C11D,1
eu,2.02,B09,B09B,1
vj,5.01,H03,H03K,1
pn,1.01,B05,B05B,1
jo,5.04,B29,B29D,1
za,3.02,H02,H02H,1
qq,1.05,F02,F02K,1
uq,5.07,C10,C10G,1
ot,6.02,F01,F01K,1
dr,1.06,C06,C06B,1
ve,3.02,F16,F16N,1
ve,3.02,B66,B66C,1
or,5.09,F02,F02B,1
cq,1.06,B66,B66F,1
oi,3.02,B65,B65G,1
db,2.08,F41,F41C,1
xy,1.01,E21,E21D,1
oz,6.02,A24,A24C,1
jm,5.04,C08,C08J,1
ep,1.02,D06,D06L,1
iu,2.03,B25,B25C,1
we,3.02,B63,B63H,1
bp,6.04,C01,C01G,1
sy,1.03,A47,A47D,1
yg,6.04,D03,D03D,1
hl,3.03,A62,A62C,1
ay,3.01,H02,H02M,1
qc,6.02,H04,H04J,1
ka,4.01,F04,F04B,1
fs,6.04,A61,A61H,1
ua,6.03,F23,F23Q,1
fy,3.02,A43,A43B,1
ku,5.07,A61,A61G,1
ut,6.02,D01,D01B,1
bp,6.04,B62,B62D,1
pc,5.02,E02,E02D,1
ox,6.02,F28,F28D,1
vj,5.01,F21,F21S,1
hb,5.03,G03,G03B,1
tm,3.01,F23,F23N,1
bq,6.05,F21,F21S,1
km,1.06,B65,B65C,1
ur,1.01,C05,C05B,1
xa,5.04,B60,B60B,1
ff,3.02,B08,B08B,1
ot,6.02,D06,D06F,1
uf,1.03,F25,F25D,1
yg,6.04,F16,F16F,1
am,4.01,F04,F04B,1
ep,1.02,D06,D06N,1
rp,6.04,H02,H02N,1
xy,1.01,A61,A61G,1
ea,1.04,B60,B60D,1
tc,3.02,G05,G05G,1
bf,5.04,F04,F04F,1
rt,3.02,F41,F41A,1
xy,1.01,A43,A43B,1
yg,6.04,F16,F16H,1
ki,3.02,B31,B31B,1
qc,6.02,G07,G07C,1
dk,5.02,A47,A47G,1
ki,3.02,C06,C06C,1
vi,5.01,A01,A01F,1
wc,3.03,A41,A41B,1
qc,6.02,C10,C10M,1
zm,1.06,B27,B27B,1
pd,6.02,A62,A62C,1
tu,3.01,F21,F21S,1
sy,1.03,D01,D01H,1
ub,1.03,A63,A63C,1
ku,5.07,F23,F23M,1
eo,6.02,H05,H05B,1
ee,1.04,H01,H01P,1
zc,4.03,B04,B04B,1
zc,4.03,F41,F41C,1
sy,1.03,D06,D06C,1
up,1.03,G04,G04B,1
qf,9,A61,A61H,1
mq,6.01,B41,B41F,1
eo,6.02,B22,B22C,1
rt,3.02,F24,F24F,1
tc,3.02,A63,A63H,1
rp,6.04,B66,B66B,1
jw,6.02,C01,C01G,1
ik,2.11,B60,B60J,1
if,2.11,E03,E03D,1
mm,6.01,F04,F04C,1
ua,6.03,A47,A47L,1
oz,6.02,E03,E03B,1
de,1.06,F04,F04B,1
ac,2.02,A47,A47B,1
vi,5.01,B23,B23P,1
yg,6.04,F42,F42C,1
rt,3.02,F02,F02G,1
oz,6.02,A21,A21C,1
zd,9,B67,B67C,1
zm,1.06,H03,H03J,1
qf,9,C10,C10J,1
uu,5.06,B22,B22D,1
mm,6.01,B03,B03D,1
su,3.02,H03,H03F,1
ga,3.02,B31,B31B,1
oz,6.02,E21,E21C,1
zc,4.03,F16,F16N,1
pq,1.01,B44,B44C,1
bm,5.07,B23,B23K,1
zq,2.07,B62,B62J,1
yo,3.01,F01,F01K,1
uy,1.04,D04,D04G,1
pk,2.05,F16,F16T,1
rt,3.02,F42,F42C,1
ti,9,C06,C06D,1
xw,3.03,B60,B60H,1
ph,6.02,B62,B62M,1
pf,6.02,A45,A45C,1
xq,2.11,C25,C25F,1
ju,4.01,H01,H01R,1
dy,1.04,E03,E03D,1
yr,2.01,C10,C10M,1
ze,1.06,C09,C09K,1
ha,5.03,H02,H02H,1
qd,6.02,F17,F17C,1
sy,1.03,E05,E05B,1
ua,6.03,E04,E04B,1
qq,1.05,B61,B61B,1
bp,6.04,D03,D03D,1
dk,5.02,B29,B29B,1
rq,1.06,A63,A63F,1
wq,5.01,B21,B21K,1
si,1.05,B60,B60G,1
ga,3.02,E21,E21F,1
fs,6.04,F24,F24F,1
tm,3.01,H01,H01F,1
fy,3.02,C25,C25C,1
lj,3.02,F01,F01D,1
ne,3.03,F42,F42B,1
ai,2.03,A47,A47C,1
mq,6.01,H05,H05B,1
im,2.01,F41,F41G,1
pa,6.02,D01,D01G,1
uu,5.06,B09,B09B,1
lj,3.02,B32,B32B,1
ah,4.01,E06,E06B,1
wh,3.02,H01,H01F,1
vp,3.03,G05,G05F,1
gu,1.06,E03,E03F,1
tq,3.02,G04,G04C,1
oe,5.06,H01,H01G,1
bp,6.04,F01,F01M,1
bi,6.01,F03,F03D,1
pj,2.05,H01,H01R,1
uk,1.03,F02,F02F,1
zc,4.03,G03,G03B,1
hl,3.03,B65,B65G,1
fi,1.04,C23,C23G,1
le,1.05,E03,E03C,1
tm,3.01,B60,B60Q,1
vj,5.01,F02,F02B,1
km,1.06,F24,F24D,1
uf,1.03,B65,B65B,1
za,3.02,C10,C10J,1
ut,6.02,B60,B60M,1
ai,2.03,B62,B62M,1
bf,5.04,C12,C12C,1
di,5.02,D04,D04H,1
ff,3.02,A44,A44C,1
or,5.09,B66,B66C,1
ub,1.03,B25,B25B,1
qc,6.02,B22,B22F,1
ad,4.02,D01,D01B,1
rt,3.02,A44,A44C,1
nq,5.01,H02,H02H,1
dy,1.04,A47,A47D,1
uy,1.04,B60,B60S,1
ui,1.03,E02,E02F,1
xq,2.11,G10,G10D,1
wq,5.01,B65,B65H,1
oz,6.02,F01,F01P,1
de,1.06,B68,B68C,1
ki,3.02,A43,A43B,1
io,2.07,B60,B60T,1
nu,5.08,H02,H02H,1
rq,1.06,G01,G01P,1
om,5.05,B60,B60B,1
qq,1.05,A22,A22C,1
yi,6.03,A47,A47J,1
nn,3.03,B29,B29D,1
ru,3.01,E01,E01B,1
ya,3.02,B60,B60K,1
ox,6.02,B21,B21C,1
yi,6.03,A47,A47L,1
bi,6.01,D07,D07B,1
js,6.04,A44,A44C,1
oe,5.06,B41,B41M,1
bk,6.04,B28,B28B,1
am,4.01,H05,H05F,1
gc,1.05,F25,F25B,1
rp,6.04,B21,B21D,1
xa,5.04,B63,B63B,1
if,2.11,C25,C25F,1
yo,3.01,B63,B63J,1
fy,3.02,B23,B23C,1
pq,1.01,F16,F16F,1
yi,6.03,C11,C11B,1
eu,2.02,H02,H02G,1
fy,3.02,F02,F02P,1
bp,6.04,C23,C23G,1
io,2.07,H01,H01R,1
py,3.02,B41,B41N,1
zk,9,G03,G03C,1
zc,4.03,H03,H03H,1
wy,5.04,F02,F02M,1
wq,5.01,F02,F02D,1
vm,5.06,C08,C08J,1
xe,4.01,A61,A61C,1
ki,3.02,F16,F16G,1
dr,1.06,B31,B31F,1
yp,3.02,A47,A47L,1
eo,6.02,G03,G03H,1
zm,1.06,A47,A47L,1
ze,1.06,F03,F03G,1
yi,6.03,C10,C10G,1
oz,6.02,B66,B66C,1
jw,6.02,H03,H03J,1
qh,2.05,F02,F02F,1
ry,2.03,B66,B66F,1
su,3.02,B66,B66D,1
rz,3.03,F41,F41B,1
ev,1.02,D04,D04H,1
wu,5.04,B60,B60Q,1
pd,6.02,B29,B29D,1
pc,5.02,B60,B60B,1
mm,6.01,F24,F24H,1
gc,1.05,C06,C06B,1
pm,2.05,B60,B60S,1
fs,6.04,C10,C10L,1
ba,3.02,B60,B60T,1
pk,2.05,B04,B04C,1
ij,2.11,H01,H01K,1
my,5.01,A42,A42B,1
ku,5.07,H04,H04J,1
fs,6.04,A42,A42B,1
xe,4.01,C03,C03C,1
bu,1.03,F04,F04C,1
fs,6.04,F02,F02M,1
le,1.05,A45,A45C,1
ya,3.02,F28,F28G,1
zq,2.07,E04,E04G,1
dk,5.02,H02,H02S,1
xe,4.01,C06,C06B,1
rz,3.03,A43,A43B,1
xe,4.01,C06,C06D,1
re,1.05,B41,B41C,1
wm,5.04,E05,E05D,1
ac,2.02,B33,B33Y,1
mu,4.01,F16,F16N,1
ti,9,E21,E21B,1
bi,6.01,C10,C10L,1
vm,5.06,F16,F16M,1
dk,5.02,E05,E05F,1
db,2.08,B60,B60Q,1
dq,9,F16,F16D,1
vs,5.01,D01,D01G,1
zk,9,A47,A47L,1
ve,3.02,B23,B23C,1
ae,4.05,F21,F21V,1
dk,5.02,H02,H02H,1
pj,2.05,F16,F16M,1
sa,3.03,C05,C05G,1
wy,5.04,B41,B41M,1
er,1.02,E04,E04C,1
vj,5.01,G01,G01T,1
za,3.02,B60,B60W,1
ha,5.03,B60,B60J,1
rz,3.03,G08,G08C,1
ai,2.03,C01,C01F,1
vj,5.01,B21,B21B,1
my,5.01,B65,B65H,1
pa,6.02,H05,H05F,1
vj,5.01,F41,F41F,1
mq,6.01,F16,F16C,1
vp,3.03,G07,G07F,1
ju,4.01,B65,B65G,1
ro,1.07,A01,A01F,1
bu,1.03,B23,B23Q,1
ut,6.02,F25,F25B,1
js,6.04,D06,D06F,1
su,3.02,B60,B60T,1
ne,3.03,B25,B25H,1
jo,5.04,A61,A61L,1
rq,1.06,C08,C08G,1
gy,5.02,G01,G01P,1
jm,5.04,C10,C10G,1
uy,1.04,B63,B63J,1
rp,6.04,B60,B60K,1
vj,5.01,F03,F03B,1
uq,5.07,A47,A47F,1
ry,2.03,A63,A63H,1
ox,6.02,E04,E04H,1
pf,6.02,F03,F03D,1
ua,6.03,A01,A01C,1
rz,3.03,C10,C10M,1
vm,5.06,B24,B24B,1
uq,5.07,A47,A47D,1
ds,3.02,F41,F41B,1
dy,1.04,B24,B24C,1
cq,1.06,E04,E04D,1
ba,3.02,H03,H03B,1
eo,6.02,G07,G07D,1
qc,6.02,H02,H02P,1
aq,3.02,C01,C01B,1
bp,6.04,F02,F02N,1
mu,4.01,C01,C01F,1
dk,5.02,C05,C05F,1
km,1.06,A22,A22C,1
ut,6.02,E06,E06B,1
am,4.01,F02,F02M,1
yo,3.01,B66,B66C,1
zk,9,B60,B60K,1
wq,5.01,B21,B21H,1
bu,1.03,B62,B62B,1
zc,4.03,H03,H03C,1
iy,1.06,F02,F02F,1
gc,1.05,D04,D04H,1
rz,3.03,C12,C12C,1
we,3.02,B60,B60R,1
py,3.02,H01,H01T,1
gu,1.06,B62,B62D,1
tu,3.01,E04,E04G,1
qa,3.01,B62,B62K,1
eu,2.02,B60,B60K,1
ja,1.05,F21,F21S,1
pj,2.05,B60,B60J,1
ky,1.05,G07,G07C,1
pw,2.06,B65,B65H,1
uu,5.06,C21,C21D,1
lj,3.02,G11,G11B,1
ut,6.02,A01,A01J,1
bi,6.01,F24,F24H,1
oz,6.02,E01,E01B,1
vm,5.06,B60,B60B,1
si,1.05,G10,G10H,1
vj,5.01,B62,B62L,1
ra,2.11,B23,B23H,1
xw,3.03,A45,A45C,1
zk,9,F42,F42B,1
vj,5.01,A01,A01D,1
yg,6.04,B24,B24B,1
bi,6.01,A61,A61G,1
fi,1.04,E04,E04H,1
jb,5.07,B60,B60Q,1
gc,1.05,G05,G05F,1
ik,2.11,B23,B23G,1
vx,5.01,F41,F41H,1
yi,6.03,A61,A61C,1
ui,1.03,B27,B27N,1
ka,4.01,F16,F16K,1
vj,5.01,A44,A44C,1
bq,6.05,B63,B63C,1
xq,2.11,E05,E05B,1
ec,1.04,C05,C05C,1
ew,1.02,C05,C05F,1
tu,3.01,F03,F03D,1
uy,1.04,B24,B24C,1
nu,5.08,B27,B27K,1
vj,5.01,A47,A47J,1
ay,3.01,G10,G10H,1
jy,4.05,B21,B21J,1
vp,3.03,F02,F02M,1
bk,6.04,H02,H02B,1
cl,9,B60,B60J,1
ut,6.02,F02,F02N,1
oz,6.02,F24,F24H,1
wy,5.04,H01,H01G,1
bf,5.04,B60,B60R,1
yi,6.03,F01,F01N,1
ki,3.02,F21,F21S,1
zk,9,F03,F03H,1
wc,3.03,H03,H03L,1
uu,5.06,A47,A47G,1
nu,5.08,E01,E01F,1
mm,6.01,C08,C08H,1
ju,4.01,G08,G08B,1
oi,3.02,B60,B60B,1
qd,6.02,F17,F17D,1
mm,6.01,B61,B61F,1
vj,5.01,B06,B06B,1
si,1.05,D21,D21H,1
wh,3.02,C21,C21C,1
qf,9,E02,E02B,1
fs,6.04,B42,B42C,1
li,3.02,B22,B22D,1
wu,5.04,B60,B60C,1
xw,3.03,H02,H02H,1
pi,1.06,B60,B60W,1
pa,6.02,F28,F28C,1
ai,2.03,D21,D21H,1
ha,5.03,F22,F22B,1
qc,6.02,F02,F02M,1
eu,2.02,E05,E05B,1
ma,3.02,B66,B66F,1
ph,6.02,F02,F02F,1
ta,1.06,H04,H04M,1
su,3.02,G05,G05D,1
ka,4.01,F42,F42C,1
xq,2.11,B63,B63H,1
ip,2.07,F03,F03G,1
oi,3.02,B63,B63C,1
pf,6.02,C09,C09D,1
eo,6.02,D06,D06F,1
ti,9,B21,B21D,1
qf,9,A23,A23G,1
xe,4.01,B03,B03D,1
xa,5.04,F01,F01D,1
vp,3.03,B60,B60W,1
fs,6.04,F16,F16C,1
ni,3.01,G01,G01L,1
le,1.05,F01,F01P,1
js,6.04,F16,F16L,1
ad,4.02,C05,C05C,1
nm,5.02,B27,B27C,1
we,3.02,H02,H02M,1
ue,2.11,B42,B42C,1
bq,6.05,B23,B23H,1
yi,6.03,B23,B23Q,1
ut,6.02,G05,G05F,1
di,5.02,A23,A23B,1
uq,5.07,A23,A23B,1
cu,1.06,B29,B29D,1
bq,6.05,B61,B61K,1
vj,5.01,B60,B60W,1
vj,5.01,B60,B60T,1
vj,5.01,F04,F04C,1
pd,6.02,C04,C04B,1
yg,6.04,C09,C09J,1
ia,3.02,H02,H02S,1
bm,5.07,B21,B21D,1
or,5.09,C05,C05B,1
ve,3.02,B60,B60J,1
ba,3.02,B41,B41J,1
ga,3.02,F16,F16J,1
zc,4.03,E04,E04B,1
uq,5.07,F16,F16B,1
uq,5.07,F02,F02M,1
xq,2.11,B23,B23P,1
ya,3.02,D06,D06F,1
nn,3.03,F16,F16H,1
xa,5.04,F16,F16J,1
vx,5.01,B60,B60T,1
fe,5.05,F23,F23K,1
ij,2.11,C01,C01D,1
oo,3.03,G06,G06T,1.00000000372529
mq,6.01,H01,H01R,1.00000000372529
io,2.07,F03,F03D,1.000000007450581
ji,5.01,G01,G01P,1.000000007450581
de,1.06,F26,F26B,1.000000007450581
jy,4.05,G07,G07F,1.000000007450581
pq,1.01,F41,F41J,1.000000007450581
ij,2.11,C06,C06B,1.000000007450581
es,2.02,B65,B65D,1.000000007450581
ip,2.07,F02,F02D,1.000000014901161
ea,1.04,H01,H01T,1.000000014901161
sy,1.03,B60,B60H,1.000000014901161
bm,5.07,H04,H04Q,1.000000014901161
ij,2.11,E04,E04B,1.000000014901161
fy,3.02,B23,B23Q,1.000000014901161
cu,1.06,H01,H01R,1.000000014901161
eq,3.01,C01,C01B,1.000000014901161
po,1.01,H05,H05K,1.000000014901161
cq,1.06,C21,C21C,1.000000014901161
ds,3.02,A62,A62B,1.000000014901161
zm,1.06,H01,H01R,1.000000014901161
ev,1.02,F24,F24F,1.000000014901161
wu,5.04,B60,B60L,1.000000014901161
iq,2.02,B42,B42F,1.000000014901161
jb,5.07,G08,G08B,1.000000014901161
qe,2.09,A63,A63B,1.000000014901161
ik,2.11,G04,G04B,1.000000014901161
iu,2.03,B63,B63J,1.000000014901161
mm,6.01,A63,A63C,1.000000014901161
lq,3.03,H04,H04R,1.000000014901161
uu,5.06,A21,A21D,1.000000014901161
yp,3.02,F28,F28F,1.000000014901161
ru,3.01,B64,B64D,1.000000014901161
rb,2.02,F01,F01B,1.000000014901161
ni,3.01,H02,H02P,1.000000014901161
dk,5.02,H05,H05B,1.000000014901161
zr,1.05,E04,E04D,1.000000014901161
pt,3.03,C04,C04B,1.000000014901161
om,5.05,A47,A47G,1.000000014901161
wu,5.04,G08,G08C,1.000000014901161
om,5.05,B08,B08B,1.000000014901161
ua,6.03,A47,A47C,1.000000014901161
yi,6.03,F21,F21S,1.000000014901161
eo,6.02,G06,G06K,1.000000014901161
uy,1.04,E01,E01F,1.000000014901161
uu,5.06,B07,B07B,1.000000014901161
wc,3.03,H04,H04J,1.000000014901161
pe,5.02,B65,B65D,1.000000014901161
pz,2.05,E05,E05B,1.000000014901161
ip,2.07,F16,F16C,1.000000014901161
or,5.09,B64,B64C,1.000000014901161
re,1.05,F27,F27B,1.000000014901161
ui,1.03,A47,A47L,1.000000014901161
ee,1.04,C09,C09G,1.000000014901161
zd,9,C22,C22B,1.000000014901161
wy,5.04,C09,C09K,1.000000014901161
cn,5.01,H01,H01S,1.000000014901161
zr,1.05,G09,G09G,1.000000014901161
dw,1.04,B07,B07B,1.000000014901161
pu,2.03,F27,F27D,1.000000014901161
iq,2.02,B21,B21K,1.000000014901161
xy,1.01,B23,B23Q,1.000000014901161
zk,9,H04,H04Q,1.000000018626451
iy,1.06,F23,F23C,1.000000022351742
dw,1.04,B05,B05C,1.000000022351742
ei,1.04,F03,F03D,1.000000026077032
cu,1.06,A01,A01D,1.000000029802322
af,4.05,D04,D04H,1.000000029802322
kv,1.05,F16,F16M,1.000000029802322
rb,2.02,B31,B31B,1.000000029802322
gy,5.02,F02,F02B,1.000000029802322
ik,2.11,A24,A24D,1.000000029802322
xe,4.01,C23,C23C,1.000000029802322
ac,2.02,B31,B31B,1.000000029802322
de,1.06,G01,G01K,1.000000029802322
le,1.05,F16,F16M,1.000000029802322
xe,4.01,H01,H01Q,1.000000029802322
qg,2.05,A01,A01F,1.000000029802322
pz,2.05,A01,A01K,1.000000029802322
ai,2.03,D03,D03D,1.000000029802322
hi,5.01,A22,A22C,1.000000029802322
td,3.02,H02,H02S,1.000000029802322
iq,2.02,C12,C12C,1.000000029802322
ro,1.07,E06,E06C,1.000000029802322
dw,1.04,F23,F23J,1.000000029802322
tm,3.01,F15,F15B,1.000000029802322
yi,6.03,D06,D06M,1.000000029802322
yi,6.03,H02,H02P,1.000000029802322
tq,3.02,F24,F24F,1.000000029802322
yo,3.01,H02,H02J,1.000000029802322
ds,3.02,C11,C11D,1.000000029802322
oe,5.06,B66,B66B,1.000000029802322
wu,5.04,A22,A22C,1.000000029802322
ac,2.02,G06,G06J,1.000000029802322
oz,6.02,F01,F01M,1.000000029802322
su,3.02,B60,B60J,1.000000029802322
ur,1.01,F21,F21V,1.000000029802322
oa,2.11,B43,B43L,1.000000029802322
tq,3.02,A47,A47K,1.000000029802322
dt,2.03,F02,F02N,1.000000029802322
dm,3.02,D21,D21C,1.000000029802322
ha,5.03,C02,C02F,1.000000029802322
sr,2.07,F25,F25D,1.000000029802322
ha,5.03,B66,B66B,1.000000029802322
py,3.02,A62,A62B,1.000000029802322
wv,3.03,F02,F02B,1.000000029802322
qj,2.05,B41,B41C,1.000000029802322
fi,1.04,C11,C11B,1.000000029802322
ee,1.04,F16,F16B,1.000000029802322
dx,3.01,F16,F16F,1.000000029802322
iu,2.03,F02,F02N,1.000000029802322
yo,3.01,F16,F16F,1.000000029802322
vx,5.01,B63,B63B,1.000000029802322
ea,1.04,H02,H02G,1.000000029802322
dr,1.06,A01,A01D,1.000000029802322
ns,2.01,F23,F23D,1.000000029802322
qe,2.09,B65,B65D,1.000046696513891
ih,2.07,H01,H01G,1.000093360897154
da,1.06,D01,D01F,1.000282221939415
zm,1.06,G05,G05B,1.00053419591859
pg,6.02,H04,H04M,1.000732623040676
ei,1.04,F15,F15B,1.000757583416998
da,1.06,A01,A01G,1.000783788971603
ur,1.01,C09,C09D,1.001190202077851
vy,3.02,B01,B01F,1.001605554658454
dm,3.02,F02,F02D,1.002155172405764
hb,5.03,A01,A01K,1.002164502162486
sy,1.03,E04,E04C,1.002222247421741
um,3.01,C11,C11B,1.002511038677767
ee,1.04,G09,G09F,1.002808988792822
co,1.06,C01,C01D,1.003492082469165
wc,3.03,A47,A47L,1.003571428591385
xw,3.03,B63,B63C,1.003703717142344
ac,2.02,F28,F28F,1.003763078711927
zr,1.05,A01,A01K,1.003787904977798
pg,6.02,G05,G05D,1.003968261182308
iu,2.03,G03,G03C,1.004166666883975
ru,3.01,A21,A21D,1.004218904767185
dk,5.02,B25,B25J,1.004412115551531
xe,4.01,C12,C12H,1.004566209856421
wy,5.04,C07,C07K,1.004904392175376
tq,3.02,B65,B65B,1.005025125574321
vx,5.01,C08,C08L,1.005128212273121
pz,2.05,A47,A47G,1.005128220189363
iq,2.02,A24,A24D,1.005208333488554
py,3.02,F02,F02C,1.005208333488554
id,2.07,A41,A41D,1.005208333488554
et,1.02,D01,D01D,1.005494505632669
dq,9,B60,B60L,1.00555555569008
sy,1.03,C11,C11B,1.00555555569008
wc,3.03,C08,C08L,1.005555558949709
dx,3.01,B29,B29B,1.00555557757616
zq,2.07,G02,G02B,1.005584433674812
rt,3.02,A41,A41D,1.005747126415372
fa,2.01,B29,B29B,1.005747141316533
uf,1.03,C07,C07H,1.005813953466713
li,3.02,A23,A23F,1.005882353056222
ex,1.02,B61,B61D,1.005952391773462
bf,5.04,A61,A61Q,1.005952395964414
si,1.05,F03,F03G,1.005952404811978
hl,3.03,B25,B25J,1.006068289279938
pi,1.06,G01,G01G,1.006172839552164
ku,5.07,A01,A01K,1.006250000093132
sd,3.02,C12,C12C,1.006250000093132
xw,3.03,H01,H01F,1.006410256493837
sy,1.03,D05,D05B,1.006666666828096
ki,3.02,A46,A46B,1.006666666828096
ni,3.01,A22,A22C,1.006666666828096
dt,2.03,B60,B60R,1.006666678935289
dy,1.04,C12,C12H,1.006690783426166
iy,1.06,B66,B66C,1.006756756920367
uf,1.03,G05,G05F,1.006756756920367
iy,1.06,A24,A24B,1.006944444496185
dr,1.06,G01,G01D,1.006944470107555
vi,5.01,B25,B25J,1.007095812354237
jb,5.07,C11,C11D,1.007142857182771
iy,1.06,H01,H01H,1.007142857182771
pu,2.03,A01,A01G,1.00726010533981
hl,3.03,A43,A43B,1.007326037157327
oi,3.02,A43,A43B,1.007326037157327
eu,2.02,G01,G01S,1.007440485060215
bi,6.01,C25,C25B,1.00746268639341
oi,3.02,G07,G07C,1.007539689540863
lq,3.03,H05,H05K,1.007575772702694
db,2.08,B21,B21J,1.007936508394778
sd,3.02,A01,A01G,1.007936508394778
id,2.07,F01,F01L,1.008333344012499
ep,1.02,B26,B26B,1.008333344012499
qk,6.01,C07,C07K,1.008458058582619
zd,9,D21,D21H,1.008474576286972
rt,3.02,F28,F28F,1.00854700896889
ru,3.01,G21,G21K,1.008599520660937
pw,2.06,F02,F02D,1.008620689623058
hl,3.03,A61,A61L,1.008653809549287
rp,6.04,A61,A61H,1.008771929889917
ua,6.03,C07,C07H,1.00928026298061
vy,3.02,B03,B03C,1.009303404716775
hl,3.03,A23,A23B,1.009523809887469
bu,1.03,C01,C01B,1.009523823857307
pa,6.02,C09,C09C,1.009523823857307
zr,1.05,C05,C05G,1.009523846209049
sa,3.03,B05,B05B,1.009615384973586
ai,2.03,B03,B03C,1.009615384973586
bm,5.07,G03,G03B,1.009803921915591
yu,3.03,C08,C08K,1.010101010091603
qg,2.05,A23,A23L,1.010361458174884
pj,2.05,G09,G09G,1.010416666977108
pt,3.03,H02,H02J,1.01063831243664
qg,2.05,A01,A01K,1.010677758371457
ye,2.02,F16,F16K,1.010714301839471
lj,3.02,G05,G05D,1.010752688162029
pn,1.01,F02,F02M,1.010752688162029
pw,2.06,C03,C03B,1.010869565419853
wc,3.03,H01,H01Q,1.010901765432209
xy,1.01,G01,G01T,1.01095423148945
le,1.05,B60,B60L,1.010984856635332
iq,2.02,A23,A23C,1.011008215136826
uk,1.03,D04,D04H,1.011062033474445
vy,3.02,F02,F02M,1.01111111138016
gu,1.06,G10,G10H,1.01111111138016
qu,1.06,F16,F16F,1.01111111138016
gu,1.06,B41,B41F,1.01111111138016
iq,2.02,A43,A43D,1.011111117899418
et,1.02,E03,E03C,1.01111114025116
ye,2.02,A41,A41D,1.01111114025116
dk,5.02,C12,C12P,1.011192138306797
su,3.02,G09,G09F,1.011235955171287
ki,3.02,A63,A63F,1.011321202386171
ve,3.02,G01,G01T,1.01138586178422
uk,1.03,B23,B23Q,1.011564178392291
ua,6.03,B01,B01F,1.011627906933427
fa,2.01,H01,H01H,1.011904762126505
sd,3.02,F16,F16L,1.011904762126505
le,1.05,B05,B05B,1.011904762126505
sd,3.02,B05,B05B,1.012195121496916
eo,6.02,H03,H03G,1.012195121496916
eu,2.02,C08,C08F,1.012195121496916
fi,1.04,C25,C25B,1.01229525078088
rx,3.02,H05,H05B,1.012345708906651
wc,3.03,A63,A63H,1.012500000186265
su,3.02,B08,B08B,1.012500000186265
wc,3.03,A23,A23G,1.012500000186265
ac,2.02,B62,B62M,1.012500014156103
bu,1.03,A61,A61N,1.012532865162939
su,3.02,F16,F16H,1.012658228166401
ky,1.05,H01,H01L,1.012745106592774
um,3.01,G10,G10L,1.01276930142194
co,1.06,C03,C03B,1.012820512987673
ql,9,G11,G11C,1.012820512987673
hf,6.03,C08,C08L,1.012820512987673
ia,3.02,D01,D01D,1.013157894834876
aa,1.03,E04,E04C,1.013333354145288
vy,3.02,H01,H01B,1.013600319623947
ec,1.04,B08,B08B,1.013608168810606
zm,1.06,F21,F21V,1.013870320981368
ya,3.02,B21,B21J,1.013888888992369
yr,2.01,H03,H03L,1.013888914138079
ea,1.04,H02,H02K,1.01397450780496
ii,2.04,H04,H04H,1.014285714365542
wu,5.04,F24,F24F,1.014285714365542
fu,5.04,G06,G06Q,1.014285729266703
ba,3.02,C07,C07B,1.014285744167864
uf,1.03,H04,H04J,1.014333557337523
yo,3.01,C06,C06B,1.014492753893137
ip,2.07,B24,B24D,1.014705882407725
xe,4.01,B01,B01L,1.015151515603065
ah,4.01,A61,A61D,1.015151515603065
oa,2.11,A61,A61D,1.015151515603065
zm,1.06,C11,C11C,1.015151515603065
pz,2.05,B25,B25D,1.015151515603065
ki,3.02,H01,H01B,1.015151515603065
bd,1.06,C07,C07C,1.015204690396786
pz,2.05,B64,B64D,1.015331914648414
ji,5.01,A01,A01G,1.015625
mu,4.01,H01,H01S,1.015625
pu,2.03,B21,B21F,1.015625
ve,3.02,F04,F04B,1.015625014901161
oy,9,H03,H03F,1.015786765143275
pc,5.02,G08,G08C,1.015873016789556
pa,6.02,C12,C12M,1.015873016789556
gu,1.06,B64,B64C,1.016001024283469
hq,1.04,B64,B64G,1.016002427786589
pn,1.01,B03,B03C,1.016129031777382
ew,1.02,D21,D21G,1.016129031777382
ya,3.02,G10,G10D,1.016129031777382
vy,3.02,F02,F02D,1.01666666707024
iy,1.06,G09,G09B,1.016666667535901
ma,3.02,F15,F15B,1.016666667535901
pt,3.03,G08,G08G,1.016666667535901
ew,1.02,G09,G09D,1.016666667535901
pc,5.02,E03,E03C,1.016666673123837
jb,5.07,G01,G01M,1.016666673123837
wf,1.06,A63,A63B,1.016666673123837
ns,2.01,B07,B07C,1.016666673123837
pi,1.06,B65,B65D,1.016666673123837
er,1.02,B61,B61L,1.016666673123837
tu,3.01,B63,B63B,1.016666673123837
gc,1.05,C08,C08H,1.016666674986482
xw,3.03,A45,A45D,1.017006802372634
or,5.09,C12,C12P,1.01713596843183
ma,3.02,E03,E03B,1.017208672128618
mq,6.01,H04,H04H,1.017241379246116
li,3.02,B29,B29B,1.017241379246116
pi,1.06,C11,C11C,1.017537466483191
mq,6.01,G06,G06K,1.017563616856933
cq,1.06,Y02,Y02A,1.017628183821216
pj,2.05,B65,B65B,1.017730495892465
ev,1.02,F01,F01N,1.017777781933546
ja,1.05,A61,A61J,1.017857143655419
jy,4.05,G01,G01T,1.017857143655419
my,5.01,G01,G01C,1.017857143655419
fs,6.04,F21,F21K,1.017857149243355
re,1.05,H04,H04B,1.017857149243355
ya,3.02,C03,C03B,1.018129683099687
ba,3.02,H04,H04R,1.018181817606091
ue,2.11,B05,B05C,1.018297106027603
po,1.01,B01,B01F,1.018417502753437
vi,5.01,H03,H03G,1.018518518656492
zc,4.03,H01,H01S,1.018518518656492
fs,6.04,B29,B29D,1.018518518656492
ja,1.05,C01,C01D,1.018650814890862
co,1.06,D01,D01F,1.018795571289957
bf,5.04,B82,B82Y,1.018867924809456
dt,2.03,G01,G01C,1.019230769947171
ot,6.02,A62,A62D,1.019230769947171
xq,2.11,A23,A23F,1.019230769947171
fy,3.02,B25,B25J,1.019230769947171
jw,6.02,G06,G06N,1.019230769947171
iy,1.06,G02,G02C,1.019230769947171
de,1.06,H02,H02S,1.019230769947171
oy,9,A62,A62D,1.019230769947171
jb,5.07,G07,G07B,1.019607843831182
mq,6.01,G01,G01D,1.019607843831182
dt,2.03,G09,G09B,1.019693743437529
rq,1.06,A21,A21D,1.019917807076126
de,1.06,A01,A01D,1.01994302496314
ad,4.02,G01,G01H,1.019999999552965
co,1.06,B60,B60W,1.019999999552965
fe,5.05,H01,H01M,1.019999999552965
za,3.02,C10,C10M,1.019999999552965
ns,2.01,G09,G09F,1.020240898244083
xq,2.11,B66,B66C,1.020270270761102
bu,1.03,G02,G02C,1.02051767706871
ee,1.04,B65,B65G,1.020833333954215
im,2.01,B21,B21B,1.020833333954215
oe,5.06,F15,F15B,1.020833333954215
ep,1.02,A23,A23D,1.020833333954215
om,5.05,F15,F15B,1.020833333954215
ti,9,G02,G02B,1.020833333954215
gc,1.05,A41,A41D,1.020833333954215
yq,5.07,C09,C09K,1.021164051257074
bu,1.03,B22,B22D,1.021323543041945
ii,2.04,G05,G05G,1.021428571548313
ui,1.03,C12,C12Y,1.021428572013974
ja,1.05,F01,F01D,1.021428588777781
pu,2.03,D21,D21G,1.02150540612638
dr,1.06,A61,A61D,1.021694808732718
io,2.07,A01,A01H,1.021739130839705
tq,3.02,A01,A01H,1.021739130839705
xw,3.03,H03,H03F,1.021739130839705
ne,3.03,A61,A61D,1.021739130839705
dm,3.02,H01,H01P,1.021739130839705
xw,3.03,C04,C04B,1.021739145740867
xa,5.04,H05,H05B,1.021825414150953
ea,1.04,A41,A41D,1.021910919807851
qe,2.09,G06,G06K,1.022054766770452
le,1.05,F25,F25B,1.02222222276032
iu,2.03,D21,D21B,1.022222228348255
dt,2.03,A47,A47J,1.022222235798836
zr,1.05,H02,H02J,1.022222237661481
ht,1.06,C08,C08G,1.022222237661481
ih,2.07,G01,G01W,1.022222239524126
dy,1.04,A47,A47B,1.022435897961259
et,1.02,C07,C07B,1.022568184416741
de,1.06,E01,E01C,1.022727273404598
am,4.01,E01,E01C,1.022727273404598
sd,3.02,G03,G03B,1.022727273404598
uy,1.04,H02,H02H,1.022727273404598
bq,6.05,H01,H01T,1.022727273404598
aa,1.03,B60,B60K,1.022727273404598
ai,2.03,B21,B21D,1.022727273404598
oy,9,B60,B60K,1.022727273404598
cq,1.06,H01,H01T,1.022727273404598
nq,5.01,G02,G02C,1.022727273404598
jw,6.02,A23,A23L,1.022871376946568
up,1.03,C08,C08G,1.023031501099467
ma,3.02,B05,B05D,1.023148166015744
tq,3.02,B65,B65D,1.023255828768015
dx,3.01,H01,H01G,1.02379061258398
mq,6.01,G11,G11C,1.023809524253011
pz,2.05,E21,E21F,1.023809524253011
mq,6.01,C07,C07B,1.023809524253011
pk,2.05,G01,G01P,1.023809524253011
pz,2.05,A23,A23G,1.023809524253011
eq,3.01,B65,B65H,1.023809524253011
ba,3.02,F16,F16L,1.023809524253011
qc,6.02,C12,C12N,1.023816966218874
co,1.06,D21,D21C,1.024056674912572
xy,1.01,C08,C08G,1.024169041775167
pj,2.05,G03,G03F,1.024390242993832
ye,2.02,B22,B22C,1.025000000372529
dq,9,C09,C09B,1.025000000372529
pk,2.05,F23,F23D,1.025000000372529
up,1.03,A61,A61Q,1.025000009685755
hl,3.03,C11,C11D,1.025166192092001
pk,2.05,F02,F02G,1.02536231931299
wc,3.03,B63,B63B,1.025641025975347
ds,3.02,F28,F28F,1.025641025975347
et,1.02,B60,B60D,1.025641025975347
ei,1.04,G10,G10L,1.025641025975347
jy,4.05,H02,H02M,1.025641025975347
oz,6.02,C10,C10L,1.025691700167954
ba,3.02,D01,D01F,1.026086955331266
pd,6.02,G07,G07F,1.026190496981144
ru,3.01,F24,F24F,1.026315789669752
uf,1.03,G04,G04F,1.026315819472075
ip,2.07,A61,A61M,1.026470083743334
da,1.06,D21,D21C,1.026723618619144
es,2.02,B64,B64G,1.026785727590322
sy,1.03,B29,B29B,1.026985878124833
pj,2.05,G08,G08C,1.02702702768147
xy,1.01,H01,H01M,1.027083347551525
ti,9,H04,H04L,1.027190446853638
yp,3.02,B41,B41J,1.027272727806121
pi,1.06,G06,G06K,1.027399001643062
di,5.02,D01,D01D,1.027777777984738
we,3.02,G01,G01S,1.027777777984738
nn,3.03,C10,C10M,1.027777777984738
ff,3.02,G09,G09F,1.027777777984738
oz,6.02,H05,H05H,1.027777777984738
km,1.06,E04,E04F,1.027777777984738
ea,1.04,A62,A62C,1.027777777984738
ea,1.04,D21,D21B,1.027777777984738
jy,4.05,B04,B04B,1.027777777984738
rt,3.02,A21,A21D,1.027777779847383
ac,2.02,E04,E04B,1.027777783572674
db,2.08,A23,A23N,1.027777783572674
di,5.02,C01,C01B,1.027777783572674
dw,1.04,G09,G09G,1.027777783572674
ot,6.02,C10,C10M,1.027777783572674
wm,5.04,E04,E04B,1.027777791023254
lq,3.03,C04,C04B,1.027777798473835
le,1.05,E03,E03F,1.027777798473835
cq,1.06,E01,E01C,1.027777798473835
lq,3.03,C08,C08J,1.027777798473835
pu,2.03,D04,D04H,1.027777798473835
et,1.02,A47,A47C,1.028388308361173
eo,6.02,G07,G07C,1.028571428731084
wc,3.03,H04,H04Q,1.028571443632245
rz,3.03,A23,A23K,1.02860962646082
up,1.03,G21,G21C,1.028769854456186
ij,2.11,E21,E21D,1.029040404595435
ku,5.07,G03,G03G,1.029166675172746
sa,3.03,F41,F41A,1.029166676104069
tq,3.02,F41,F41A,1.029166676104069
rt,3.02,G07,G07D,1.029230730608106
hq,1.04,H01,H01P,1.02934842556715
hb,5.03,G01,G01H,1.02941176481545
ox,6.02,H02,H02J,1.02941176481545
re,1.05,B24,B24D,1.02941176481545
ub,1.03,A47,A47K,1.02941176481545
vy,3.02,D21,D21H,1.029487180523574
qu,1.06,H01,H01Q,1.029761917889118
dy,1.04,F15,F15D,1.029860648792237
ip,2.07,C12,C12N,1.029953158053104
ct,9,B01,B01D,1.030033566523343
yi,6.03,G21,G21K,1.030303031206131
ip,2.07,G10,G10K,1.030303031206131
iu,2.03,C05,C05G,1.030303031206131
dq,9,D02,D02J,1.030303031206131
ea,1.04,B23,B23Q,1.030303031206131
vy,3.02,B25,B25D,1.030303031206131
xy,1.01,B60,B60G,1.030365770682693
id,2.07,D21,D21B,1.03039285633713
up,1.03,B01,B01J,1.030773123260587
ig,2.06,C01,C01G,1.031086315400898
ui,1.03,C12,C12G,1.03125
hl,3.03,G01,G01M,1.03125
ex,1.02,C10,C10M,1.03125
yi,6.03,A21,A21D,1.03125
pq,1.01,B21,B21F,1.03125
bi,6.01,B64,B64D,1.03125
ew,1.02,F24,F24D,1.03125
oi,3.02,A41,A41D,1.031250000931323
pe,5.02,G01,G01L,1.031250029802322
un,1.03,G02,G02F,1.031348851975054
fy,3.02,B01,B01D,1.031487460713834
rt,3.02,C12,C12R,1.031526459380984
nu,5.08,A01,A01C,1.031754031777382
fy,3.02,B04,B04B,1.031914892606437
di,5.02,H04,H04J,1.03194445790723
oa,2.11,F03,F03H,1.031997982412577
ni,3.01,G03,G03B,1.032258063554764
tq,3.02,F25,F25B,1.032258063554764
ni,3.01,A47,A47G,1.032258064020425
bf,5.04,C08,C08L,1.032539702951908
ig,2.06,A22,A22C,1.032592591829598
wf,1.06,A61,A61H,1.032765738666058
zq,2.07,C03,C03C,1.032828290015459
js,6.04,G05,G05D,1.033078184351325
pc,5.02,B82,B82Y,1.033297773450613
pn,1.01,F26,F26B,1.033333335071802
yr,2.01,F16,F16K,1.033333335071802
tq,3.02,C09,C09B,1.033333335071802
um,3.01,A45,A45C,1.033333335071802
pi,1.06,G07,G07G,1.033333335071802
gc,1.05,H03,H03K,1.033333335071802
zk,9,A23,A23C,1.033333335071802
oy,9,G01,G01K,1.033333335071802
es,2.02,B62,B62K,1.033333335071802
jy,4.05,F01,F01M,1.033333335071802
vy,3.02,F16,F16F,1.033333335071802
ot,6.02,G01,G01K,1.033333335071802
db,2.08,F17,F17C,1.033333335071802
xa,5.04,H01,H01H,1.033333335071802
ga,3.02,E03,E03F,1.033333335071802
km,1.06,B29,B29D,1.033333335071802
ee,1.04,C25,C25C,1.033333338797092
qq,1.05,C10,C10M,1.033333342522383
ii,2.04,A23,A23N,1.033333342522383
le,1.05,E04,E04B,1.033333342522383
dt,2.03,B02,B02C,1.033333346247673
ja,1.05,F24,F24H,1.033333346247673
nn,3.03,F21,F21V,1.033333346247673
bu,1.03,C11,C11B,1.033333346247673
dy,1.04,A44,A44B,1.033333346247673
ip,2.07,B65,B65D,1.033333346247673
dw,1.04,A22,A22B,1.033333346247673
ju,4.01,G10,G10L,1.033333346247673
mq,6.01,B01,B01D,1.033333346247673
iy,1.06,G16,G16H,1.033333346247673
pe,5.02,F16,F16F,1.033333346247673
ex,1.02,F16,F16B,1.033333349972963
vj,5.01,G10,G10H,1.033333349972963
oe,5.06,B32,B32B,1.033333353698254
ub,1.03,C23,C23D,1.033333353698254
ui,1.03,C07,C07J,1.033333361148834
ah,4.01,A23,A23P,1.033361043781042
ro,1.07,B03,B03D,1.033406626433134
ki,3.02,G09,G09F,1.033707865513861
pu,2.03,B66,B66C,1.033741193823516
ja,1.05,A47,A47G,1.033928588032722
mm,6.01,C40,C40B,1.033957219216973
td,3.02,G03,G03F,1.034156142733991
km,1.06,C05,C05G,1.034382285550237
ub,1.03,F04,F04F,1.034722222480923
ea,1.04,F15,F15B,1.034897916484624
if,2.11,C40,C40B,1.03495956491679
pm,2.05,H03,H03D,1.035176348406821
dx,3.01,G21,G21G,1.035555588081479
yy,5.07,H05,H05B,1.035714287310839
om,5.05,G01,G01T,1.035714287310839
fi,1.04,C08,C08H,1.035714287310839
ga,3.02,A01,A01G,1.035714287310839
hf,6.03,B60,B60R,1.035714287310839
ex,1.02,C25,C25F,1.035714287310839
py,3.02,F41,F41H,1.03571429848671
xw,3.03,F41,F41A,1.03571429848671
yy,5.07,G11,G11B,1.03571430593729
zq,2.07,F28,F28D,1.035714317113161
km,1.06,C22,C22B,1.03596493601799
dw,1.04,G01,G01D,1.036400591954589
po,1.01,H01,H01Q,1.036414867732674
qg,2.05,B25,B25J,1.036431630607694
qf,9,G10,G10L,1.036574087105691
jm,5.04,B05,B05D,1.037037037312984
cu,1.06,C13,C13K,1.037037037312984
ro,1.07,B67,B67B,1.037037037312984
rz,3.03,C12,C12M,1.037037037312984
ze,1.06,G07,G07C,1.037037037312984
uq,5.07,B24,B24B,1.037037037312984
ui,1.03,B02,B02C,1.037037037312984
ig,2.06,B21,B21C,1.037037052214146
yq,5.07,G08,G08C,1.037037067115307
ay,3.01,B01,B01F,1.03730480093509
ih,2.07,B65,B65D,1.037465007975698
et,1.02,B08,B08B,1.037539307959378
pe,5.02,B64,B64G,1.037698416039348
uq,5.07,A01,A01K,1.037742819869891
ne,3.03,G05,G05G,1.037878789007664
pw,2.06,A01,A01K,1.037969942088239
pt,3.03,C12,C12M,1.038307715207338
ja,1.05,A45,A45D,1.038461539894342
fy,3.02,B24,B24D,1.038461539894342
jb,5.07,A45,A45D,1.038461539894342
oe,5.06,C01,C01G,1.038461539894342
pw,2.06,H03,H03H,1.038461539894342
bf,5.04,C09,C09K,1.038461539894342
iy,1.06,H02,H02J,1.038518518209457
dt,2.03,G08,G08B,1.03863637521863
ix,2.07,H05,H05B,1.038888901472092
ep,1.02,A47,A47K,1.039215717464685
zr,1.05,A23,A23B,1.039384923875332
ui,1.03,B62,B62J,1.03999999910593
um,3.01,A23,A23D,1.040040347725153
ub,1.03,A24,A24D,1.040478819981217
rb,2.02,B24,B24B,1.040616278070956
bd,1.06,C12,C12Q,1.040900115389377
ah,4.01,B82,B82Y,1.040978260571137
nn,3.03,C08,C08F,1.041020213626325
pt,3.03,C08,C08G,1.04103426868096
ih,2.07,B03,B03B,1.041323279496282
dm,3.02,H01,H01B,1.04149421537295
ze,1.06,C08,C08K,1.041666667442769
hf,6.03,C08,C08J,1.04166666790843
bk,6.04,H04,H04Q,1.04166666790843
ee,1.04,F25,F25B,1.04166666790843
eq,3.01,C09,C09J,1.04166666790843
ze,1.06,G01,G01D,1.04166666790843
mq,6.01,H03,H03M,1.04166666790843
ml,9,A61,A61H,1.04166666790843
yy,5.07,B60,B60R,1.04166666790843
ni,3.01,G01,G01D,1.04166666790843
nm,5.02,A61,A61N,1.04166666790843
pw,2.06,H02,H02P,1.04166666790843
zk,9,G05,G05D,1.04166666790843
ah,4.01,G01,G01G,1.04166666790843
sa,3.03,C07,C07G,1.04166666790843
dw,1.04,G08,G08C,1.04166666790843
tu,3.01,F23,F23N,1.04166666790843
ih,2.07,A23,A23G,1.04166667163372
dr,1.06,B26,B26D,1.04166667163372
or,5.09,H01,H01J,1.04166667163372
ea,1.04,F23,F23N,1.04166667163372
ew,1.02,B66,B66C,1.04166667163372
ha,5.03,C11,C11D,1.04166667163372
ix,2.07,F16,F16F,1.04166667163372
ub,1.03,B61,B61C,1.04166667163372
my,5.01,C09,C09D,1.04166667163372
pk,2.05,D06,D06M,1.041666673496366
aq,3.02,G02,G02B,1.041666679084301
gy,5.02,H02,H02H,1.041666686534882
hf,6.03,B05,B05B,1.041666686534882
es,2.02,B66,B66B,1.041666686534882
kv,1.05,H01,H01M,1.041666686534882
oa,2.11,B23,B23D,1.041666690260172
hl,3.03,G01,G01J,1.041811848059297
iy,1.06,C12,C12M,1.041830066591501
qh,2.05,B01,B01L,1.04197564907372
wh,3.02,G16,G16H,1.042736097238958
sy,1.03,B65,B65G,1.042803031392395
js,6.04,G06,G06N,1.042857151478529
ut,6.02,G07,G07C,1.0428571626544
eu,2.02,G02,G02F,1.042989418376237
bq,6.05,B01,B01L,1.043055556714535
ot,6.02,C09,C09C,1.043055582791567
zr,1.05,C09,C09B,1.043218955397606
po,1.01,G07,G07F,1.043270853348076
hl,3.03,A63,A63B,1.043478261679411
dk,5.02,G07,G07D,1.043478261679411
bk,6.04,H01,H01H,1.043478261679411
gc,1.05,B08,B08B,1.043478261679411
fy,3.02,F41,F41A,1.043478261679411
pz,2.05,B81,B81B,1.043701443821192
id,2.07,C06,C06D,1.04388889670372
dq,9,G01,G01H,1.043956063687801
qe,2.09,C01,C01F,1.043973085470498
ih,2.07,F23,F23D,1.044337626546621
ih,2.07,B25,B25J,1.044444460421801
ix,2.07,G06,G06K,1.044462490826845
im,2.01,H01,H01P,1.044646465219557
rb,2.02,C12,C12Q,1.045106882229447
hf,6.03,A61,A61M,1.045213019475341
db,2.08,C05,C05B,1.045228164643049
vy,3.02,B29,B29B,1.045238110236824
yp,3.02,H03,H03K,1.045386917889118
ro,1.07,B28,B28D,1.045433364808559
vy,3.02,E02,E02D,1.045454546809196
le,1.05,A45,A45F,1.045454546809196
li,3.02,H04,H04R,1.045454546809196
dk,5.02,H01,H01G,1.045454546809196
oy,9,F24,F24S,1.045454546809196
tm,3.01,G11,G11B,1.045454546809196
xe,4.01,D06,D06M,1.045454546809196
qc,6.02,H01,H01F,1.045454546809196
oz,6.02,B21,B21C,1.045454546809196
pj,2.05,C07,C07B,1.045454546809196
pa,6.02,F24,F24S,1.045454546809196
nu,5.08,C05,C05C,1.045454546809196
qa,3.01,B41,B41J,1.045454546809196
ia,3.02,D21,D21H,1.045454546809196
wu,5.04,A41,A41D,1.045454546809196
oa,2.11,F16,F16N,1.045454546809196
pw,2.06,G05,G05D,1.045591788366437
ur,1.01,A61,A61Q,1.045833338052034
er,1.02,E21,E21C,1.045833341777325
vx,5.01,C12,C12Q,1.045930852065794
dq,9,G01,G01K,1.045984849799424
qj,2.05,A63,A63F,1.046031776815653
qu,1.06,D01,D01D,1.046296296641231
dw,1.04,C09,C09F,1.046296309679747
dy,1.04,B21,B21F,1.046875000465661
pt,3.03,C07,C07C,1.046980678103864
aa,1.03,H05,H05K,1.046990516828373
ns,2.01,G07,G07C,1.047115389257669
dr,1.06,C12,C12H,1.047156996210106
ni,3.01,B32,B32B,1.047341291792691
vy,3.02,H04,H04J,1.047584541141987
vi,5.01,E04,E04B,1.047619048506022
nq,5.01,C21,C21D,1.047619048506022
js,6.04,G08,G08C,1.047619048506022
ja,1.05,D04,D04B,1.047619048506022
ne,3.03,H03,H03J,1.047619048506022
bq,6.05,E21,E21F,1.047619048506022
om,5.05,G08,G08C,1.047619048506022
wu,5.04,B66,B66C,1.047619048506022
dy,1.04,H01,H01K,1.047777786850929
fy,3.02,A47,A47G,1.048387095332146
dm,3.02,F25,F25D,1.048387095332146
ta,1.06,A01,A01K,1.048400674015284
jy,4.05,A41,A41D,1.048611112404615
ni,3.01,G09,G09B,1.048669738927856
jy,4.05,B29,B29B,1.048850574530661
ox,6.02,C10,C10L,1.048869510181248
oo,3.03,G01,G01N,1.049182659015059
vi,5.01,A01,A01N,1.049327412620187
un,1.03,H01,H01Q,1.049420410068706
su,3.02,B25,B25J,1.049571603536606
ah,4.01,G06,G06N,1.049603193998337
ru,3.01,A23,A23C,1.049944495316595
cu,1.06,C05,C05B,1.050000000745058
et,1.02,C12,C12C,1.050000000745058
nu,5.08,C12,C12C,1.050000000745058
ex,1.02,E02,E02B,1.050000000745058
wu,5.04,G21,G21F,1.050000000745058
mu,4.01,A61,A61M,1.050000000745058
ku,5.07,G01,G01J,1.050000000745058
ig,2.06,H02,H02G,1.050000000745058
bp,6.04,B24,B24B,1.050000000745058
fs,6.04,G09,G09B,1.050000000745058
aq,3.02,C02,C02F,1.050000000745058
ua,6.03,B41,B41M,1.050000000745058
ox,6.02,A23,A23L,1.050000000745058
dr,1.06,F42,F42B,1.050000000745058
za,3.02,G02,G02C,1.050000000745058
we,3.02,E05,E05B,1.050000000745058
ne,3.03,F41,F41B,1.050000000745058
xa,5.04,A47,A47C,1.050000000745058
if,2.11,B61,B61F,1.050000000745058
ye,2.02,C10,C10M,1.050000000745058
dw,1.04,B24,B24B,1.050000015646219
ik,2.11,H05,H05H,1.050000015646219
ve,3.02,B65,B65H,1.050000015646219
ev,1.02,A63,A63C,1.050000015646219
qg,2.05,F01,F01L,1.05000001937151
hi,5.01,C08,C08L,1.05000003054738
io,2.07,A61,A61B,1.050099210813642
ja,1.05,G10,G10L,1.050160149112344
om,5.05,G06,G06N,1.050407942384481
uf,1.03,H02,H02H,1.050505056977272
we,3.02,H01,H01P,1.051282051950693
cn,5.01,G02,G02B,1.051337933866307
ad,4.02,C08,C08F,1.051666667684913
bq,6.05,C12,C12R,1.051811603829265
db,2.08,F23,F23G,1.052020236849785
ui,1.03,A01,A01C,1.052083334885538
iy,1.06,C05,C05F,1.052373181562871
mq,6.01,G02,G02B,1.052399698644876
ry,2.03,A01,A01K,1.05241677374579
ia,3.02,A01,A01H,1.052536983974278
si,1.05,G01,G01G,1.052631579339504
js,6.04,F24,F24F,1.052631579339504
li,3.02,C09,C09D,1.052631579339504
dx,3.01,G07,G07F,1.052777785807848
ii,2.04,E04,E04H,1.052777793258429
zk,9,C07,C07C,1.053595592267811
ry,2.03,D21,D21G,1.05376343941316
py,3.02,F16,F16P,1.05405405536294
sd,3.02,A01,A01H,1.054098361171782
ad,4.02,B82,B82Y,1.054131622426212
rb,2.02,F03,F03D,1.05416669882834
oa,2.11,B02,B02C,1.054232805967331
ai,2.03,B65,B65B,1.054444445297122
er,1.02,A63,A63H,1.054468876682222
dk,5.02,C23,C23C,1.054482758045197
zk,9,C12,C12N,1.054537572141271
ub,1.03,A01,A01M,1.054700868204236
tu,3.01,G03,G03H,1.054761916399002
qj,2.05,B05,B05B,1.055154914967716
uq,5.07,B01,B01D,1.055180185474455
oz,6.02,A61,A61C,1.055555555969477
mm,6.01,H03,H03J,1.055555555969477
zc,4.03,B05,B05D,1.055555555969477
eu,2.02,A24,A24B,1.055555555969477
vj,5.01,H01,H01H,1.055555555969477
ry,2.03,H04,H04R,1.055555555969477
ha,5.03,E01,E01C,1.055555555969477
ma,3.02,G09,G09F,1.055555555969477
ze,1.06,G03,G03F,1.055555555969477
js,6.04,G09,G09F,1.055555555969477
wc,3.03,A45,A45D,1.055555555969477
ew,1.02,B09,B09C,1.055555555969477
mq,6.01,H01,H01B,1.055555555969477
pw,2.06,B02,B02C,1.055555555969477
zm,1.06,A47,A47J,1.055555555969477
td,3.02,G11,G11C,1.055555555969477
fa,2.01,H01,H01Q,1.055555555969477
le,1.05,E21,E21C,1.055555555969477
rz,3.03,F02,F02B,1.055555555969477
bp,6.04,C01,C01F,1.055555555969477
im,2.01,F21,F21S,1.055555555969477
dm,3.02,B63,B63C,1.055555555969477
wu,5.04,D01,D01D,1.055555555969477
ra,2.11,G05,G05B,1.055555563420057
ec,1.04,A01,A01H,1.055555567145348
dk,5.02,B64,B64C,1.055555567145348
fy,3.02,G06,G06N,1.055555570870638
pm,2.05,F01,F01M,1.055555570870638
hq,1.04,A61,A61C,1.055555576458573
iq,2.02,E01,E01B,1.055555582046509
ry,2.03,D04,D04H,1.055555582046509
bu,1.03,H01,H01F,1.055734768509865
dy,1.04,F15,F15C,1.055950313806534
vx,5.01,C07,C07F,1.056265619583428
qq,1.05,H02,H02K,1.056666675955057
pu,2.03,E01,E01C,1.056666679680347
ip,2.07,C07,C07K,1.057020956184715
uy,1.04,F25,F25J,1.057142857462168
bi,6.01,H03,H03M,1.057142870500684
ni,3.01,H01,H01S,1.057164312340319
zd,9,H04,H04R,1.057186808437109
gc,1.05,G01,G01D,1.05718956515193
dk,5.02,H03,H03M,1.057383331470191
lq,3.03,C08,C08L,1.057407431304455
cu,1.06,H02,H02J,1.057692339643836
cu,1.06,F21,F21V,1.058199644088745
ei,1.04,G10,G10H,1.058333335444331
es,2.02,C21,C21D,1.058333337306976
py,3.02,G08,G08G,1.058333337306976
ue,2.11,C25,C25D,1.058333344757557
rt,3.02,F21,F21V,1.058333355933428
yr,2.01,D21,D21H,1.058333363384008
rz,3.03,C11,C11B,1.058418373111635
hf,6.03,G06,G06N,1.058578452095389
fy,3.02,G08,G08B,1.0586904771626
qc,6.02,G07,G07B,1.058823529630899
ga,3.02,B65,B65D,1.058823529630899
om,5.05,B22,B22F,1.058823529630899
eu,2.02,B22,B22F,1.058823529630899
dm,3.02,C12,C12C,1.058823529630899
ra,2.11,H02,H02M,1.058879114687443
nn,3.03,A61,A61J,1.059188038110733
qa,3.01,G01,G01T,1.059237811714411
ui,1.03,H02,H02S,1.05929490365088
pz,2.05,A24,A24F,1.059340693056583
ma,3.02,A23,A23B,1.059523810632527
dw,1.04,B30,B30B,1.059523828327656
qa,3.01,B05,B05D,1.059645753819495
ih,2.07,H01,H01B,1.059651931747794
mr,6.01,H05,H05B,1.059740282595158
uh,1.03,H03,H03B,1.059768915176392
oi,3.02,C07,C07J,1.060023214668036
js,6.04,B05,B05B,1.060035841539502
gu,1.06,H02,H02J,1.060185190290213
ja,1.05,B64,B64D,1.060185190290213
km,1.06,B22,B22F,1.060383820906281
ha,5.03,B82,B82Y,1.060413203202188
ds,3.02,C07,C07F,1.060556419659406
dm,3.02,B03,B03C,1.060565110761672
pq,1.01,H03,H03L,1.060606077313423
td,3.02,B01,B01D,1.060666102450341
om,5.05,C07,C07H,1.060730346012861
pn,1.01,C10,C10L,1.060799814295024
sy,1.03,B22,B22C,1.060846591368318
pn,1.01,G07,G07B,1.061111114919186
un,1.03,G01,G01L,1.061204296536744
pt,3.03,H05,H05K,1.061206898652017
tq,3.02,A21,A21D,1.061734345275909
ik,2.11,B60,B60Q,1.061752944486216
aa,1.03,C10,C10M,1.061904763802886
oa,2.11,B28,B28B,1.061904774978757
qj,2.05,D21,D21B,1.061934833880514
pt,3.03,G08,G08C,1.062214612960815
mr,6.01,A61,A61K,1.062274420168251
qq,1.05,A47,A47C,1.0625
aq,3.02,G10,G10D,1.0625
pq,1.01,A47,A47F,1.0625
dk,5.02,C12,C12R,1.0625
ot,6.02,G01,G01M,1.0625
gc,1.05,B60,B60R,1.0625
mm,6.01,A01,A01C,1.0625
wm,5.04,B23,B23P,1.0625
xy,1.01,B23,B23K,1.0625
ff,3.02,A43,A43B,1.0625
ru,3.01,G04,G04B,1.0625
bk,6.04,B09,B09B,1.0625
ma,3.02,G03,G03B,1.0625
ih,2.07,F16,F16J,1.0625
ue,2.11,B26,B26F,1.0625
ja,1.05,B65,B65F,1.0625
kv,1.05,G09,G09G,1.0625
qq,1.05,B06,B06B,1.0625
di,5.02,C12,C12M,1.0625
re,1.05,H01,H01H,1.0625
gy,5.02,F21,F21K,1.0625
ex,1.02,B21,B21D,1.0625
ui,1.03,B62,B62K,1.0625
za,3.02,H02,H02P,1.0625
jy,4.05,B64,B64C,1.0625
ub,1.03,B63,B63C,1.0625
ou,1.06,C08,C08L,1.062500007450581
oo,3.03,E21,E21B,1.062500007450581
zr,1.05,C13,C13B,1.062500011175871
ai,2.03,C02,C02F,1.062500014901161
un,1.03,C07,C07F,1.062986036296934
iu,2.03,H03,H03G,1.063060242682695
ij,2.11,C10,C10C,1.063311690464616
wv,3.03,H04,H04R,1.063492065295577
hy,1.06,B82,B82Y,1.063610563986003
en,9,A61,A61B,1.063809523358941
ra,2.11,B29,B29D,1.063973065465689
ad,4.02,A61,A61N,1.064044306054711
if,2.11,A23,A23G,1.064285716041923
xa,5.04,A61,A61J,1.064646464772522
ei,1.04,C12,C12Y,1.064778310945258
ai,2.03,A61,A61Q,1.064814815297723
po,1.01,G10,G10L,1.064883517101407
oi,3.02,H04,H04N,1.06496598944068
nu,5.08,G07,G07G,1.065079387277365
mc,1.06,G01,G01P,1.065231997519732
qg,2.05,B06,B06B,1.065277783200145
dy,1.04,H01,H01P,1.065359477885067
le,1.05,F27,F27B,1.065384616144001
ij,2.11,H02,H02S,1.065435873344541
ee,1.04,F01,F01N,1.065476193092763
ev,1.02,C21,C21D,1.065476203337312
ij,2.11,G02,G02F,1.065476220101118
zm,1.06,G09,G09B,1.06573702627793
hq,1.04,C11,C11C,1.065919213928282
vj,5.01,G05,G05D,1.066084227990359
op,3.03,G16,G16H,1.066112810047343
le,1.05,A23,A23J,1.066137567162514
ue,2.11,H01,H01T,1.066137567162514
wm,5.04,A61,A61C,1.066287880763412
fi,1.04,G01,G01L,1.066365974023938
ou,1.06,A23,A23K,1.066469668177888
im,2.01,H01,H01B,1.066642314195633
nu,5.08,G01,G01G,1.066666668280959
iq,2.02,B25,B25H,1.066666670143604
ik,2.11,B27,B27B,1.066666670143604
vy,3.02,G12,G12B,1.066666670143604
oz,6.02,C21,C21D,1.066666670143604
qj,2.05,A24,A24B,1.066666670143604
fs,6.04,A23,A23D,1.066666670143604
ff,3.02,C09,C09B,1.066666670143604
hb,5.03,B23,B23P,1.066666670143604
bf,5.04,G11,G11C,1.066666670143604
om,5.05,F16,F16K,1.066666670143604
bq,6.05,C21,C21D,1.066666670143604
qf,9,F01,F01L,1.066666670143604
ai,2.03,F02,F02N,1.066666670143604
ve,3.02,F16,F16F,1.066666670143604
sd,3.02,B41,B41J,1.066666670143604
ku,5.07,H02,H02K,1.066666670143604
eq,3.01,F41,F41H,1.066666670143604
ki,3.02,G08,G08G,1.066666670143604
qh,2.05,F01,F01L,1.066666670143604
mm,6.01,A62,A62C,1.066666670143604
qq,1.05,B65,B65D,1.066666670143604
ku,5.07,H01,H01G,1.066666670143604
pw,2.06,D06,D06P,1.066666670143604
nn,3.03,H03,H03M,1.066666670143604
bp,6.04,B05,B05B,1.066666677594185
cq,1.06,F17,F17D,1.066666677594185
fi,1.04,G02,G02C,1.066666677594185
uy,1.04,D21,D21J,1.066666677594185
dt,2.03,H02,H02P,1.06666667945683
wc,3.03,C08,C08K,1.066666685044765
ht,1.06,G05,G05B,1.066666685044765
qf,9,F16,F16F,1.066774904727936
pz,2.05,F25,F25D,1.066964287310839
gy,5.02,G08,G08C,1.067099578678608
mc,1.06,G01,G01D,1.067819160409272
po,1.01,C12,C12N,1.067947492352687
ur,1.01,F02,F02M,1.067972350865602
ew,1.02,C09,C09B,1.068000659346581
qa,3.01,G08,G08B,1.068000800441951
ee,1.04,H01,H01F,1.068299244856462
ze,1.06,H04,H04B,1.069047622382641
ac,2.02,C04,C04B,1.069047633558512
hb,5.03,B82,B82Y,1.069049741607159
rt,3.02,D04,D04C,1.069444444961846
gy,5.02,G01,G01M,1.069444447755814
im,2.01,F02,F02M,1.069444458931684
um,3.01,G01,G01W,1.06944446079433
dq,9,H04,H04S,1.069638696499169
ik,2.11,A61,A61H,1.069907217752188
ev,1.02,G04,G04G,1.070039689540863
vi,5.01,B60,B60Q,1.070289858616889
xa,5.04,C12,C12Q,1.070305832661688
pi,1.06,B09,B09B,1.070370383560658
ex,1.02,B08,B08B,1.070530099794269
jb,5.07,A01,A01K,1.070891620591283
qg,2.05,B64,B64G,1.071066275704652
ii,2.04,B02,B02B,1.071180555969477
dt,2.03,C08,C08B,1.071348070167005
ga,3.02,B09,B09C,1.071428574621677
nu,5.08,C25,C25F,1.071428574621677
ot,6.02,B29,B29D,1.071428574621677
ja,1.05,A47,A47B,1.071428574621677
ot,6.02,A23,A23L,1.071428574621677
cq,1.06,B26,B26B,1.071428574621677
zm,1.06,C22,C22B,1.071428574621677
mq,6.01,G01,G01S,1.071428574621677
zc,4.03,G07,G07D,1.071428574621677
uu,5.06,C23,C23F,1.071428574621677
gc,1.05,F16,F16J,1.071428574621677
le,1.05,H02,H02K,1.071428574621677
pg,6.02,H04,H04Q,1.071428574621677
ep,1.02,C22,C22B,1.071428574621677
di,5.02,A23,A23D,1.071428574621677
tq,3.02,G01,G01F,1.071428574621677
oy,9,B29,B29D,1.071428574621677
qj,2.05,H02,H02M,1.071428574621677
mm,6.01,F16,F16D,1.071428574621677
rp,6.04,C12,C12Y,1.071428574621677
vm,5.06,C23,C23F,1.071428574621677
qk,6.01,G07,G07G,1.071428574621677
su,3.02,G01,G01P,1.071428574621677
xa,5.04,C22,C22C,1.071428574621677
uy,1.04,B26,B26F,1.071428578346968
bi,6.01,G07,G07F,1.071428582072258
ml,9,A01,A01H,1.07142861187458
jm,5.04,C08,C08G,1.071515152230859
rb,2.02,B08,B08B,1.071576796472073
xe,4.01,C10,C10B,1.071672772988677
ur,1.01,H02,H02N,1.071969701908529
ya,3.02,C12,C12R,1.07205456122756
ds,3.02,G01,G01T,1.072150073945522
pt,3.03,H03,H03K,1.072860525920987
ew,1.02,C01,C01G,1.07291666790843
rt,3.02,A23,A23F,1.072922518011183
bq,6.05,A23,A23D,1.073322276584804
yi,6.03,A23,A23L,1.073333334177732
uf,1.03,C25,C25B,1.073683974333107
ni,3.01,F02,F02D,1.073891641106457
le,1.05,F02,F02M,1.074074074625969
ij,2.11,B66,B66C,1.07422940293327
ry,2.03,B23,B23H,1.074404762126505
km,1.06,G01,G01K,1.074552970472723
re,1.05,A61,A61Q,1.074873741716146
ji,5.01,B23,B23K,1.075000002980232
ip,2.07,G21,G21F,1.075000002980232
sr,2.07,A01,A01M,1.075000010430813
hb,5.03,B25,B25J,1.075000014156103
bu,1.03,H02,H02N,1.075077716261148
hb,5.03,G03,G03F,1.075176012935117
le,1.05,C01,C01G,1.075323992408812
co,1.06,H04,H04R,1.075367042794824
xw,3.03,G06,G06N,1.075674646766856
re,1.05,G06,G06K,1.075757578015327
xw,3.03,A23,A23G,1.07594700017944
uh,1.03,C01,C01D,1.076010113582015
ur,1.01,H02,H02J,1.076013513840735
ih,2.07,F27,F27B,1.076111115515232
uh,1.03,G02,G02C,1.076123410370201
ct,9,D01,D01D,1.076312305871397
hb,5.03,G05,G05F,1.07631579041481
pk,2.05,F03,F03G,1.076330535579473
ba,3.02,A01,A01H,1.076388888992369
ur,1.01,G10,G10K,1.076773365959525
ei,1.04,C12,C12C,1.076831521466374
mq,6.01,A01,A01G,1.076923079788685
zc,4.03,H04,H04J,1.076923079788685
bq,6.05,C12,C12C,1.076923079788685
gm,3.03,H02,H02J,1.076923079788685
eo,6.02,G01,G01R,1.076923079788685
pk,2.05,G21,G21B,1.076923079788685
ai,2.03,B60,B60C,1.076923079788685
ju,4.01,G01,G01V,1.076923079788685
nn,3.03,A47,A47C,1.076923079788685
ha,5.03,G07,G07D,1.076923079788685
dk,5.02,G16,G16H,1.076923079788685
fs,6.04,A01,A01H,1.076923079788685
uk,1.03,F02,F02C,1.077380955219269
wh,3.02,C12,C12P,1.077604680787772
tc,3.02,C08,C08K,1.077696094289422
lj,3.02,A61,A61Q,1.077756159007549
mm,6.01,D01,D01F,1.077777781523764
vy,3.02,B81,B81C,1.078136634081602
oy,9,H04,H04S,1.078186275903136
dm,3.02,C10,C10G,1.078294577077031
qg,2.05,D01,D01D,1.078376235673204
gc,1.05,B22,B22D,1.078947369009256
po,1.01,A47,A47L,1.079166673123837
vi,5.01,B42,B42D,1.079545456916094
mq,6.01,C12,C12P,1.079642076743767
bd,1.06,G06,G06T,1.079761918634176
mr,6.01,B01,B01J,1.080043859779835
oy,9,G01,G01P,1.080128207802773
id,2.07,B81,B81C,1.080162812024355
ik,2.11,A23,A23G,1.080447353422642
ik,2.11,A61,A61J,1.080555588938296
im,2.01,B82,B82Y,1.08057033829391
rb,2.02,B22,B22D,1.080952398478985
qe,2.09,G05,G05B,1.081196581479162
qu,1.06,H05,H05B,1.081250010058284
ve,3.02,B41,B41J,1.081349212676287
dw,1.04,B03,B03D,1.081367550417781
we,3.02,C08,C08B,1.081424733623862
tc,3.02,H01,H01M,1.081481494009495
hq,1.04,H04,H04R,1.081641723401845
wu,5.04,B25,B25J,1.081649862229824
tm,3.01,G11,G11C,1.0816764626652
ac,2.02,C09,C09J,1.08187404088676
ep,1.02,G06,G06E,1.082046878989786
ee,1.04,B64,B64G,1.08229814004153
er,1.02,B23,B23K,1.082322197034955
im,2.01,F01,F01N,1.082539713010192
nn,3.03,A61,A61H,1.082591989543289
sy,1.03,C10,C10G,1.083068806678057
ik,2.11,B64,B64D,1.083333333954215
su,3.02,C12,C12G,1.08333333581686
ox,6.02,G09,G09B,1.08333333581686
ac,2.02,F23,F23G,1.08333333581686
hf,6.03,C09,C09D,1.08333333581686
hb,5.03,H03,H03M,1.08333333581686
js,6.04,D06,D06M,1.08333333581686
ae,4.05,F24,F24F,1.08333333581686
dy,1.04,H02,H02G,1.08333333581686
uy,1.04,G08,G08G,1.08333333581686
er,1.02,A01,A01H,1.08333333581686
bu,1.03,B24,B24C,1.08333333581686
dt,2.03,B60,B60L,1.08333333581686
bp,6.04,E04,E04B,1.08333333581686
ew,1.02,A46,A46B,1.08333333581686
ex,1.02,E03,E03B,1.08333333581686
eu,2.02,A63,A63H,1.08333333581686
nu,5.08,C08,C08H,1.08333333581686
si,1.05,H03,H03H,1.08333333581686
za,3.02,C01,C01B,1.08333333581686
oi,3.02,H04,H04B,1.08333333581686
nn,3.03,H01,H01F,1.08333333581686
oy,9,B01,B01F,1.08333333581686
xy,1.01,C23,C23C,1.08333333581686
qj,2.05,A47,A47K,1.08333333581686
jb,5.07,A47,A47L,1.08333333581686
iu,2.03,A45,A45C,1.08333333581686
pk,2.05,B05,B05C,1.08333333581686
vj,5.01,B41,B41M,1.08333333581686
ev,1.02,F16,F16M,1.08333333581686
yy,5.07,B01,B01D,1.08333333581686
oy,9,C01,C01F,1.08333333581686
rq,1.06,C14,C14C,1.08333333581686
ye,2.02,F23,F23N,1.08333333581686
ua,6.03,F28,F28D,1.08333333581686
uq,5.07,B32,B32B,1.08333333581686
iu,2.03,C01,C01D,1.08333333581686
ae,4.05,A47,A47F,1.08333333581686
oy,9,G01,G01G,1.08333333581686
jy,4.05,C10,C10K,1.08333333581686
pn,1.01,E01,E01C,1.08333333581686
io,2.07,C07,C07C,1.08333333581686
pu,2.03,C06,C06D,1.08333333581686
dy,1.04,F41,F41G,1.08333333581686
yr,2.01,F23,F23R,1.08333333581686
py,3.02,B21,B21B,1.08333333581686
ut,6.02,B60,B60R,1.08333333581686
ot,6.02,F16,F16C,1.08333333581686
xa,5.04,C22,C22F,1.08333333581686
ve,3.02,H04,H04S,1.08333333581686
dq,9,F02,F02K,1.08333333581686
tu,3.01,A63,A63H,1.08333333581686
dw,1.04,H04,H04Q,1.08333333581686
tu,3.01,H02,H02N,1.08333333581686
si,1.05,H04,H04K,1.08333333581686
qa,3.01,F04,F04B,1.08333333581686
ay,3.01,A61,A61J,1.08333333581686
fi,1.04,G21,G21F,1.08333333954215
ep,1.02,F16,F16L,1.08333333954215
ip,2.07,F26,F26B,1.083333343267441
ec,1.04,B22,B22D,1.083333343267441
yy,5.07,G11,G11C,1.083333343267441
gy,5.02,A47,A47C,1.083333343267441
cu,1.06,E05,E05B,1.083333343267441
vi,5.01,B23,B23Q,1.083333343267441
uq,5.07,H01,H01S,1.083333343267441
et,1.02,B62,B62B,1.083333343267441
hq,1.04,E02,E02F,1.083333343267441
de,1.06,B24,B24B,1.083333343267441
zk,9,H04,H04H,1.083333343267441
eq,3.01,F02,F02B,1.083333343267441
su,3.02,C01,C01B,1.083333343267441
ot,6.02,A01,A01G,1.083333343267441
oa,2.11,B60,B60M,1.083333343267441
uu,5.06,A01,A01D,1.083333343267441
lj,3.02,H03,H03G,1.083333343267441
ye,2.02,F17,F17C,1.083333343267441
pm,2.05,G07,G07B,1.083333343267441
jo,5.04,G03,G03F,1.083333343267441
hi,5.01,H01,H01Q,1.083333343267441
ht,1.06,B23,B23K,1.083333343267441
bp,6.04,G02,G02C,1.083333343267441
oy,9,A01,A01G,1.083333343267441
ot,6.02,B66,B66F,1.083333343267441
qu,1.06,B23,B23K,1.083333343267441
dt,2.03,F15,F15B,1.083333343267441
pu,2.03,C01,C01C,1.083333343267441
zm,1.06,H01,H01C,1.083333343267441
ja,1.05,B60,B60Q,1.083333343267441
cq,1.06,E01,E01H,1.083333343267441
ry,2.03,H01,H01T,1.083333343267441
fa,2.01,B23,B23Q,1.083333343267441
tm,3.01,H01,H01R,1.083333343267441
et,1.02,F24,F24H,1.083333343267441
nu,5.08,D21,D21F,1.083333343267441
rq,1.06,G06,G06T,1.083333343267441
ma,3.02,B41,B41F,1.083333343267441
vy,3.02,F16,F16J,1.083333343267441
fe,5.05,C04,C04B,1.083333343267441
tu,3.01,G08,G08C,1.083333343267441
oy,9,B22,B22F,1.083333343267441
km,1.06,B60,B60K,1.083333343267441
rb,2.02,B65,B65B,1.083333343267441
iq,2.02,B60,B60P,1.083333343267441
pa,6.02,B03,B03C,1.083333343267441
nu,5.08,H02,H02B,1.083333343267441
qf,9,F27,F27D,1.083333343267441
pn,1.01,F02,F02B,1.083333343267441
oz,6.02,C05,C05F,1.083333343267441
ql,9,G01,G01R,1.083333343267441
pc,5.02,F04,F04D,1.083333343267441
yg,6.04,G03,G03F,1.083333343267441
dx,3.01,F21,F21L,1.083333343267441
oy,9,B66,B66F,1.083333343267441
qj,2.05,C05,C05D,1.083333343267441
ig,2.06,D02,D02G,1.083333343267441
dq,9,B60,B60T,1.083333343267441
ne,3.03,B09,B09B,1.083333343267441
ev,1.02,B25,B25B,1.083333343267441
ep,1.02,F21,F21S,1.083333343267441
le,1.05,B64,B64C,1.083333343267441
co,1.06,B60,B60C,1.083333343267441
rt,3.02,B66,B66F,1.083333343267441
oy,9,F21,F21K,1.083333343267441
qg,2.05,D21,D21C,1.083333343267441
oe,5.06,F16,F16L,1.083333343267441
cq,1.06,F24,F24C,1.083333343267441
ii,2.04,B27,B27M,1.083333350718021
tu,3.01,A62,A62B,1.083333350718021
fa,2.01,F28,F28F,1.083333350718021
zr,1.05,G01,G01H,1.083333350718021
uq,5.07,G11,G11B,1.083333350718021
ot,6.02,A01,A01H,1.083333350718021
wc,3.03,A61,A61C,1.083333354443312
ye,2.02,E04,E04C,1.083333358168602
af,4.05,B65,B65D,1.083333358168602
zq,2.07,F42,F42B,1.083333358168602
dy,1.04,G08,G08C,1.083333358168602
xy,1.01,F23,F23N,1.083333365619183
sd,3.02,C09,C09B,1.083776595070958
qe,2.09,G01,G01T,1.083937205374241
ex,1.02,A61,A61J,1.083947798702866
db,2.08,F02,F02M,1.084490741603076
wc,3.03,H03,H03H,1.084731763228774
ih,2.07,C13,C13K,1.085043779574335
bi,6.01,C12,C12Q,1.086003011558205
cu,1.06,C25,C25D,1.086588769685477
ze,1.06,Y02,Y02A,1.086610492318869
ns,2.01,F24,F24F,1.086805563420057
uk,1.03,F27,F27D,1.086904777213931
vj,5.01,H02,H02M,1.087121214717627
sy,1.03,A47,A47G,1.087179497117177
vm,5.06,C07,C07K,1.087198326829821
wh,3.02,C12,C12M,1.087222225964069
ac,2.02,G21,G21C,1.087222232017666
di,5.02,F16,F16K,1.08730161190033
jb,5.07,G02,G02B,1.087345693260431
et,1.02,H05,H05H,1.087500004097819
tm,3.01,F25,F25B,1.087557606399059
su,3.02,B05,B05D,1.087820517830551
po,1.01,H01,H01M,1.087976607494056
ff,3.02,C07,C07H,1.088098831474781
ye,2.02,G21,G21K,1.088171857409179
ro,1.07,C09,C09G,1.088235294446349
di,5.02,H03,H03M,1.088349213358015
ou,1.06,B09,B09C,1.088668256998062
ii,2.04,F01,F01M,1.088888891041279
pu,2.03,F41,F41A,1.088888920843601
pf,6.02,C07,C07C,1.088932808488607
up,1.03,G01,G01S,1.089171251282096
xe,4.01,C10,C10L,1.089183856267482
ig,2.06,H03,H03D,1.089186532888561
pu,2.03,B29,B29D,1.089243494905531
pf,6.02,B01,B01J,1.089285718277097
yr,2.01,A47,A47G,1.089285746216774
sr,2.07,C07,C07D,1.08933337777853
we,3.02,B41,B41J,1.089393943548203
ah,4.01,H01,H01J,1.089683318510652
ee,1.04,B08,B08B,1.089743599761277
ju,4.01,G06,G06T,1.089743608608842
xa,5.04,B01,B01L,1.089912290684879
or,5.09,H01,H01Q,1.090073529630899
er,1.02,H03,H03G,1.090073574800044
az,3.02,B01,B01J,1.090909093618393
pn,1.01,F23,F23R,1.090909093618393
dr,1.06,C05,C05C,1.090909093618393
bk,6.04,H04,H04R,1.090909093618393
ku,5.07,C30,C30B,1.090909093618393
ut,6.02,C01,C01F,1.090909093618393
ee,1.04,G07,G07C,1.090909093618393
pa,6.02,B08,B08B,1.090909093618393
ue,2.11,B24,B24D,1.090909093618393
xa,5.04,G01,G01B,1.090909093618393
nu,5.08,D06,D06B,1.090909093618393
ua,6.03,B26,B26B,1.090909093618393
wh,3.02,H05,H05K,1.090909093618393
pn,1.01,G01,G01F,1.090909108519554
cu,1.06,A24,A24B,1.090958159649745
ui,1.03,B60,B60G,1.091097310185432
hq,1.04,C21,C21B,1.091269863769412
dq,9,F24,F24F,1.091269879601896
co,1.06,D06,D06M,1.091539886780083
oy,9,G10,G10H,1.091666672378778
ik,2.11,C09,C09G,1.091666679829359
qa,3.01,F16,F16L,1.091666679829359
ep,1.02,A63,A63D,1.091666683554649
pu,2.03,G07,G07C,1.091705523431301
ns,2.01,G21,G21H,1.092003393918276
dm,3.02,B04,B04B,1.092025939607993
im,2.01,H03,H03J,1.092352095991373
ei,1.04,F24,F24C,1.092424258589745
ep,1.02,B63,B63B,1.092490844428539
my,5.01,G03,G03F,1.092592593282461
ru,3.01,B07,B07C,1.092592595145106
dw,1.04,D06,D06F,1.092641252093017
gc,1.05,B42,B42D,1.092857152223587
dr,1.06,B09,B09C,1.09288674313575
ve,3.02,C12,C12P,1.09300374169834
oy,9,C09,C09C,1.093055583536625
uh,1.03,H04,H04R,1.093216324690729
pt,3.03,B60,B60R,1.093333335593343
gc,1.05,G01,G01P,1.093333346769214
cq,1.06,C01,C01F,1.093597395345569
ep,1.02,G10,G10G,1.093686884269118
oi,3.02,C11,C11D,1.09375
hb,5.03,H01,H01M,1.093770771287382
py,3.02,H01,H01G,1.09384813439101
oy,9,G08,G08G,1.094444448128343
ip,2.07,A61,A61Q,1.094444461166859
qf,9,H05,H05G,1.094444462098181
oo,3.03,A61,A61B,1.094680987531319
pu,2.03,C25,C25C,1.094909093808383
ru,3.01,B05,B05D,1.095101427286863
ne,3.03,B29,B29B,1.095238097012043
pe,5.02,G11,G11C,1.095238098874688
bq,6.05,F01,F01L,1.095238134264946
su,3.02,A01,A01H,1.095414325594902
bk,6.04,F28,F28F,1.095454547554255
ev,1.02,A23,A23L,1.095506393350661
dr,1.06,B60,B60W,1.095555555075407
ew,1.02,G03,G03C,1.095833343919367
pu,2.03,B06,B06B,1.095833361148834
pn,1.01,A47,A47L,1.095982717350125
pw,2.06,B41,B41M,1.095991563983262
dw,1.04,A24,A24D,1.096237304620445
yi,6.03,A61,A61N,1.096269047819078
qg,2.05,B26,B26D,1.096354166977108
dx,3.01,H04,H04H,1.096570672467351
km,1.06,A61,A61D,1.096663701348007
pz,2.05,G01,G01H,1.096666669473052
ev,1.02,B60,B60N,1.096666676923633
ur,1.01,F01,F01D,1.096969716250896
uu,5.06,H01,H01B,1.096982758492231
wh,3.02,C07,C07J,1.097063553985208
bi,6.01,H04,H04Q,1.097222223877907
ru,3.01,F03,F03G,1.097222223877907
dm,3.02,C11,C11B,1.097345723886974
jy,4.05,G10,G10L,1.097619050182402
fy,3.02,G05,G05B,1.097701154649258
zc,4.03,G03,G03F,1.097858030349016
ct,9,C08,C08G,1.098168923985213
ac,2.02,H05,H05H,1.098484858870506
fy,3.02,C09,C09K,1.098650236614048
tm,3.01,A23,A23L,1.09865928418003
dr,1.06,E03,E03B,1.098825654946268
ti,9,A61,A61B,1.098908599931747
db,2.08,C08,C08C,1.099027783144265
uk,1.03,G06,G06G,1.099130050977692
bm,5.07,A61,A61Q,1.099206358194351
yp,3.02,C10,C10G,1.099206358194351
pe,5.02,G10,G10L,1.099307049997151
es,2.02,B01,B01F,1.099313050042838
pc,5.02,H01,H01B,1.099462367594242
ru,3.01,F41,F41G,1.099537037312984
ih,2.07,F23,F23C,1.099537052214146
ia,3.02,H04,H04H,1.099726784974337
ma,3.02,B27,B27C,1.100000001490116
rb,2.02,A43,A43B,1.100000001490116
ew,1.02,C21,C21B,1.100000001490116
ki,3.02,F16,F16K,1.100000001490116
fa,2.01,C08,C08B,1.100000001490116
eq,3.01,B05,B05B,1.100000001490116
he,5.03,C11,C11D,1.100000001490116
tq,3.02,G03,G03B,1.100000001490116
we,3.02,B24,B24B,1.100000001490116
ku,5.07,B65,B65D,1.100000001490116
gy,5.02,F16,F16F,1.100000001490116
wu,5.04,A21,A21D,1.100000001490116
bf,5.04,G01,G01S,1.100000001490116
zc,4.03,B21,B21D,1.100000001490116
ot,6.02,G01,G01J,1.100000001490116
vm,5.06,C10,C10G,1.100000001490116
pw,2.06,G07,G07D,1.100000001490116
oz,6.02,B42,B42D,1.100000001490116
pt,3.03,G02,G02F,1.100000001490116
ec,1.04,F26,F26B,1.100000001490116
da,1.06,B62,B62M,1.100000001490116
ig,2.06,C08,C08C,1.100000001490116
yy,5.07,G06,G06N,1.100000001490116
ah,4.01,E02,E02F,1.100000001490116
ij,2.11,E03,E03C,1.100000001490116
gu,1.06,C11,C11C,1.100000001490116
gu,1.06,B64,B64G,1.100000001490116
eq,3.01,F41,F41A,1.100000001490116
vm,5.06,C07,C07C,1.100000001490116
uu,5.06,H04,H04S,1.100000001490116
nu,5.08,C25,C25C,1.100000001490116
ha,5.03,C07,C07J,1.100000001490116
qk,6.01,B01,B01D,1.100000001490116
ji,5.01,C08,C08L,1.100000001490116
rz,3.03,B24,B24D,1.100000001490116
eu,2.02,G01,G01L,1.100000001490116
jb,5.07,A23,A23K,1.100000001490116
qu,1.06,F01,F01D,1.100000001490116
hy,1.06,A63,A63B,1.100000001490116
ps,5.04,H05,H05K,1.100000001490116
iq,2.02,C05,C05F,1.100000001490116
km,1.06,A01,A01D,1.100000001490116
ba,3.02,G11,G11C,1.100000001490116
if,2.11,C07,C07B,1.100000001490116
mq,6.01,A61,A61Q,1.100000001490116
oy,9,C22,C22F,1.100000001490116
xw,3.03,B25,B25B,1.100000001490116
ua,6.03,F16,F16J,1.100000001490116
mm,6.01,C10,C10G,1.100000001490116
sy,1.03,G07,G07G,1.100000001490116
bp,6.04,C10,C10M,1.100000001490116
jm,5.04,G02,G02B,1.100000001490116
xa,5.04,H02,H02P,1.100000001490116
yo,3.01,E04,E04B,1.100000001490116
qh,2.05,G08,G08B,1.100000001490116
di,5.02,F25,F25B,1.100000001490116
wm,5.04,G01,G01P,1.100000001490116
uu,5.06,C05,C05G,1.100000001490116
hy,1.06,C09,C09D,1.100000005215406
eq,3.01,F16,F16K,1.100000008940697
pk,2.05,B03,B03C,1.100000008940697
bk,6.04,F04,F04D,1.100000008940697
vi,5.01,B25,B25B,1.100000008940697
ep,1.02,F26,F26B,1.100000010803342
vm,5.06,G02,G02B,1.100000016391277
dt,2.03,F23,F23B,1.100000031292439
hl,3.03,G09,G09G,1.100000031292439
iu,2.03,F23,F23B,1.100000031292439
td,3.02,B29,B29C,1.100257663056254
uu,5.06,B22,B22F,1.100282488390803
qf,9,B21,B21D,1.100340146105736
ia,3.02,C09,C09B,1.100399942137301
jm,5.04,C07,C07D,1.100474689155817
iq,2.02,B07,B07B,1.100653596222401
nn,3.03,G10,G10H,1.101190492510796
oz,6.02,B64,B64F,1.101190492510796
er,1.02,F41,F41G,1.101388895884156
cu,1.06,G01,G01D,1.101479215547442
zq,2.07,B05,B05D,1.101656684884802
uh,1.03,B03,B03C,1.101700646802783
ea,1.04,B62,B62D,1.101851861923933
ns,2.01,F15,F15C,1.102240209002048
gm,3.03,A61,A61M,1.10224533546716
hf,6.03,A63,A63F,1.102380972355604
gm,3.03,H04,H04B,1.102564105764031
wu,5.04,H01,H01F,1.102941179648042
oz,6.02,C12,C12Y,1.102941179648042
ix,2.07,F42,F42D,1.103174606338143
ya,3.02,H01,H01Q,1.103281827061437
io,2.07,G01,G01B,1.103333350270987
mq,6.01,G16,G16H,1.103418807033449
pk,2.05,F28,F28C,1.103448275476694
zq,2.07,G01,G01M,1.103741506114602
ns,2.01,H02,H02S,1.104102494893596
dy,1.04,H03,H03J,1.104166669771075
ei,1.04,E04,E04H,1.104166669771075
cq,1.06,B64,B64D,1.10416667163372
ik,2.11,B26,B26D,1.104166690260172
bu,1.03,A61,A61M,1.104340920224786
py,3.02,B05,B05D,1.104753535240889
ui,1.03,B24,B24D,1.10476191341877
yp,3.02,C23,C23C,1.104761924594641
xq,2.11,C40,C40B,1.104813305544667
tc,3.02,G01,G01K,1.104938272386789
ei,1.04,B27,B27K,1.104971505701542
hf,6.03,H04,H04B,1.105158751830459
ep,1.02,B65,B65F,1.105324074625969
ye,2.02,B65,B65B,1.10555556230247
cl,9,C12,C12Q,1.105595549102873
ds,3.02,A01,A01K,1.105843931320123
dr,1.06,F02,F02C,1.105902780545875
re,1.05,B05,B05D,1.106021763989702
lq,3.03,G11,G11C,1.106205347925425
pu,2.03,A62,A62D,1.106289309449494
gm,3.03,C07,C07H,1.106367844622582
up,1.03,H03,H03L,1.10694445669651
db,2.08,A61,A61G,1.107142860069871
ub,1.03,A45,A45D,1.107142874971032
tm,3.01,G10,G10L,1.107305212877691
ua,6.03,B05,B05B,1.107440494000912
pm,2.05,F17,F17D,1.107539711520076
im,2.01,G03,G03G,1.107575766742229
ad,4.02,C08,C08H,1.107678090687841
ra,2.11,D21,D21H,1.107707832474262
qj,2.05,F24,F24F,1.107843141071498
ec,1.04,G07,G07C,1.107954546809196
eo,6.02,B32,B32B,1.108187135308981
ya,3.02,C12,C12G,1.108333336189389
yo,3.01,G01,G01L,1.108333338052034
ya,3.02,F04,F04D,1.108528139069676
ec,1.04,B24,B24D,1.108629796653986
uh,1.03,H03,H03L,1.108856442384422
yp,3.02,C08,C08J,1.109095080057159
xw,3.03,A23,A23K,1.109484268352389
tu,3.01,C25,C25F,1.109803923871368
ih,2.07,C03,C03B,1.110130738466978
qj,2.05,B29,B29B,1.110144944861531
ra,2.11,C09,C09B,1.110204084776342
ub,1.03,G05,G05G,1.110389613546431
km,1.06,B65,B65G,1.110416668467224
sr,2.07,H01,H01F,1.110416675917804
le,1.05,B24,B24D,1.11053922586143
rt,3.02,G02,G02C,1.110608347225934
tq,3.02,H01,H01Q,1.110675394535065
tu,3.01,B81,B81B,1.110998012591153
bk,6.04,F02,F02K,1.111111111938953
eq,3.01,G08,G08G,1.111111111938953
ue,2.11,B60,B60G,1.111111111938953
mm,6.01,F26,F26B,1.111111111938953
om,5.05,C10,C10M,1.111111111938953
bk,6.04,G10,G10K,1.111111111938953
pu,2.03,A47,A47B,1.111111111938953
bu,1.03,C10,C10L,1.111111111938953
js,6.04,B65,B65B,1.111111111938953
ai,2.03,D01,D01D,1.111111111938953
ec,1.04,G08,G08B,1.111111111938953
ep,1.02,E05,E05B,1.111111111938953
lj,3.02,C23,C23C,1.111111111938953
sd,3.02,C22,C22C,1.111111111938953
xa,5.04,C23,C23C,1.111111111938953
zq,2.07,G01,G01H,1.111111111938953
oz,6.02,F41,F41G,1.111111111938953
qu,1.06,G01,G01S,1.111111111938953
qc,6.02,A47,A47C,1.111111111938953
sa,3.03,H01,H01M,1.111111111938953
yi,6.03,C06,C06B,1.111111111938953
ua,6.03,F04,F04D,1.111111111938953
qj,2.05,A45,A45D,1.111111111938953
iu,2.03,E04,E04F,1.111111111938953
bp,6.04,F02,F02K,1.111111111938953
rz,3.03,B60,B60C,1.111111111938953
ea,1.04,C21,C21C,1.111111111938953
oy,9,A47,A47C,1.111111111938953
ku,5.07,F01,F01D,1.111111111938953
mu,4.01,C05,C05C,1.111111111938953
jw,6.02,C09,C09C,1.111111111938953
nm,5.02,C08,C08F,1.111111111938953
pm,2.05,B63,B63C,1.111111111938953
nn,3.03,C03,C03B,1.111111111938953
es,2.02,E05,E05F,1.111111111938953
ex,1.02,E05,E05B,1.111111111938953
pk,2.05,H04,H04K,1.111111111938953
ro,1.07,F41,F41J,1.111111111938953
ye,2.02,B03,B03D,1.111111111938953
ad,4.02,G05,G05D,1.111111111938953
tu,3.01,C21,C21D,1.111111111938953
lj,3.02,C08,C08F,1.111111111938953
pd,6.02,C08,C08F,1.111111111938953
ju,4.01,G11,G11B,1.111111111938953
pk,2.05,E01,E01C,1.111111111938953
oz,6.02,F24,F24F,1.111111111938953
wq,5.01,B22,B22D,1.111111111938953
ve,3.02,C10,C10G,1.111111111938953
uq,5.07,A23,A23L,1.111111111938953
oz,6.02,C06,C06B,1.111111111938953
xq,2.11,F02,F02M,1.111111111938953
gy,5.02,B26,B26D,1.111111111938953
pn,1.01,G10,G10C,1.111111111938953
et,1.02,A43,A43D,1.111111111938953
id,2.07,B23,B23D,1.111111111938953
sd,3.02,C10,C10G,1.111111111938953
zc,4.03,G01,G01P,1.111111111938953
rt,3.02,F01,F01M,1.111111111938953
ui,1.03,B60,B60C,1.111111113801599
ub,1.03,F41,F41J,1.111111115664244
im,2.01,B28,B28C,1.111111126840115
zq,2.07,B07,B07C,1.111111134290695
re,1.05,B07,B07C,1.111111134290695
qa,3.01,G08,G08G,1.111111141741276
ah,4.01,A22,A22C,1.111111141741276
ne,3.03,E04,E04C,1.111111141741276
un,1.03,C08,C08F,1.111384916584939
eu,2.02,C07,C07F,1.111390759237111
sy,1.03,B60,B60C,1.11142859980464
db,2.08,G03,G03H,1.111570620909333
db,2.08,A24,A24F,1.111627908423543
uy,1.04,B25,B25J,1.111835403367877
ps,5.04,A61,A61N,1.11209623888135
up,1.03,E21,E21B,1.112198928371072
qg,2.05,C12,C12P,1.112264717230573
hl,3.03,C12,C12N,1.112389104673639
nq,5.01,A61,A61N,1.112409716937691
bp,6.04,A63,A63H,1.112500000745058
bd,1.06,H01,H01L,1.112692299298942
aa,1.03,A01,A01M,1.11269841529429
uk,1.03,A63,A63H,1.112713678739965
pq,1.01,C10,C10L,1.113087396603078
sa,3.03,A24,A24B,1.113424462266266
ff,3.02,G06,G06T,1.113592561334372
qg,2.05,B21,B21H,1.113636367022991
yo,3.01,G01,G01M,1.113888898864388
pn,1.01,H01,H01F,1.113997131586075
if,2.11,F22,F22B,1.114045701920986
ui,1.03,B25,B25J,1.114153453148901
hq,1.04,C21,C21D,1.114243964664638
ga,3.02,A61,A61J,1.114285718649626
ip,2.07,G01,G01D,1.114285729825497
bm,5.07,G06,G06N,1.114379100501537
er,1.02,B62,B62K,1.114583333954215
bf,5.04,G08,G08B,1.114906836301088
eu,2.02,H01,H01H,1.114906836301088
tm,3.01,C01,C01B,1.114989181980491
er,1.02,H03,H03H,1.11533641058486
hy,1.06,B03,B03C,1.11535739665851
zr,1.05,F02,F02C,1.115384617820382
ev,1.02,F02,F02C,1.115404056385159
ae,4.05,B02,B02C,1.115476209670305
fs,6.04,H03,H03M,1.115591399371624
ig,2.06,F28,F28F,1.115598867181689
ku,5.07,G01,G01D,1.115740742534399
km,1.06,H01,H01F,1.115772641263902
ya,3.02,C03,C03C,1.11579170729965
zq,2.07,C23,C23F,1.115909093990922
xq,2.11,C25,C25C,1.11590910051018
da,1.06,G01,G01G,1.116194732487202
ep,1.02,G01,G01G,1.116222868673503
qq,1.05,F01,F01N,1.11623933725059
es,2.02,B25,B25F,1.11631459183991
yq,5.07,E01,E01C,1.116383634507656
tu,3.01,A47,A47L,1.116556546185166
ex,1.02,A45,A45D,1.116666670888662
di,5.02,B41,B41M,1.116666670888662
dx,3.01,G01,G01V,1.116666670888662
um,3.01,G05,G05D,1.116666670888662
dm,3.02,F15,F15B,1.116666672751307
pc,5.02,B66,B66B,1.116666674613953
db,2.08,B60,B60K,1.116666674613953
ja,1.05,F04,F04C,1.116666674613953
db,2.08,G08,G08C,1.116666678339243
gy,5.02,A62,A62C,1.116666682064533
hq,1.04,F23,F23C,1.116666685789824
ea,1.04,A47,A47J,1.116666689515114
ev,1.02,B23,B23D,1.116666689515114
dt,2.03,B08,B08B,1.116700381040573
iy,1.06,G10,G10L,1.117156889289618
uy,1.04,F28,F28C,1.117241380736232
bk,6.04,G01,G01T,1.117526830174029
ii,2.04,A47,A47K,1.117647059261799
pd,6.02,B01,B01J,1.117647059261799
ro,1.07,C14,C14C,1.117647059261799
et,1.02,B27,B27K,1.117816094309092
qc,6.02,A23,A23G,1.118055555969477
wu,5.04,A63,A63H,1.118055567145348
vy,3.02,B81,B81B,1.118055569007993
es,2.02,G01,G01G,1.118104225955904
un,1.03,B05,B05D,1.118531172163785
dx,3.01,B65,B65B,1.118642015848309
ja,1.05,G21,G21K,1.118692806921899
fi,1.04,H04,H04L,1.1187206027098
ns,2.01,F16,F16H,1.118846721947193
uh,1.03,F21,F21V,1.118861694820225
zm,1.06,B01,B01F,1.118870897218585
ua,6.03,D06,D06M,1.119047623127699
oa,2.11,F04,F04C,1.119047623127699
ox,6.02,A01,A01N,1.119047630578279
xw,3.03,F42,F42B,1.11904764175415
rb,2.02,A01,A01B,1.1191919259727
un,1.03,G01,G01S,1.11944445874542
cl,9,B01,B01J,1.11967593524605
fs,6.04,C23,C23C,1.119759239256382
da,1.06,B62,B62D,1.119826033711433
yu,3.03,A61,A61Q,1.119900463148952
pn,1.01,B60,B60W,1.119963164906949
ro,1.07,D02,D02J,1.119999997317791
tm,3.01,H05,H05B,1.120034024119377
jy,4.05,B23,B23K,1.12068627635017
ui,1.03,B29,B29B,1.120833335444331
co,1.06,H02,H02J,1.120833359658718
qg,2.05,C11,C11B,1.121044035069644
uu,5.06,H03,H03M,1.121276596561074
er,1.02,H01,H01J,1.121356435120106
hl,3.03,A23,A23L,1.12148712342605
uk,1.03,F24,F24H,1.121794883161783
pf,6.02,H04,H04N,1.121794883161783
ik,2.11,G01,G01H,1.121794896200299
uy,1.04,G01,G01G,1.121863800100982
ev,1.02,C12,C12Y,1.12208769924473
fe,5.05,C09,C09D,1.122222226113081
pa,6.02,G01,G01F,1.122222241014242
ze,1.06,G09,G09F,1.12234706711024
dt,2.03,C11,C11C,1.122377734398469
ni,3.01,F04,F04D,1.122474748641253
pw,2.06,C09,C09D,1.122812241315842
cl,9,G01,G01J,1.122990200296044
iu,2.03,C01,C01C,1.123333342373371
ra,2.11,C08,C08L,1.12350890180096
dr,1.06,F21,F21V,1.123521998059005
ne,3.03,C01,C01G,1.123589186929166
sd,3.02,C40,C40B,1.123733530752361
vy,3.02,B22,B22D,1.123809535056353
id,2.07,C09,C09B,1.124605636112392
ec,1.04,A24,A24B,1.124643879011273
sy,1.03,D04,D04B,1.124786328524351
db,2.08,F25,F25B,1.124863390810788
io,2.07,A62,A62B,1.125
ka,4.01,B66,B66F,1.125
ah,4.01,G11,G11B,1.125
zc,4.03,B09,B09B,1.125
kv,1.05,A61,A61N,1.125
ew,1.02,B64,B64B,1.125
iu,2.03,A23,A23D,1.125
ru,3.01,F17,F17D,1.125
es,2.02,B60,B60S,1.125
rt,3.02,D06,D06M,1.125
cq,1.06,F02,F02K,1.125
ix,2.07,B29,B29C,1.125
xq,2.11,F02,F02B,1.125
id,2.07,B61,B61G,1.125
ij,2.11,B60,B60H,1.125
ji,5.01,C08,C08K,1.125
ds,3.02,H02,H02K,1.125
hf,6.03,G01,G01F,1.125
eo,6.02,F01,F01N,1.125
su,3.02,B64,B64D,1.125
bp,6.04,H03,H03G,1.125
iq,2.02,F02,F02F,1.125
uf,1.03,H04,H04Q,1.125
ui,1.03,B60,B60P,1.125
ya,3.02,B60,B60P,1.125
ii,2.04,A47,A47F,1.125
vi,5.01,C03,C03C,1.125
bp,6.04,B65,B65B,1.125
aa,1.03,A63,A63H,1.125
dq,9,B02,B02C,1.125
pu,2.03,A23,A23K,1.125
vx,5.01,C03,C03C,1.125
rp,6.04,F21,F21K,1.125
uy,1.04,G05,G05F,1.125
bp,6.04,F01,F01N,1.125
le,1.05,H02,H02H,1.125
aq,3.02,D21,D21H,1.125
zd,9,F16,F16K,1.125
db,2.08,E05,E05B,1.125
jo,5.04,A63,A63F,1.125
bu,1.03,B60,B60C,1.125
dm,3.02,B28,B28D,1.125
sa,3.03,G08,G08C,1.125
jb,5.07,B61,B61G,1.125
dq,9,B21,B21D,1.125
ox,6.02,H01,H01M,1.125
qk,6.01,B32,B32B,1.125
pg,6.02,C08,C08J,1.125
en,9,H01,H01M,1.125
bu,1.03,F03,F03D,1.125
xq,2.11,H01,H01H,1.125
zk,9,G08,G08G,1.125
sa,3.03,G01,G01B,1.125
oe,5.06,G01,G01F,1.125
ya,3.02,B81,B81C,1.125
si,1.05,A62,A62B,1.125
yy,5.07,F16,F16H,1.125
im,2.01,A47,A47K,1.125
ut,6.02,C11,C11D,1.125
dt,2.03,A47,A47C,1.125
le,1.05,B30,B30B,1.125
yo,3.01,B03,B03C,1.125
wc,3.03,A45,A45B,1.125
io,2.07,G07,G07F,1.125
xw,3.03,F21,F21V,1.125
en,9,G05,G05B,1.125
wy,5.04,E21,E21B,1.125
ua,6.03,C09,C09C,1.125
ye,2.02,G03,G03D,1.125
er,1.02,B01,B01J,1.125
jy,4.05,C03,C03C,1.125
ji,5.01,H01,H01R,1.125
eo,6.02,H03,H03H,1.125
ma,3.02,H01,H01H,1.125
ff,3.02,C08,C08K,1.125
wf,1.06,H01,H01L,1.125
tu,3.01,C05,C05D,1.125
tq,3.02,B41,B41M,1.125
yy,5.07,H02,H02M,1.125
hq,1.04,B41,B41C,1.125
ia,3.02,A44,A44C,1.12500000372529
iu,2.03,D06,D06N,1.12500000372529
qu,1.06,C23,C23F,1.125000007450581
pu,2.03,F24,F24H,1.125000011175871
ve,3.02,C01,C01B,1.125000011175871
wm,5.04,A23,A23C,1.125000011175871
ep,1.02,B02,B02C,1.125000018626451
cq,1.06,B07,B07C,1.125000021420419
de,1.06,D01,D01F,1.125000022817403
jy,4.05,F28,F28F,1.125000029802322
mm,6.01,C21,C21B,1.125000029802322
qa,3.01,A01,A01G,1.12525439215824
ev,1.02,G05,G05G,1.125432912260294
mm,6.01,C12,C12C,1.125490199774504
um,3.01,A61,A61J,1.125533365877345
sr,2.07,G10,G10K,1.125595260877162
um,3.01,A23,A23F,1.125690171029419
iu,2.03,F41,F41G,1.125873671611771
ur,1.01,G11,G11B,1.126094300299883
ij,2.11,G10,G10D,1.126344083808362
my,5.01,A01,A01N,1.126373654231429
hl,3.03,B65,B65H,1.126388907432556
pm,2.05,H03,H03C,1.126430980861187
ni,3.01,E06,E06B,1.126811604946852
pw,2.06,H04,H04M,1.126811623573303
tc,3.02,A01,A01K,1.127045368775725
qh,2.05,H02,H02M,1.127380955964327
pu,2.03,B60,B60K,1.127705646678805
vx,5.01,G01,G01G,1.1277777813375
ye,2.02,F04,F04D,1.127777792513371
ki,3.02,C08,C08J,1.127900740597397
es,2.02,F42,F42B,1.128267984837294
ka,4.01,C05,C05F,1.128322442062199
ve,3.02,H03,H03M,1.128424375317991
rb,2.02,G16,G16H,1.128941206727177
um,3.01,B60,B60K,1.128985517192632
pw,2.06,C23,C23C,1.129166670143604
oa,2.11,F21,F21K,1.129437247291207
ah,4.01,A61,A61F,1.129444463178515
pe,5.02,C07,C07K,1.13019967393484
qj,2.05,B27,B27N,1.130555588752031
ec,1.04,C03,C03B,1.130718963220716
uf,1.03,F41,F41B,1.130952410399914
pu,2.03,B41,B41C,1.130952414125204
ih,2.07,A63,A63F,1.131231248378754
pz,2.05,H05,H05G,1.131250025704503
cu,1.06,G02,G02C,1.131610991433263
gy,5.02,C07,C07H,1.131780817173421
fe,5.05,A61,A61M,1.131871932186186
wu,5.04,H01,H01S,1.131944457069039
rt,3.02,A61,A61J,1.132280062418431
we,3.02,F04,F04D,1.132380956783891
dx,3.01,B65,B65D,1.132443752139807
xa,5.04,A63,A63B,1.132575765252113
ip,2.07,B22,B22F,1.132692307699472
we,3.02,F24,F24F,1.132936537265778
qq,1.05,F02,F02P,1.133333336561918
bu,1.03,C09,C09D,1.133333336561918
qg,2.05,F03,F03D,1.133333336561918
vj,5.01,F21,F21K,1.133333336561918
cq,1.06,B60,B60G,1.133333340287209
im,2.01,H01,H01H,1.133333340287209
om,5.05,B29,B29D,1.133333340287209
ae,4.05,G16,G16H,1.133333340287209
ij,2.11,B25,B25B,1.13333335518837
fa,2.01,C12,C12Q,1.133550247759558
eu,2.02,C07,C07K,1.133557771448977
ev,1.02,G21,G21C,1.13369660731405
tm,3.01,F04,F04D,1.133838385343552
ve,3.02,G01,G01J,1.133838407695293
ij,2.11,A46,A46B,1.133928574621677
qu,1.06,C12,C12J,1.133928582072258
uh,1.03,H03,H03H,1.134542064741254
bq,6.05,C08,C08B,1.134559854865074
sr,2.07,E02,E02F,1.13484849780798
ja,1.05,A24,A24F,1.134883722290397
ps,5.04,G01,G01N,1.134898585267365
zr,1.05,H03,H03K,1.13492064923048
um,3.01,C08,C08G,1.134980939328671
dx,3.01,G09,G09G,1.135057481005788
cu,1.06,B03,B03C,1.135074722347781
bq,6.05,A21,A21D,1.135157401673496
wv,3.03,G07,G07F,1.135227287188172
uk,1.03,B28,B28B,1.135416677687317
ti,9,C07,C07F,1.135535927722231
hb,5.03,C23,C23C,1.135538211092353
ka,4.01,H05,H05B,1.135606076568365
ki,3.02,C10,C10L,1.135714288800955
up,1.03,H04,H04M,1.135869565419853
js,6.04,C12,C12R,1.135964915156364
ik,2.11,E04,E04C,1.13611114025116
il,2.07,G01,G01B,1.13636364787817
ot,6.02,C12,C12N,1.136545883084182
ah,4.01,G01,G01V,1.136796548962593
qq,1.05,C12,C12P,1.13697321806103
dw,1.04,G11,G11C,1.136973859509453
if,2.11,A01,A01M,1.137037038803101
un,1.03,H02,H02K,1.137037053704262
ex,1.02,C12,C12P,1.137040832778439
qa,3.01,H01,H01Q,1.137049419805408
hq,1.04,F21,F21K,1.137235458940268
za,3.02,C11,C11D,1.13754278421402
mc,1.06,A01,A01K,1.137875416548923
dt,2.03,G01,G01P,1.138049023225904
nn,3.03,F16,F16K,1.138095244765282
if,2.11,D21,D21G,1.138440862298012
qh,2.05,D04,D04B,1.13846156001091
rp,6.04,H03,H03J,1.138528142124414
ro,1.07,A45,A45F,1.138732958585024
ot,6.02,E01,E01C,1.138888891786337
ij,2.11,G21,G21C,1.138888893648982
rt,3.02,E04,E04F,1.138888899236917
ac,2.02,C09,C09B,1.138888899236917
qe,2.09,B22,B22C,1.138888906687498
ku,5.07,C08,C08F,1.139393961988389
bq,6.05,G01,G01P,1.139423079788685
oa,2.11,B63,B63G,1.139492779970169
ky,1.05,B65,B65G,1.140151515603065
gu,1.06,B22,B22F,1.140625
wu,5.04,H04,H04J,1.140860539395362
sy,1.03,B03,B03B,1.14105110289529
hy,1.06,B01,B01F,1.141089905286208
ji,5.01,B60,B60K,1.141172613017261
jy,4.05,B03,B03D,1.141208809800446
bf,5.04,B01,B01J,1.141269844956696
rt,3.02,C09,C09K,1.141314947977662
pn,1.01,C07,C07F,1.141315738670528
cl,9,A63,A63F,1.141543372534215
sa,3.03,G01,G01J,1.141564186662436
db,2.08,B29,B29D,1.141644227784127
un,1.03,G03,G03B,1.141666669398546
ne,3.03,B07,B07C,1.141666678711772
ik,2.11,F25,F25D,1.141841512173414
ds,3.02,G01,G01R,1.141979650594294
po,1.01,G03,G03F,1.142015932127833
ry,2.03,H05,H05B,1.142234166618437
hq,1.04,H03,H03F,1.142285250127316
ew,1.02,B65,B65F,1.142361111938953
ns,2.01,G09,G09B,1.142658748896793
ku,5.07,C12,C12N,1.142666103318334
dt,2.03,H03,H03M,1.142857143655419
pc,5.02,C21,C21D,1.142857149243355
ai,2.03,B61,B61D,1.142857149243355
ju,4.01,H01,H01J,1.142857149243355
oz,6.02,D04,D04B,1.142857149243355
py,3.02,G10,G10H,1.142857149243355
ep,1.02,F24,F24D,1.142857149243355
fy,3.02,A01,A01G,1.142857149243355
pi,1.06,B41,B41M,1.142857149243355
ki,3.02,A61,A61C,1.142857149243355
jy,4.05,E04,E04D,1.142857149243355
te,1.05,C07,C07C,1.142857149243355
iy,1.06,H05,H05K,1.142857149243355
qh,2.05,B02,B02C,1.142857149243355
ja,1.05,A01,A01D,1.142857149243355
fy,3.02,G01,G01V,1.142857149243355
js,6.04,C25,C25B,1.142857149243355
js,6.04,E06,E06B,1.142857149243355
bu,1.03,A47,A47B,1.142857149243355
cu,1.06,F02,F02K,1.142857149243355
oz,6.02,F02,F02G,1.142857149243355
ig,2.06,A47,A47F,1.142857149243355
wm,5.04,A47,A47B,1.142857149243355
ih,2.07,B61,B61D,1.142857149243355
ya,3.02,B23,B23H,1.142857149243355
za,3.02,C22,C22B,1.142857149243355
oz,6.02,G01,G01H,1.142857149243355
zq,2.07,H02,H02H,1.142857149243355
za,3.02,G03,G03B,1.142857149243355
ro,1.07,F04,F04C,1.142857149243355
ki,3.02,F03,F03D,1.142857149243355
mm,6.01,B44,B44C,1.142857149243355
oz,6.02,D21,D21C,1.142857149243355
rp,6.04,B29,B29D,1.142857149243355
pz,2.05,B61,B61D,1.142857149243355
ua,6.03,B63,B63H,1.142857149243355
tu,3.01,A47,A47B,1.142857149243355
pj,2.05,C22,C22C,1.142857149243355
xw,3.03,C22,C22C,1.142857149243355
rt,3.02,C10,C10M,1.142857164144516
pi,1.06,G01,G01V,1.142857164144516
ye,2.02,E01,E01C,1.142857164144516
sr,2.07,A01,A01B,1.142929315567017
ro,1.07,D21,D21B,1.143034828826785
ix,2.07,G05,G05B,1.143113162368536
dk,5.02,B64,B64D,1.144047625362873
qj,2.05,H01,H01M,1.144062594510615
es,2.02,H05,H05H,1.144444447010756
qj,2.05,F03,F03D,1.144444473087788
le,1.05,A01,A01C,1.14481948222965
py,3.02,F25,F25D,1.145202022045851
gm,3.03,A61,A61Q,1.14527777954936
le,1.05,F02,F02C,1.14551283698529
ub,1.03,G04,G04G,1.14563493989408
km,1.06,H01,H01G,1.145768078044057
pk,2.05,A63,A63H,1.145833333954215
tq,3.02,D04,D04B,1.14583333581686
sy,1.03,G21,G21F,1.145833343267441
wu,5.04,B41,B41M,1.145833343267441
ae,4.05,D01,D01F,1.145833358168602
xq,2.11,F16,F16K,1.146093562245369
qh,2.05,H01,H01C,1.146428599953651
hq,1.04,G08,G08G,1.146464670076966
aq,3.02,B01,B01D,1.146558048203588
ai,2.03,F24,F24F,1.146679200232029
wv,3.03,H04,H04B,1.146825408563018
ya,3.02,G08,G08G,1.146969702094793
hy,1.06,A61,A61D,1.147232785820961
tu,3.01,C25,C25B,1.147289651446044
za,3.02,C12,C12Y,1.147434254642576
ui,1.03,B65,B65H,1.147435925900936
qu,1.06,H02,H02K,1.147890300257131
wc,3.03,G01,G01K,1.148148149251938
ct,9,G06,G06T,1.148165950551629
ae,4.05,G05,G05B,1.148236520588398
am,4.01,H01,H01J,1.148246754193678
ds,3.02,B25,B25J,1.148377619683743
ac,2.02,C12,C12P,1.148588272975758
ya,3.02,C22,C22F,1.14859183318913
om,5.05,A01,A01H,1.148723118007183
ee,1.04,G01,G01S,1.14907100982964
ee,1.04,A47,A47J,1.149523816071451
mc,1.06,G02,G02F,1.149621214717627
tc,3.02,C25,C25F,1.150000002235174
uk,1.03,H05,H05F,1.150000002235174
bi,6.01,C03,C03C,1.150000002235174
xw,3.03,B25,B25G,1.150000002235174
ru,3.01,G06,G06G,1.150000005960464
nq,5.01,A47,A47G,1.150000005960464
gu,1.06,G08,G08B,1.150000005960464
ja,1.05,C06,C06C,1.150000005960464
pe,5.02,F04,F04D,1.150000005960464
ah,4.01,G07,G07F,1.150000005960464
wu,5.04,C01,C01G,1.150000005960464
xq,2.11,A01,A01G,1.150000006426126
ji,5.01,H01,H01J,1.150000013411045
td,3.02,H01,H01R,1.150000013411045
ig,2.06,B66,B66B,1.150000013411045
wh,3.02,B23,B23H,1.150000020861626
le,1.05,F03,F03D,1.150000032037497
lq,3.03,H01,H01R,1.150000035762787
jb,5.07,G01,G01V,1.150059811770916
pt,3.03,G11,G11C,1.150132279843092
tu,3.01,H03,H03L,1.150663942098618
hq,1.04,F16,F16J,1.150925933383405
co,1.06,F28,F28F,1.151200661435723
da,1.06,B41,B41J,1.151214546058327
ry,2.03,C11,C11D,1.15155678242445
zq,2.07,G11,G11B,1.151666002348065
yo,3.01,C12,C12G,1.151785731315613
um,3.01,A21,A21D,1.151817072182894
ki,3.02,H04,H04R,1.151948058046401
rz,3.03,G16,G16H,1.152434256393462
vi,5.01,G10,G10H,1.152500019408762
ne,3.03,G21,G21C,1.152777777984738
ye,2.02,E04,E04D,1.152777783572674
ih,2.07,E03,E03F,1.152777805924416
fi,1.04,G01,G01Q,1.153154278174043
dk,5.02,H01,H01C,1.15384615957737
dx,3.01,B41,B41J,1.15384615957737
ei,1.04,F24,F24S,1.153968277852982
sy,1.03,F16,F16B,1.154004344716668
im,2.01,F02,F02D,1.154100542888045
pi,1.06,H01,H01L,1.154193485155702
ub,1.03,F15,F15D,1.154220791533589
pu,2.03,B41,B41F,1.154761932790279
ni,3.01,G01,G01K,1.155353553593159
ui,1.03,G06,G06G,1.155494527891278
ep,1.02,C09,C09B,1.155555557459593
im,2.01,B05,B05B,1.156007782556117
gu,1.06,G05,G05D,1.156212665140629
qf,9,D03,D03D,1.15625
ip,2.07,B09,B09B,1.15625
oa,2.11,F02,F02B,1.156250007450581
zd,9,H03,H03H,1.156584172509611
pz,2.05,G07,G07C,1.156593425199389
ye,2.02,C25,C25B,1.156614222098142
ku,5.07,C09,C09K,1.156666688621044
qj,2.05,C03,C03C,1.156732370145619
de,1.06,C12,C12G,1.157099854201078
si,1.05,C10,C10L,1.157628678251058
uk,1.03,F01,F01K,1.157894738018513
ew,1.02,B81,B81C,1.158097909297794
pq,1.01,G01,G01G,1.158333338797092
re,1.05,G21,G21F,1.158333347178996
eq,3.01,G07,G07F,1.158333348110318
de,1.06,G05,G05D,1.158333357423544
ml,9,A23,A23L,1.158453865908086
uq,5.07,C08,C08F,1.158823531121016
ry,2.03,F16,F16K,1.158867005258799
zq,2.07,B24,B24C,1.158928585238755
qg,2.05,B02,B02C,1.159523817710578
ju,4.01,B65,B65D,1.159523822367191
um,3.01,A23,A23J,1.159759376198053
af,4.05,A63,A63F,1.159902632236481
qa,3.01,C09,C09J,1.15993591491133
ep,1.02,C04,C04B,1.160113423131406
bk,6.04,A01,A01K,1.160256415605545
et,1.02,B21,B21D,1.160714287310839
ei,1.04,E02,E02B,1.160714287310839
qe,2.09,B05,B05B,1.160761758219451
jb,5.07,B64,B64D,1.161111112684011
er,1.02,F02,F02D,1.16111115179956
ue,2.11,H01,H01M,1.16117952670902
hf,6.03,G01,G01R,1.161221300251782
uh,1.03,B09,B09B,1.161290317773819
ik,2.11,D21,D21D,1.161446893122047
fi,1.04,E21,E21B,1.161968536674976
de,1.06,C03,C03C,1.162060049362481
ub,1.03,F23,F23G,1.162500016391277
ui,1.03,C40,C40B,1.162739616818726
ku,5.07,H05,H05B,1.16285714879632
ry,2.03,G01,G01C,1.163026792695746
de,1.06,C07,C07G,1.163280010921881
ij,2.11,B06,B06B,1.163333347067237
pq,1.01,G05,G05F,1.163461539894342
we,3.02,B01,B01F,1.163461539894342
qf,9,H01,H01H,1.16391943464987
pz,2.05,G01,G01Q,1.16428492590785
za,3.02,C07,C07B,1.164502169936895
pk,2.05,F16,F16K,1.164609712548554
sy,1.03,A61,A61J,1.165046324022114
tu,3.01,F25,F25D,1.165053769946098
pk,2.05,D04,D04H,1.165178574621677
hq,1.04,B65,B65D,1.165196085348725
uq,5.07,C12,C12N,1.165358160622418
ja,1.05,A21,A21D,1.165574937127531
ue,2.11,H02,H02P,1.165625013411045
pt,3.03,G09,G09G,1.165909100323915
pu,2.03,H05,H05H,1.166101078502834
jm,5.04,C12,C12P,1.166419924236834
ya,3.02,B24,B24C,1.16666666790843
qh,2.05,A23,A23L,1.16666666790843
qu,1.06,G01,G01M,1.166666669771075
ni,3.01,H01,H01Q,1.16666667163372
pe,5.02,C10,C10G,1.16666667163372
bk,6.04,H02,H02G,1.16666667163372
es,2.02,F16,F16B,1.16666667163372
yq,5.07,G01,G01P,1.16666667163372
ga,3.02,H02,H02M,1.16666667163372
dy,1.04,B64,B64F,1.16666667163372
ea,1.04,B63,B63H,1.16666667163372
jy,4.05,G09,G09F,1.16666667163372
vj,5.01,A47,A47G,1.16666667163372
bp,6.04,F03,F03G,1.16666667163372
oz,6.02,G05,G05G,1.16666667163372
dq,9,C05,C05F,1.16666667163372
vy,3.02,A23,A23C,1.16666667163372
am,4.01,F02,F02B,1.16666667163372
hb,5.03,G03,G03C,1.16666667163372
le,1.05,F16,F16D,1.16666667163372
wu,5.04,B63,B63B,1.16666667163372
pc,5.02,B41,B41F,1.16666667163372
uu,5.06,H03,H03F,1.16666667163372
gc,1.05,F23,F23G,1.16666667163372
aq,3.02,C09,C09B,1.16666667163372
vj,5.01,B63,B63B,1.16666667163372
bk,6.04,C08,C08B,1.16666667163372
ea,1.04,F23,F23R,1.16666667163372
uu,5.06,A63,A63C,1.16666667163372
nu,5.08,G04,G04G,1.16666667163372
cq,1.06,B22,B22C,1.16666667163372
ea,1.04,B67,B67D,1.16666667163372
dy,1.04,A01,A01D,1.16666667163372
co,1.06,B24,B24B,1.16666667163372
ad,4.02,H01,H01Q,1.16666667163372
pf,6.02,G11,G11B,1.16666667163372
pq,1.01,C25,C25D,1.16666667163372
fy,3.02,H01,H01J,1.16666667163372
eq,3.01,B60,B60R,1.16666667163372
nn,3.03,F02,F02B,1.16666667163372
mm,6.01,H01,H01C,1.16666667163372
di,5.02,G01,G01T,1.16666667163372
yr,2.01,F16,F16D,1.16666667163372
qu,1.06,A01,A01M,1.16666667163372
ew,1.02,C21,C21C,1.16666667163372
aa,1.03,H02,H02B,1.16666667163372
sy,1.03,F01,F01M,1.16666667163372
dy,1.04,F01,F01P,1.16666667163372
yi,6.03,B65,B65D,1.16666667163372
pm,2.05,B61,B61C,1.16666667163372
oe,5.06,B42,B42D,1.16666667163372
oe,5.06,C09,C09B,1.16666667163372
wm,5.04,F02,F02K,1.16666667163372
yq,5.07,H01,H01M,1.16666667163372
hf,6.03,H01,H01J,1.16666667163372
we,3.02,H04,H04H,1.16666667163372
qh,2.05,D21,D21C,1.16666667163372
yy,5.07,G04,G04C,1.16666667163372
lj,3.02,C08,C08G,1.16666667163372
ia,3.02,B21,B21C,1.16666667163372
mu,4.01,B22,B22F,1.16666667163372
gy,5.02,B63,B63B,1.16666667163372
uu,5.06,F23,F23D,1.16666667163372
dr,1.06,G21,G21C,1.16666667163372
bi,6.01,C22,C22B,1.16666667163372
zd,9,G01,G01D,1.16666667163372
js,6.04,H03,H03J,1.16666667163372
bi,6.01,H04,H04S,1.16666667163372
ve,3.02,G05,G05D,1.16666667163372
ne,3.03,F23,F23D,1.16666667163372
bq,6.05,F16,F16H,1.16666667163372
ig,2.06,B60,B60N,1.16666667163372
ij,2.11,F02,F02N,1.16666667163372
ha,5.03,A63,A63B,1.16666667163372
aa,1.03,A47,A47L,1.16666667163372
es,2.02,A62,A62C,1.16666667163372
if,2.11,F04,F04F,1.16666667163372
fy,3.02,H04,H04Q,1.16666667163372
aq,3.02,B23,B23K,1.16666667163372
ya,3.02,B60,B60Q,1.16666667163372
tu,3.01,B60,B60T,1.16666667163372
ba,3.02,H01,H01H,1.16666667163372
ox,6.02,B01,B01F,1.16666667163372
tq,3.02,A47,A47G,1.16666667163372
ba,3.02,F16,F16K,1.16666667163372
oz,6.02,H01,H01P,1.16666667163372
tc,3.02,G09,G09G,1.16666667163372
ra,2.11,C10,C10M,1.16666667163372
mq,6.01,H03,H03H,1.16666667163372
yr,2.01,H04,H04S,1.16666667163372
ky,1.05,G11,G11B,1.16666667163372
oe,5.06,E04,E04C,1.16666667163372
he,5.03,G01,G01R,1.16666667163372
mq,6.01,G01,G01V,1.16666667163372
fi,1.04,E06,E06B,1.16666667163372
ae,4.05,G03,G03F,1.16666667163372
pu,2.03,E21,E21C,1.16666667163372
iq,2.02,F23,F23K,1.16666667163372
ga,3.02,G05,G05D,1.16666667163372
rt,3.02,F17,F17C,1.16666667163372
lq,3.03,C08,C08F,1.16666667163372
cq,1.06,B60,B60H,1.16666667163372
if,2.11,B28,B28B,1.16666667163372
qf,9,F02,F02C,1.16666667163372
im,2.01,H02,H02G,1.16666667163372
jb,5.07,B08,B08B,1.16666667163372
ac,2.02,A01,A01F,1.16666667163372
lq,3.03,G02,G02C,1.16666667163372
mm,6.01,B26,B26B,1.16666667163372
zd,9,B60,B60H,1.16666667163372
ha,5.03,E04,E04C,1.16666667163372
lq,3.03,F21,F21L,1.16666667163372
qe,2.09,B24,B24B,1.16666667163372
vj,5.01,B42,B42C,1.16666667163372
ha,5.03,G01,G01P,1.16666667163372
py,3.02,B64,B64G,1.16666667163372
om,5.05,G01,G01G,1.16666667163372
xw,3.03,B65,B65B,1.16666667163372
mm,6.01,A45,A45C,1.16666667163372
qh,2.05,B28,B28C,1.16666667163372
si,1.05,B60,B60T,1.16666667163372
ga,3.02,F26,F26B,1.16666667163372
ka,4.01,A61,A61M,1.16666667163372
bm,5.07,C08,C08L,1.16666667163372
ka,4.01,B60,B60Q,1.16666667163372
ds,3.02,D01,D01F,1.16666667163372
pn,1.01,F28,F28D,1.16666667163372
rt,3.02,C12,C12G,1.16666667163372
es,2.02,C12,C12G,1.16666667163372
ee,1.04,G05,G05D,1.16666667163372
bi,6.01,H01,H01H,1.16666667163372
pe,5.02,C10,C10L,1.16666667163372
hb,5.03,B25,B25B,1.16666667163372
ik,2.11,F24,F24H,1.16666667163372
tq,3.02,A01,A01M,1.16666667163372
ub,1.03,D06,D06N,1.16666667163372
ev,1.02,C01,C01G,1.16666667163372
ju,4.01,H02,H02J,1.16666667163372
gc,1.05,E04,E04H,1.16666667163372
pa,6.02,F16,F16G,1.16666667163372
de,1.06,F04,F04D,1.16666667163372
nm,5.02,B29,B29C,1.16666667163372
pc,5.02,A01,A01G,1.16666667163372
zc,4.03,B65,B65G,1.16666667163372
oy,9,C21,C21D,1.16666667163372
rp,6.04,G01,G01G,1.16666667163372
bm,5.07,B01,B01F,1.16666667163372
vy,3.02,H03,H03D,1.16666667163372
om,5.05,B05,B05D,1.16666667163372
ua,6.03,B41,B41J,1.16666667163372
bq,6.05,C05,C05C,1.16666667163372
ve,3.02,A01,A01D,1.16666667163372
ju,4.01,H05,H05K,1.16666667163372
im,2.01,A61,A61H,1.16666667163372
ox,6.02,A47,A47C,1.16666667163372
ae,4.05,C03,C03C,1.16666667163372
tu,3.01,D01,D01G,1.16666667163372
oy,9,B23,B23Q,1.16666667163372
ha,5.03,B62,B62D,1.16666667163372
om,5.05,B41,B41C,1.16666667163372
oz,6.02,D01,D01F,1.16666667163372
de,1.06,F27,F27D,1.16666667163372
ia,3.02,E06,E06B,1.16666667163372
ve,3.02,B64,B64D,1.16666667163372
om,5.05,B23,B23Q,1.16666667163372
pt,3.03,F25,F25B,1.16666667163372
xq,2.11,F27,F27D,1.16666667163372
pj,2.05,H02,H02H,1.16666667163372
et,1.02,B30,B30B,1.16666667163372
rz,3.03,D04,D04H,1.16666667163372
pc,5.02,B61,B61L,1.16666667163372
ep,1.02,F16,F16J,1.16666667163372
oz,6.02,C21,C21B,1.16666667163372
ro,1.07,A63,A63C,1.16666667163372
yo,3.01,B60,B60H,1.16666667163372
pa,6.02,C22,C22F,1.16666667163372
ot,6.02,B08,B08B,1.16666667163372
qa,3.01,E04,E04F,1.16666667163372
db,2.08,F01,F01L,1.16666667163372
vm,5.06,A43,A43B,1.16666667163372
pz,2.05,B66,B66F,1.16666667163372
td,3.02,B06,B06B,1.16666667163372
sd,3.02,G02,G02F,1.16666667163372
yo,3.01,H03,H03F,1.16666667163372
ki,3.02,G01,G01G,1.16666667163372
ac,2.02,B61,B61C,1.166666673496366
hi,5.01,H04,H04B,1.166666679084301
iu,2.03,H03,H03C,1.166666679084301
il,2.07,G01,G01F,1.166666679084301
ij,2.11,G07,G07G,1.166666679084301
tq,3.02,A43,A43D,1.166666686534882
qu,1.06,H02,H02J,1.166666686534882
xq,2.11,E05,E05F,1.166666686534882
wq,5.01,H05,H05B,1.166666686534882
pa,6.02,F03,F03D,1.166666686534882
ga,3.02,H02,H02J,1.166666686534882
ye,2.02,F16,F16M,1.166666686534882
xw,3.03,A44,A44B,1.166666686534882
pe,5.02,B26,B26D,1.166666686534882
xw,3.03,B64,B64F,1.166666686534882
up,1.03,G01,G01L,1.166666686534882
iy,1.06,C10,C10G,1.166666686534882
pk,2.05,F23,F23Q,1.166666686534882
we,3.02,G08,G08C,1.166666686534882
mq,6.01,H01,H01J,1.166666686534882
jm,5.04,H01,H01Q,1.166666686534882
pe,5.02,F25,F25D,1.166666686534882
ba,3.02,A63,A63B,1.166666686534882
dw,1.04,D02,D02G,1.166666686534882
vy,3.02,F25,F25B,1.166666686534882
ip,2.07,E04,E04G,1.166666686534882
eu,2.02,B31,B31F,1.166666686534882
cq,1.06,B25,B25B,1.166666686534882
pu,2.03,B60,B60B,1.166666686534882
uu,5.06,G01,G01D,1.166666686534882
id,2.07,B60,B60J,1.166666686534882
pu,2.03,G09,G09C,1.166666686534882
zr,1.05,G08,G08B,1.166666686534882
ma,3.02,B64,B64D,1.166666686534882
ga,3.02,B64,B64C,1.166666686534882
qq,1.05,F03,F03G,1.166666686534882
tq,3.02,B60,B60L,1.166666686534882
po,1.01,B65,B65D,1.166666686534882
xw,3.03,H04,H04J,1.166666686534882
yq,5.07,B61,B61D,1.166666686534882
dw,1.04,E04,E04G,1.166666686534882
ev,1.02,B22,B22C,1.166666686534882
qj,2.05,G01,G01R,1.166666686534882
rp,6.04,A61,A61G,1.166666686534882
mm,6.01,F41,F41H,1.166666686534882
am,4.01,G11,G11C,1.166666686534882
my,5.01,A61,A61G,1.166666686534882
ya,3.02,F04,F04C,1.166666686534882
tc,3.02,A44,A44B,1.166666686534882
wq,5.01,B23,B23K,1.166666686534882
tq,3.02,A01,A01B,1.166666686534882
ew,1.02,E03,E03F,1.166666686534882
yi,6.03,H03,H03M,1.166666686534882
pn,1.01,B07,B07C,1.166666686534882
ih,2.07,B60,B60P,1.166666686534882
ij,2.11,E01,E01C,1.166666686534882
zq,2.07,G01,G01L,1.166666686534882
id,2.07,E04,E04G,1.166666686534882
ep,1.02,F25,F25D,1.166666686534882
es,2.02,F16,F16M,1.166666686534882
gu,1.06,B63,B63B,1.166666686534882
py,3.02,A47,A47B,1.166666686534882
tc,3.02,F16,F16H,1.166666686534882
oy,9,F02,F02P,1.166666686534882
qj,2.05,E04,E04D,1.166666686534882
yi,6.03,F16,F16M,1.166666686534882
ye,2.02,F28,F28F,1.166666690260172
im,2.01,A63,A63F,1.166666693985462
sr,2.07,B63,B63G,1.166666697710752
uf,1.03,H02,H02P,1.166666697710752
yp,3.02,C10,C10M,1.166666701436043
qj,2.05,A63,A63B,1.166666701436043
ex,1.02,B26,B26F,1.166666701436043
ew,1.02,B25,B25B,1.166666701436043
ii,2.04,H02,H02B,1.166666701436043
im,2.01,F41,F41F,1.166666701436043
hi,5.01,F16,F16K,1.166666701436043
pn,1.01,B26,B26F,1.166666701436043
si,1.05,F41,F41F,1.166666701436043
il,2.07,F41,F41F,1.166666701436043
wu,5.04,F16,F16C,1.166666701436043
hi,5.01,H02,H02M,1.166666701436043
fa,2.01,A01,A01G,1.166666701436043
ha,5.03,F16,F16C,1.166666701436043
uh,1.03,C07,C07B,1.167151097208261
ru,3.01,A24,A24F,1.167441863566637
uh,1.03,B65,B65G,1.167803031392395
pd,6.02,G01,G01V,1.167832173407078
yo,3.01,F24,F24F,1.167857149615884
pa,6.02,A63,A63H,1.167857149615884
ze,1.06,C01,C01B,1.167948723770678
ew,1.02,B63,B63C,1.168055556714535
jy,4.05,D01,D01D,1.168518525548279
qq,1.05,A23,A23L,1.168642774224281
di,5.02,G05,G05F,1.168721279129386
qg,2.05,H04,H04J,1.168750002514571
qq,1.05,G09,G09B,1.168762974441051
rb,2.02,A61,A61L,1.168764668516815
pc,5.02,G01,G01T,1.169778143055737
ne,3.03,B81,B81C,1.16992911696434
ik,2.11,B60,B60G,1.169979307800531
dq,9,C11,C11D,1.170189884956926
pw,2.06,G03,G03F,1.170238454826176
lq,3.03,A23,A23J,1.170346323400736
ui,1.03,B09,B09C,1.170370377600193
iu,2.03,B27,B27K,1.170454546809196
bk,6.04,B24,B24B,1.170634927228093
mq,6.01,C12,C12N,1.170687027741224
lq,3.03,B01,B01D,1.171036066953093
dt,2.03,B22,B22D,1.171296315267682
if,2.11,E04,E04H,1.171428576111794
dm,3.02,G01,G01P,1.171530927531421
tc,3.02,A45,A45D,1.171768712811172
wh,3.02,C08,C08G,1.171921955421567
ih,2.07,A61,A61N,1.172091948799789
qf,9,D01,D01F,1.172595446463674
qu,1.06,B60,B60R,1.172764232382178
qh,2.05,H02,H02N,1.172777796629816
cq,1.06,B30,B30B,1.172967778518796
ia,3.02,B05,B05D,1.173103459179401
eq,3.01,G06,G06N,1.17325431574136
ub,1.03,A23,A23K,1.173448788002133
up,1.03,C08,C08F,1.17347913980484
up,1.03,B64,B64G,1.173611111938953
ns,2.01,F17,F17C,1.173681981861591
iy,1.06,B01,B01F,1.173708925023675
xw,3.03,B01,B01L,1.173854879103601
az,3.02,C12,C12M,1.173905838280916
up,1.03,F02,F02B,1.173958335071802
pu,2.03,G06,G06G,1.173984804656357
nn,3.03,B04,B04B,1.174074079841375
rz,3.03,A01,A01G,1.174242429435253
po,1.01,G01,G01F,1.174731202423573
am,4.01,C09,C09J,1.174877308309078
ee,1.04,B60,B60R,1.175000000745058
ql,9,H01,H01L,1.175000004470348
hq,1.04,B28,B28B,1.175000005401671
pi,1.06,C09,C09B,1.17500001937151
ah,4.01,B27,B27K,1.175438601523638
yr,2.01,B01,B01J,1.175467489752918
yy,5.07,H04,H04M,1.175490222871304
ro,1.07,F02,F02G,1.175585290417075
re,1.05,A61,A61N,1.175595253705978
jo,5.04,H03,H03K,1.17562467046082
zd,9,B06,B06B,1.175757590681314
ya,3.02,G09,G09F,1.176029963884503
ka,4.01,A63,A63B,1.176190491765738
zq,2.07,G11,G11C,1.176465639844537
co,1.06,B05,B05B,1.176475618965924
zk,9,A61,A61N,1.176519287750125
ry,2.03,H02,H02J,1.176692385692149
wu,5.04,C08,C08K,1.176850454881787
mr,6.01,C08,C08G,1.176870767958462
ei,1.04,B60,B60N,1.17708333581686
zm,1.06,B05,B05D,1.177083338610828
dr,1.06,C08,C08H,1.177147583570331
ec,1.04,F28,F28D,1.177304969169199
ka,4.01,H01,H01J,1.177365915849805
pm,2.05,B09,B09B,1.177525263279676
cu,1.06,C05,C05G,1.177631579339504
ij,2.11,B60,B60C,1.177777782082558
oa,2.11,F02,F02G,1.178191881626844
ia,3.02,C09,C09K,1.178232992999256
oo,3.03,H01,H01L,1.178325327113271
uf,1.03,F25,F25B,1.178347144741565
dt,2.03,C10,C10C,1.178571430966258
le,1.05,B05,B05D,1.179012350738049
ru,3.01,C09,C09C,1.179232809692621
cq,1.06,F28,F28F,1.179487199522555
uk,1.03,B65,B65H,1.179487199522555
ry,2.03,H03,H03H,1.179945068433881
gm,3.03,B01,B01J,1.180555555969477
tq,3.02,F04,F04B,1.180555555969477
uh,1.03,G01,G01F,1.180555567145348
ve,3.02,E04,E04C,1.180555570870638
ru,3.01,G05,G05G,1.180627712979913
dm,3.02,G05,G05F,1.18066380918026
pk,2.05,H05,H05H,1.180718969553709
jy,4.05,H02,H02J,1.180751193314791
de,1.06,B05,B05D,1.180871224030852
zr,1.05,C07,C07F,1.181608438957483
ni,3.01,G09,G09F,1.181647941935807
rq,1.06,G06,G06K,1.181818187236786
pk,2.05,F24,F24C,1.181818202137947
io,2.07,G01,G01M,1.181944452226162
sr,2.07,B82,B82Y,1.181946088094264
uf,1.03,C07,C07K,1.182288674870506
ea,1.04,F25,F25B,1.182539701461792
po,1.01,H04,H04M,1.182539708912373
ay,3.01,B82,B82Y,1.182655866490677
vi,5.01,H01,H01Q,1.182744569145143
fy,3.02,D01,D01D,1.182857148349285
iu,2.03,C05,C05F,1.182905986905098
uy,1.04,G21,G21K,1.1830053050071
km,1.06,G01,G01L,1.183247758075595
qa,3.01,C30,C30B,1.183333337306976
oy,9,A45,A45D,1.183333337306976
ky,1.05,C01,C01D,1.183333337306976
bm,5.07,C09,C09D,1.183333337306976
nm,5.02,H04,H04M,1.183333339169621
ac,2.02,F01,F01L,1.183333341032267
li,3.02,G03,G03G,1.183333344757557
nm,5.02,A61,A61Q,1.183333344757557
qj,2.05,G01,G01B,1.183333344757557
bu,1.03,C30,C30B,1.183333344757557
ad,4.02,B65,B65D,1.183333359658718
jy,4.05,A47,A47K,1.183823529630899
bf,5.04,G01,G01D,1.18382353335619
da,1.06,G03,G03G,1.183938761707395
zd,9,B05,B05B,1.183960609603673
fa,2.01,A61,A61N,1.184042937587947
ya,3.02,B29,B29B,1.184074070304632
yr,2.01,C09,C09D,1.184210557490587
dm,3.02,C01,C01B,1.184339326806366
vy,3.02,H04,H04S,1.184354312950745
fs,6.04,H01,H01S,1.18452381528914
ep,1.02,C01,C01B,1.185146064031869
fs,6.04,G02,G02C,1.185606062412262
ui,1.03,A23,A23K,1.185714293271303
op,3.03,F01,F01D,1.185714311897755
rx,3.02,H04,H04N,1.186573281884193
qa,3.01,F04,F04D,1.186666671186686
ia,3.02,C10,C10M,1.186666686087847
ee,1.04,C22,C22C,1.186904780566692
dw,1.04,B27,B27K,1.186932854354382
uh,1.03,G07,G07D,1.187165141105652
vj,5.01,A47,A47C,1.187345681712031
le,1.05,A47,A47C,1.1875
uk,1.03,A47,A47J,1.1875
im,2.01,B08,B08B,1.18792131356895
uh,1.03,F42,F42B,1.188095243182033
ih,2.07,D06,D06M,1.18824787857011
re,1.05,H01,H01J,1.188625982962549
ds,3.02,B29,B29D,1.189393945038319
ka,4.01,B01,B01F,1.189484130591154
da,1.06,G03,G03C,1.189540105406195
wc,3.03,H02,H02K,1.189922485500574
id,2.07,B63,B63J,1.190000005066395
cu,1.06,G01,G01T,1.190075931604952
sr,2.07,H03,H03K,1.190432527335361
dr,1.06,C12,C12G,1.190559446811676
lj,3.02,C12,C12N,1.190603169146925
id,2.07,E04,E04F,1.190740756690502
po,1.01,A01,A01N,1.190740757621825
wm,5.04,A61,A61J,1.190909095108509
ii,2.04,C14,C14C,1.191036419942975
ka,4.01,C07,C07G,1.191426153760403
dr,1.06,A23,A23B,1.191468269564211
ia,3.02,H02,H02J,1.191489355638623
rt,3.02,F16,F16F,1.191666670143604
oe,5.06,C08,C08F,1.191666672006249
de,1.06,A01,A01B,1.191666681319475
qf,9,H01,H01C,1.19202899094671
ia,3.02,G01,G01G,1.192063521593809
ra,2.11,B29,B29C,1.192106256028637
bu,1.03,C04,C04B,1.192261931486428
dw,1.04,B08,B08B,1.192270840983838
qu,1.06,F26,F26B,1.192307714372873
bm,5.07,A61,A61N,1.192633770406246
id,2.07,A63,A63G,1.192694835364819
ea,1.04,A23,A23N,1.19270833581686
uk,1.03,B44,B44C,1.192891800776124
nq,5.01,G08,G08G,1.193162416107953
qu,1.06,G01,G01R,1.193164143711329
km,1.06,C12,C12G,1.19316796399653
nn,3.03,A63,A63G,1.193290069699287
zk,9,G06,G06K,1.193362200632691
ur,1.01,H03,H03H,1.193533177720383
er,1.02,G01,G01M,1.193888779729605
co,1.06,B29,B29D,1.194174453150481
wf,1.06,A01,A01H,1.19418270769529
pq,1.01,C30,C30B,1.194327752105892
pi,1.06,C04,C04B,1.19436309626326
ei,1.04,F23,F23L,1.194444445893168
bp,6.04,B08,B08B,1.194444447755814
uh,1.03,B65,B65B,1.194444447755814
ev,1.02,B42,B42D,1.194444447755814
xw,3.03,C03,C03C,1.194444447755814
ub,1.03,A44,A44B,1.194444447755814
ui,1.03,F21,F21S,1.194444449618459
ii,2.04,F01,F01C,1.194444455206394
wv,3.03,G10,G10L,1.194444455206394
ah,4.01,B41,B41J,1.194444462656975
yr,2.01,G01,G01W,1.19444446451962
yr,2.01,F21,F21V,1.194444470107555
gy,5.02,A23,A23D,1.194466406479478
qk,6.01,C07,C07C,1.194512581452727
qf,9,G07,G07F,1.194537829607725
pm,2.05,F03,F03B,1.195238106884062
dw,1.04,F02,F02M,1.195519187022001
jb,5.07,A61,A61N,1.195573410950601
we,3.02,C12,C12R,1.196063734125346
oy,9,G10,G10K,1.196418976876885
oe,5.06,B60,B60K,1.196428574621677
re,1.05,A63,A63F,1.196428574621677
pq,1.01,H01,H01Q,1.196622584015131
xa,5.04,B32,B32B,1.196648694574833
ev,1.02,F16,F16K,1.196913288906217
qh,2.05,E01,E01C,1.196969717741013
ps,5.04,G06,G06T,1.197125198319554
gu,1.06,A61,A61H,1.197210189886391
rb,2.02,H04,H04J,1.197222237475216
qq,1.05,B23,B23K,1.197601015679538
dk,5.02,H02,H02M,1.19791667163372
pm,2.05,B44,B44B,1.19791667163372
ma,3.02,A61,A61G,1.19791667163372
ne,3.03,C11,C11C,1.198039220180362
wm,5.04,H03,H03H,1.198051976040006
ih,2.07,A61,A61F,1.198065625037998
ac,2.02,H04,H04H,1.19841271545738
nn,3.03,D21,D21H,1.198466587811708
ei,1.04,G04,G04F,1.198579546995461
rx,3.02,G01,G01S,1.198691993951797
nn,3.03,A61,A61G,1.198879558593035
ku,5.07,B41,B41M,1.199457694776356
ni,3.01,C12,C12C,1.199863955844194
mq,6.01,C10,C10B,1.200000002980232
jy,4.05,H03,H03M,1.200000002980232
bf,5.04,C11,C11B,1.200000002980232
za,3.02,H02,H02M,1.200000002980232
vj,5.01,F41,F41C,1.200000002980232
bi,6.01,C02,C02F,1.200000002980232
nm,5.02,G01,G01J,1.200000002980232
db,2.08,B42,B42F,1.200000002980232
ku,5.07,B28,B28B,1.200000002980232
ia,3.02,B21,B21D,1.200000002980232
yi,6.03,G01,G01B,1.200000002980232
za,3.02,B60,B60C,1.200000002980232
qq,1.05,B62,B62D,1.200000002980232
oz,6.02,C09,C09G,1.200000002980232
pa,6.02,G08,G08C,1.200000002980232
yi,6.03,F03,F03D,1.200000002980232
qc,6.02,A63,A63F,1.200000002980232
dm,3.02,B60,B60K,1.200000002980232
bq,6.05,B22,B22C,1.200000002980232
cq,1.06,B42,B42C,1.200000002980232
yg,6.04,C12,C12M,1.200000002980232
mm,6.01,F01,F01P,1.200000002980232
ai,2.03,F01,F01P,1.200000002980232
jm,5.04,H01,H01R,1.200000002980232
bp,6.04,C25,C25B,1.200000002980232
id,2.07,A23,A23N,1.200000002980232
bp,6.04,F21,F21V,1.200000002980232
ki,3.02,F02,F02B,1.200000002980232
dq,9,F15,F15B,1.200000002980232
zm,1.06,F16,F16F,1.200000002980232
ph,6.02,H01,H01R,1.200000002980232
io,2.07,B29,B29C,1.200000002980232
js,6.04,C12,C12M,1.200000002980232
vi,5.01,H02,H02G,1.200000002980232
td,3.02,F16,F16J,1.200000002980232
ai,2.03,B24,B24C,1.200000002980232
bm,5.07,C01,C01G,1.200000002980232
rq,1.06,C07,C07J,1.200000002980232
ad,4.02,F16,F16C,1.200000002980232
lj,3.02,G03,G03B,1.200000002980232
qq,1.05,B27,B27K,1.200000002980232
jy,4.05,B42,B42F,1.200000002980232
pq,1.01,H03,H03D,1.200000002980232
ox,6.02,H02,H02M,1.200000002980232
ki,3.02,C09,C09J,1.200000002980232
wm,5.04,C01,C01B,1.200000002980232
jw,6.02,G05,G05F,1.200000002980232
ik,2.11,F28,F28G,1.200000002980232
qq,1.05,A22,A22B,1.200000002980232
pu,2.03,C05,C05G,1.200000002980232
yi,6.03,F01,F01P,1.200000002980232
pc,5.02,B60,B60C,1.200000002980232
qc,6.02,C08,C08J,1.200000002980232
fy,3.02,A47,A47B,1.200000002980232
um,3.01,B60,B60L,1.200000002980232
zd,9,F16,F16C,1.200000002980232
ac,2.02,E02,E02B,1.200000002980232
qu,1.06,F02,F02B,1.200000002980232
iy,1.06,H03,H03M,1.200000002980232
zc,4.03,B60,B60W,1.200000002980232
bq,6.05,B27,B27C,1.200000002980232
ze,1.06,H01,H01H,1.200000002980232
bu,1.03,F22,F22B,1.200000002980232
qu,1.06,H03,H03G,1.200000002980232
sa,3.03,C09,C09J,1.2000000057742
ha,5.03,B23,B23K,1.200000006705523
ai,2.03,B60,B60G,1.200000006705523
sd,3.02,G06,G06C,1.200000010430813
ne,3.03,D04,D04H,1.200000010430813
pe,5.02,B21,B21D,1.200000017881393
bv,5.01,F02,F02B,1.200000032782555
id,2.07,F42,F42D,1.200396827422082
co,1.06,D01,D01D,1.200422737747431
py,3.02,G08,G08C,1.200627863407135
kv,1.05,G01,G01B,1.200980408117175
yp,3.02,G01,G01D,1.201149430125952
di,5.02,H01,H01G,1.201149430125952
xq,2.11,H02,H02N,1.201190480962396
xq,2.11,B29,B29D,1.201337459031492
tc,3.02,C07,C07H,1.201662474311888
ai,2.03,A63,A63G,1.201754406094551
py,3.02,G07,G07C,1.201785714365542
yp,3.02,H04,H04J,1.201923087239265
tu,3.01,D04,D04H,1.201923087239265
ep,1.02,C08,C08G,1.201961834449321
ai,2.03,E04,E04C,1.202222246676683
ha,5.03,G05,G05D,1.202564110979438
uq,5.07,E21,E21B,1.202898571267724
uk,1.03,A44,A44C,1.203216383233666
ne,3.03,A47,A47C,1.203395072370768
um,3.01,C08,C08L,1.20350119099021
ra,2.11,B81,B81B,1.203571438789368
pc,5.02,G16,G16H,1.203609626740217
ig,2.06,C23,C23F,1.203649386996403
pg,6.02,G01,G01N,1.203810546547174
ru,3.01,H01,H01S,1.203858512919396
di,5.02,B60,B60W,1.203968280926347
ox,6.02,B01,B01J,1.204761911183596
ub,1.03,A47,A47J,1.204861123114824
dt,2.03,D01,D01F,1.205000012181699
zd,9,G03,G03F,1.205043859779835
tm,3.01,H02,H02J,1.205082752741873
wu,5.04,G08,G08B,1.205128211528063
ex,1.02,F25,F25D,1.205128237605095
ut,6.02,G01,G01S,1.20517473295331
az,3.02,G02,G02B,1.205357149243355
ai,2.03,C11,C11B,1.205357149243355
wu,5.04,A23,A23K,1.205555558204651
uf,1.03,G01,G01S,1.205670477822423
vj,5.01,C08,C08K,1.205813986249268
tc,3.02,B01,B01F,1.205833334475756
vy,3.02,G01,G01Q,1.205989515176043
ds,3.02,G01,G01L,1.206097571179271
ui,1.03,F15,F15D,1.206510594580323
pe,5.02,B41,B41J,1.206649837084115
rt,3.02,B41,B41M,1.206666670739651
pe,5.02,C21,C21D,1.206666685640812
er,1.02,H04,H04J,1.20674604922533
vy,3.02,F17,F17C,1.206896550953388
pe,5.02,C07,C07D,1.206921285483986
ep,1.02,B62,B62K,1.206944449804723
km,1.06,B09,B09C,1.206998569890857
sy,1.03,D06,D06P,1.207010583952069
cu,1.06,B05,B05D,1.20739017939195
et,1.02,H01,H01T,1.207407409325242
eu,2.02,C12,C12N,1.208085404708982
pe,5.02,G05,G05F,1.208318722434342
ro,1.07,F23,F23C,1.208333333954215
az,3.02,F02,F02M,1.20833333581686
oe,5.06,G01,G01J,1.20833333581686
ye,2.02,A45,A45C,1.20833333581686
ah,4.01,G01,G01F,1.20833333581686
sy,1.03,A47,A47C,1.20833333581686
pz,2.05,A63,A63C,1.20833333581686
dq,9,G03,G03B,1.20833333581686
vj,5.01,F03,F03D,1.20833333581686
uu,5.06,C12,C12R,1.20833333954215
es,2.02,F16,F16L,1.20833333954215
oy,9,H01,H01F,1.20833333954215
fa,2.01,A63,A63B,1.208333343267441
re,1.05,B22,B22C,1.208333343267441
qq,1.05,F02,F02M,1.208333343267441
lj,3.02,A41,A41D,1.208333343267441
ik,2.11,B26,B26F,1.208333343267441
li,3.02,A41,A41D,1.208333343267441
ku,5.07,H01,H01M,1.208333343267441
wm,5.04,A24,A24D,1.208333343267441
yi,6.03,G07,G07F,1.208333343267441
cq,1.06,F01,F01D,1.208333343267441
ew,1.02,F16,F16M,1.208333350718021
ee,1.04,B22,B22D,1.208333350718021
dt,2.03,C10,C10K,1.208333350718021
up,1.03,B32,B32B,1.208333354443312
cu,1.06,F16,F16H,1.208333365619183
de,1.06,G07,G07F,1.20862069260329
gc,1.05,A61,A61N,1.208699407055974
rb,2.02,C12,C12N,1.208714357228018
qe,2.09,G01,G01R,1.209363343659788
ni,3.01,A01,A01C,1.209440570790321
ix,2.07,G02,G02B,1.209484915714711
nu,5.08,B64,B64G,1.209523819386959
ze,1.06,H01,H01J,1.209620119305328
ur,1.01,H05,H05G,1.209653932601213
sd,3.02,A23,A23D,1.20966646168381
uf,1.03,C30,C30B,1.209713413845748
ig,2.06,A23,A23G,1.209953251294792
ui,1.03,G06,G06E,1.210069723427296
ut,6.02,G01,G01C,1.210144933313131
iq,2.02,C06,C06B,1.210213497746736
xy,1.01,H04,H04Q,1.210256416350603
ga,3.02,H02,H02K,1.210526317358017
er,1.02,H01,H01Q,1.210603811778128
ig,2.06,C01,C01F,1.210639749653637
es,2.02,A43,A43B,1.210714299231768
es,2.02,D01,D01F,1.211111122742295
ip,2.07,G01,G01J,1.211111137643456
cn,5.01,C07,C07H,1.211504934355617
db,2.08,B30,B30B,1.211640229448676
jb,5.07,E21,E21B,1.211893100757152
qg,2.05,B65,B65G,1.211904771625996
ni,3.01,G21,G21K,1.21193876164034
pa,6.02,H01,H01F,1.212121218442917
td,3.02,G01,G01S,1.212500002235174
xy,1.01,G08,G08B,1.212835564743727
km,1.06,C11,C11C,1.212868196889758
rx,3.02,G06,G06Q,1.213002619799227
qh,2.05,H04,H04R,1.213384473696351
ox,6.02,C08,C08J,1.2134615406394
ev,1.02,C22,C22C,1.21388890221715
ja,1.05,G01,G01H,1.213888924568892
qg,2.05,B28,B28D,1.213963970076293
jy,4.05,E04,E04H,1.214285720139742
tq,3.02,H01,H01F,1.214285720139742
fi,1.04,A01,A01K,1.214285735040903
ia,3.02,G03,G03B,1.214285735040903
ka,4.01,G10,G10L,1.214376959949732
ip,2.07,A61,A61L,1.214569446863607
ma,3.02,G01,G01P,1.214705885387957
da,1.06,G01,G01M,1.214705904014409
le,1.05,C07,C07H,1.214801842346787
zq,2.07,G06,G06K,1.214826863259077
dw,1.04,G09,G09F,1.215038319118321
aq,3.02,G01,G01R,1.215053766965866
my,5.01,C07,C07K,1.215092667145655
db,2.08,E06,E06B,1.215217394754291
mq,6.01,H02,H02M,1.215625002980232
gy,5.02,B29,B29D,1.215625002980232
sr,2.07,B06,B06B,1.216414171271026
ig,2.06,B29,B29B,1.216503898613155
bi,6.01,C09,C09B,1.216666672378778
qq,1.05,C05,C05F,1.216666672378778
ac,2.02,A23,A23G,1.216666672378778
pc,5.02,B60,B60T,1.216666672378778
ih,2.07,H02,H02M,1.216666676104069
ur,1.01,G01,G01T,1.216837111627683
tu,3.01,C22,C22B,1.21688312292099
uf,1.03,C01,C01G,1.217017785646021
ij,2.11,C01,C01G,1.217299047857523
lq,3.03,C12,C12N,1.217306975799147
ex,1.02,F04,F04B,1.217534748837352
yi,6.03,G09,G09B,1.217720691114664
ex,1.02,A41,A41D,1.21777781099081
ei,1.04,F24,F24H,1.217948723584414
dt,2.03,H02,H02M,1.218312449753284
vx,5.01,C08,C08G,1.218333335593343
dy,1.04,A61,A61H,1.218587671872228
gc,1.05,H05,H05K,1.219429606571794
ba,3.02,A23,A23L,1.219926254823804
we,3.02,G06,G06N,1.220205593854189
gc,1.05,A62,A62D,1.220401342958212
ep,1.02,G21,G21C,1.220555563922971
xw,3.03,A61,A61J,1.220833336701617
es,2.02,G03,G03C,1.220833343919367
pq,1.01,C25,C25B,1.220979024656117
sr,2.07,G03,G03B,1.221071438863873
uh,1.03,A23,A23G,1.22127659805119
ye,2.02,H01,H01T,1.221296297386289
wu,5.04,C08,C08F,1.221749799326062
ki,3.02,G08,G08B,1.221774190664291
co,1.06,A62,A62D,1.221797556616366
gm,3.03,A24,A24F,1.221884334459901
pk,2.05,C21,C21D,1.222023829817772
uf,1.03,C25,C25D,1.222201626049355
ip,2.07,H01,H01B,1.222222223877907
ei,1.04,B21,B21B,1.222222223877907
gy,5.02,B64,B64C,1.222222223877907
qc,6.02,E02,E02D,1.222222223877907
mm,6.01,E02,E02D,1.222222223877907
ru,3.01,B64,B64G,1.222222223877907
pz,2.05,A47,A47J,1.222222223877907
om,5.05,G01,G01F,1.222222223877907
am,4.01,A61,A61N,1.222222225740552
pm,2.05,B64,B64B,1.222222227603197
if,2.11,B63,B63C,1.222222227603197
uh,1.03,A62,A62D,1.222222227603197
er,1.02,F42,F42B,1.222222227603197
pe,5.02,B01,B01F,1.222222227603197
ei,1.04,D03,D03D,1.222222242504358
hb,5.03,B65,B65D,1.222222242504358
ye,2.02,F16,F16B,1.222222242504358
ip,2.07,C09,C09D,1.222222246229649
dx,3.01,C08,C08H,1.223051798064262
ia,3.02,G11,G11C,1.223181604407728
cq,1.06,E02,E02B,1.223214287310839
ih,2.07,G09,G09B,1.223330050706863
ru,3.01,B24,B24B,1.223809543997049
dq,9,G07,G07C,1.224007942713797
am,4.01,D01,D01F,1.224614873994142
ju,4.01,C07,C07C,1.224629079224542
oz,6.02,G08,G08B,1.225000001490116
py,3.02,E04,E04F,1.225000001490116
xy,1.01,H04,H04H,1.225000001490116
qh,2.05,C12,C12N,1.225225228117779
mm,6.01,C12,C12Y,1.225274734199047
ac,2.02,B64,B64B,1.225396830588579
jy,4.05,C40,C40B,1.225598544842796
zk,9,H05,H05B,1.225613305345178
yy,5.07,G01,G01C,1.225746616721153
qf,9,B01,B01F,1.225793655961752
dw,1.04,F02,F02D,1.225877830758691
un,1.03,H02,H02J,1.225972231011838
ry,2.03,G03,G03C,1.226190485060215
ju,4.01,A01,A01H,1.226190485060215
si,1.05,C08,C08L,1.226190492510796
ea,1.04,H01,H01R,1.226662538945675
xy,1.01,B01,B01F,1.226926129311323
vy,3.02,B04,B04B,1.227318500168622
gy,5.02,B64,B64D,1.227380961179733
ze,1.06,G02,G02B,1.227588388137519
ne,3.03,A62,A62C,1.227777803316712
iu,2.03,E02,E02B,1.227777812629938
xq,2.11,F16,F16F,1.228030309081078
hb,5.03,A61,A61M,1.228571434505284
py,3.02,C40,C40B,1.228620831971057
ew,1.02,B23,B23P,1.228654980659485
km,1.06,H02,H02M,1.228860304225236
iu,2.03,B09,B09C,1.22916667163372
de,1.06,G09,G09G,1.22916667163372
cq,1.06,B03,B03B,1.22916667163372
ex,1.02,F41,F41A,1.229166701436043
qq,1.05,H02,H02H,1.229255320504308
li,3.02,H04,H04N,1.22934087831527
ja,1.05,A23,A23B,1.22937620151788
vm,5.06,G01,G01R,1.230303034186363
vs,5.01,G05,G05B,1.23042328748852
uk,1.03,G21,G21G,1.230628665536642
dw,1.04,F24,F24F,1.230759820900857
xq,2.11,A01,A01D,1.230769239366055
mu,4.01,C02,C02F,1.231213455088437
td,3.02,H01,H01B,1.231250002980232
ka,4.01,C30,C30B,1.231250002980232
hq,1.04,B05,B05B,1.231395928189158
ij,2.11,G01,G01T,1.231577696278691
wm,5.04,B42,B42D,1.232142860069871
qg,2.05,G21,G21G,1.232142861932516
ry,2.03,B07,B07C,1.232407409697771
ve,3.02,G03,G03H,1.232539704069495
et,1.02,B81,B81B,1.232774412725121
ja,1.05,D02,D02G,1.233333341777325
fa,2.01,B09,B09B,1.233333341777325
wu,5.04,E04,E04C,1.233333341777325
pf,6.02,A63,A63F,1.233333349227905
hq,1.04,F03,F03D,1.233333371579647
dt,2.03,C07,C07F,1.233408076921478
if,2.11,F28,F28D,1.233409251086414
zk,9,G05,G05B,1.233766242861748
ma,3.02,C02,C02F,1.233823552727699
rb,2.02,G05,G05F,1.233868942596018
am,4.01,G01,G01S,1.233956220094115
xy,1.01,G01,G01B,1.23481586156413
ik,2.11,A23,A23L,1.235267884563655
hf,6.03,G02,G02B,1.235588671639562
pn,1.01,C30,C30B,1.235994408838451
dk,5.02,C22,C22C,1.236111111938953
ep,1.02,C10,C10L,1.236111111938953
eu,2.02,B29,B29C,1.236111111938953
gy,5.02,H01,H01H,1.236111111938953
ex,1.02,B44,B44F,1.236111111938953
ye,2.02,G06,G06J,1.236111119389534
pu,2.03,G08,G08B,1.236111126840115
ni,3.01,H02,H02M,1.236111126840115
ns,2.01,F16,F16D,1.236111130565405
ui,1.03,C01,C01F,1.236309539526701
ti,9,C12,C12Y,1.236659304238856
wf,1.06,C08,C08F,1.236935294698924
id,2.07,G01,G01Q,1.237547135446221
tm,3.01,G07,G07F,1.237684736028314
sy,1.03,G06,G06G,1.237833709456027
ad,4.02,H03,H03M,1.238095246255398
sd,3.02,B62,B62K,1.238095246255398
jb,5.07,E06,E06B,1.238095246255398
id,2.07,B05,B05C,1.238095257431269
ex,1.02,H03,H03B,1.238492078147829
ye,2.02,B01,B01L,1.2387628989527
uk,1.03,B60,B60Q,1.23879973217845
uf,1.03,C22,C22C,1.238888891413808
dw,1.04,C06,C06C,1.238888893276453
za,3.02,B05,B05D,1.238960117101669
gc,1.05,C05,C05F,1.239285729825497
iu,2.03,F21,F21K,1.239538263529539
pn,1.01,A01,A01H,1.239543162751943
up,1.03,H01,H01B,1.239898996427655
ui,1.03,H01,H01T,1.239898996427655
dq,9,F16,F16L,1.240079373121262
hq,1.04,G02,G02C,1.240263536572456
er,1.02,E02,E02F,1.240284750238061
pf,6.02,G06,G06K,1.240873027592897
dt,2.03,A01,A01G,1.240891056833789
cu,1.06,G05,G05B,1.240910517051816
qc,6.02,C07,C07F,1.241520475596189
eo,6.02,H04,H04M,1.241666674613953
im,2.01,A23,A23B,1.241666678339243
zd,9,F21,F21V,1.241883121430874
dw,1.04,F04,F04B,1.242152285063639
oe,5.06,B24,B24B,1.242261927574873
ev,1.02,G07,G07D,1.242375690490007
er,1.02,G03,G03F,1.24254165077582
bf,5.04,A61,A61N,1.242707784287632
ac,2.02,C09,C09K,1.243300663307309
tc,3.02,D01,D01F,1.243639636784792
dk,5.02,G01,G01K,1.243663979694247
vi,5.01,H04,H04B,1.243670270312577
pk,2.05,B21,B21C,1.243686873465776
qa,3.01,H02,H02J,1.243817114736885
es,2.02,A61,A61J,1.244444460608065
sd,3.02,F04,F04B,1.2446428835392
ih,2.07,C21,C21B,1.244688659906387
er,1.02,G01,G01J,1.244699764065444
vy,3.02,C09,C09J,1.245000004768372
tc,3.02,C07,C07F,1.245354255661368
ev,1.02,F16,F16C,1.245454551652074
dy,1.04,C22,C22F,1.245634939987212
hb,5.03,C25,C25D,1.245833337306976
if,2.11,F26,F26B,1.245833352208138
zd,9,C11,C11C,1.246037308126688
jy,4.05,C23,C23F,1.246130958199501
he,5.03,A61,A61B,1.246141271665692
pu,2.03,F24,F24D,1.246527798473835
wf,1.06,C40,C40B,1.246701330877841
zq,2.07,C01,C01D,1.246825402602553
ni,3.01,C11,C11B,1.246842413442209
ij,2.11,B29,B29B,1.246969733387232
ju,4.01,G07,G07C,1.24707604944706
dw,1.04,B29,B29B,1.24721806216985
oy,9,G01,G01F,1.247222226113081
ns,2.01,B30,B30B,1.247474774718285
ec,1.04,G01,G01B,1.247687255032361
ay,3.01,G01,G01R,1.247706608846784
pu,2.03,F17,F17D,1.247916674241424
un,1.03,H02,H02M,1.248397439718246
ae,4.05,B65,B65B,1.248412730172276
zd,9,H01,H01B,1.248578225262463
ep,1.02,B63,B63H,1.248611116781831
qe,2.09,C01,C01G,1.249144107103348
ye,2.02,C08,C08L,1.249441548483446
ze,1.06,A61,A61J,1.249633710831404
ze,1.06,B65,B65D,1.249911768361926
yi,6.03,G09,G09F,1.25
pa,6.02,B23,B23F,1.25
bk,6.04,B62,B62K,1.25
yi,6.03,B41,B41F,1.25
am,4.01,F15,F15B,1.25
eo,6.02,B29,B29D,1.25
pa,6.02,E04,E04G,1.25
bp,6.04,H03,H03L,1.25
wu,5.04,E04,E04F,1.25
fs,6.04,C10,C10M,1.25
qa,3.01,B41,B41F,1.25
bd,1.06,B60,B60N,1.25
ya,3.02,E06,E06B,1.25
bm,5.07,G05,G05B,1.25
we,3.02,B41,B41M,1.25
le,1.05,G03,G03G,1.25
nu,5.08,G04,G04B,1.25
bi,6.01,C10,C10G,1.25
pa,6.02,B66,B66F,1.25
jy,4.05,D06,D06P,1.25
zd,9,A01,A01M,1.25
or,5.09,F25,F25D,1.25
nu,5.08,E21,E21C,1.25
bd,1.06,H04,H04R,1.25
ve,3.02,E01,E01B,1.25
ki,3.02,C10,C10M,1.25
ee,1.04,D06,D06N,1.25
pd,6.02,H04,H04B,1.25
ee,1.04,G07,G07D,1.25
ga,3.02,A23,A23B,1.25
yy,5.07,H01,H01B,1.25
dq,9,G09,G09F,1.25
wy,5.04,G11,G11C,1.25
ah,4.01,G08,G08B,1.25
ga,3.02,C10,C10M,1.25
bf,5.04,B23,B23K,1.25
bk,6.04,G01,G01P,1.25
qh,2.05,A61,A61H,1.25
cu,1.06,A61,A61G,1.25
rt,3.02,B29,B29B,1.25
ue,2.11,E05,E05B,1.25
sd,3.02,F25,F25D,1.25
eo,6.02,G03,G03F,1.25
yg,6.04,F02,F02D,1.25
ev,1.02,F02,F02B,1.25
za,3.02,E21,E21D,1.25
ry,2.03,C25,C25F,1.25
zk,9,B64,B64C,1.25
bu,1.03,F42,F42B,1.25
iq,2.02,D07,D07B,1.25
ta,1.06,B21,B21F,1.25
uy,1.04,C25,C25C,1.25
fs,6.04,G09,G09F,1.25
tq,3.02,A47,A47C,1.25
su,3.02,A63,A63F,1.25
ad,4.02,G01,G01R,1.25
ba,3.02,F02,F02D,1.25
tu,3.01,B06,B06B,1.25
bu,1.03,B64,B64D,1.25
bu,1.03,B65,B65D,1.25
ds,3.02,F02,F02B,1.25
bp,6.04,B62,B62K,1.25
km,1.06,F02,F02M,1.25
ne,3.03,B62,B62J,1.25
pq,1.01,H02,H02S,1.25
ua,6.03,H05,H05B,1.25
gu,1.06,G01,G01P,1.25
dk,5.02,G03,G03B,1.25
ah,4.01,F16,F16L,1.25
wm,5.04,B65,B65B,1.25
wm,5.04,F28,F28F,1.25
ij,2.11,F41,F41B,1.25
tu,3.01,B60,B60V,1.25
qd,6.02,G11,G11B,1.25
mm,6.01,F03,F03B,1.25
wq,5.01,D21,D21H,1.25
cl,9,E04,E04B,1.25
ry,2.03,B60,B60R,1.25
ua,6.03,B24,B24B,1.25
ns,2.01,E04,E04B,1.25
om,5.05,F16,F16B,1.25
ha,5.03,C10,C10L,1.25
gu,1.06,D21,D21C,1.25
ec,1.04,B60,B60T,1.25
ba,3.02,D03,D03D,1.25
qe,2.09,A46,A46D,1.25
uk,1.03,B60,B60T,1.25
py,3.02,B61,B61B,1.25
if,2.11,B27,B27N,1.25
ji,5.01,A61,A61Q,1.25
dq,9,G08,G08G,1.25
pj,2.05,B60,B60R,1.25
ip,2.07,A01,A01H,1.25
mw,5.09,H04,H04Q,1.25
um,3.01,A01,A01D,1.25
or,5.09,A47,A47H,1.25
hl,3.03,F16,F16K,1.25
dk,5.02,G05,G05F,1.25
ec,1.04,D06,D06P,1.25
zc,4.03,B03,B03C,1.25
ut,6.02,H04,H04Q,1.25
zd,9,B65,B65H,1.25
su,3.02,B42,B42D,1.25
rp,6.04,G09,G09F,1.25
pk,2.05,A47,A47B,1.25
mu,4.01,D06,D06P,1.25
yp,3.02,H02,H02G,1.25
pm,2.05,B42,B42F,1.25
pq,1.01,F01,F01N,1.25
xq,2.11,B41,B41C,1.25
he,5.03,H04,H04R,1.25
hf,6.03,A47,A47K,1.25
dm,3.02,B63,B63H,1.25
ph,6.02,A01,A01N,1.25
ew,1.02,E06,E06B,1.25
oy,9,F26,F26B,1.25
rq,1.06,F02,F02D,1.25
vj,5.01,B63,B63H,1.25
iu,2.03,B62,B62H,1.25
gu,1.06,E01,E01C,1.25
iq,2.02,F41,F41C,1.25
mm,6.01,F02,F02C,1.25
ma,3.02,H03,H03J,1.25
ph,6.02,C08,C08G,1.25
ot,6.02,B21,B21D,1.25
bp,6.04,F04,F04C,1.25
ec,1.04,F16,F16H,1.25
ro,1.07,F24,F24C,1.25
su,3.02,H02,H02H,1.25
ha,5.03,H02,H02B,1.25
xq,2.11,A61,A61G,1.25
gu,1.06,C06,C06B,1.25
xq,2.11,H02,H02H,1.25
uu,5.06,E05,E05B,1.25
ox,6.02,B24,B24B,1.25
fu,5.04,G11,G11C,1.25
bk,6.04,E04,E04C,1.25
ja,1.05,G10,G10K,1.25
oe,5.06,G01,G01P,1.25
ui,1.03,E04,E04B,1.25
gu,1.06,B64,B64D,1.25
qg,2.05,E04,E04H,1.25
iy,1.06,B32,B32B,1.25
pj,2.05,G09,G09F,1.25
gy,5.02,G10,G10H,1.25
wu,5.04,C09,C09B,1.25
ai,2.03,F42,F42D,1.25
nq,5.01,C02,C02F,1.25
hi,5.01,E04,E04D,1.25
gu,1.06,A63,A63H,1.25
iq,2.02,E01,E01D,1.25
za,3.02,B28,B28B,1.25
gc,1.05,F16,F16B,1.25
hi,5.01,F16,F16H,1.25
ea,1.04,E21,E21C,1.25
bq,6.05,E04,E04G,1.25
ew,1.02,C11,C11C,1.25
nu,5.08,C13,C13B,1.25
ha,5.03,G04,G04G,1.25
ta,1.06,H04,H04B,1.25
qa,3.01,C09,C09G,1.25
gy,5.02,B23,B23P,1.25
ox,6.02,C09,C09D,1.25
ni,3.01,E04,E04B,1.25
yu,3.03,F16,F16H,1.25
wm,5.04,H03,H03G,1.25
xy,1.01,G03,G03C,1.25
jw,6.02,H05,H05K,1.25
pq,1.01,C09,C09G,1.25
qf,9,A43,A43B,1.25
bi,6.01,B41,B41J,1.25
ki,3.02,A01,A01D,1.25
bu,1.03,G21,G21G,1.25
oy,9,G01,G01L,1.25
ip,2.07,G01,G01C,1.25
zm,1.06,D04,D04H,1.25
si,1.05,D06,D06P,1.25
am,4.01,E03,E03F,1.25
yi,6.03,B21,B21D,1.25
dk,5.02,C21,C21D,1.25
am,4.01,H03,H03K,1.25
oe,5.06,C08,C08K,1.25
ut,6.02,B23,B23K,1.25
ii,2.04,F16,F16D,1.25
mm,6.01,F16,F16J,1.25
ai,2.03,A41,A41D,1.25
ha,5.03,G01,G01T,1.25
hf,6.03,F24,F24S,1.25
yi,6.03,A23,A23B,1.25
rb,2.02,G21,G21C,1.25
rz,3.03,A47,A47C,1.25
dm,3.02,H04,H04K,1.25
gc,1.05,G01,G01G,1.25
ra,2.11,B26,B26D,1.25
rt,3.02,F02,F02C,1.25
bd,1.06,A61,A61F,1.25
wm,5.04,F24,F24H,1.25
pe,5.02,B41,B41F,1.25
ra,2.11,H02,H02B,1.25
xq,2.11,B60,B60T,1.25
et,1.02,B63,B63G,1.25
ah,4.01,B41,B41F,1.25
ai,2.03,F17,F17D,1.25
es,2.02,B22,B22C,1.25
gy,5.02,C12,C12C,1.25
tu,3.01,H03,H03G,1.25
rp,6.04,C08,C08J,1.25
bq,6.05,C05,C05G,1.25
oz,6.02,C03,C03B,1.25
wv,3.03,A47,A47K,1.25
we,3.02,C11,C11D,1.25
zd,9,E05,E05B,1.25
oz,6.02,G10,G10D,1.25
ha,5.03,E05,E05F,1.25
qu,1.06,H01,H01H,1.25
zd,9,F03,F03D,1.25
bk,6.04,B65,B65H,1.25
nu,5.08,F28,F28D,1.25
xa,5.04,H01,H01B,1.25
ia,3.02,B41,B41N,1.25
vj,5.01,B29,B29B,1.25
uq,5.07,G03,G03C,1.25
nu,5.08,F24,F24C,1.25
ga,3.02,E04,E04C,1.25
pc,5.02,A45,A45D,1.25
oy,9,A47,A47J,1.25
vm,5.06,G03,G03G,1.25
bp,6.04,F23,F23C,1.25
gu,1.06,B66,B66F,1.25
za,3.02,G02,G02F,1.25
vj,5.01,B60,B60J,1.25
ik,2.11,B41,B41N,1.25
iu,2.03,C10,C10K,1.25
xw,3.03,F41,F41G,1.25
ze,1.06,B41,B41J,1.25
vy,3.02,B60,B60H,1.25
om,5.05,C06,C06B,1.25
jm,5.04,E21,E21B,1.25
wy,5.04,B29,B29D,1.25
di,5.02,D06,D06M,1.25
ot,6.02,A47,A47J,1.25
ha,5.03,F21,F21S,1.25
de,1.06,C21,C21B,1.25
ub,1.03,B28,B28C,1.25
my,5.01,C08,C08G,1.25
ba,3.02,H04,H04Q,1.25
fa,2.01,E02,E02B,1.25
oo,3.03,A47,A47K,1.25
di,5.02,E01,E01C,1.25
ub,1.03,E04,E04H,1.25
zd,9,G10,G10K,1.25
cl,9,H03,H03K,1.25
vj,5.01,H01,H01G,1.25
bm,5.07,F25,F25B,1.25
ut,6.02,C12,C12C,1.25
td,3.02,A61,A61G,1.25
if,2.11,D05,D05B,1.25
ds,3.02,E06,E06B,1.25
pz,2.05,C06,C06C,1.25
pi,1.06,B65,B65G,1.25
ye,2.02,F41,F41C,1.25
ni,3.01,C01,C01D,1.25
oz,6.02,A01,A01G,1.25
ua,6.03,A01,A01G,1.25
rz,3.03,B60,B60L,1.25
wm,5.04,A47,A47K,1.25
ky,1.05,H04,H04M,1.25
bf,5.04,D21,D21H,1.25
ev,1.02,F23,F23C,1.25
vi,5.01,F15,F15B,1.25
ry,2.03,H03,H03G,1.25
ac,2.02,B61,B61F,1.25
wm,5.04,B64,B64C,1.25
gu,1.06,F25,F25D,1.25
we,3.02,G02,G02F,1.25
id,2.07,F01,F01M,1.25
oy,9,B30,B30B,1.25
vi,5.01,E21,E21B,1.25
pa,6.02,F24,F24H,1.25
xa,5.04,G10,G10K,1.25
pe,5.02,F02,F02M,1.25
ia,3.02,C21,C21D,1.25
ai,2.03,H03,H03J,1.25
ua,6.03,G08,G08B,1.25
vj,5.01,G03,G03B,1.25
ix,2.07,G01,G01H,1.25
ui,1.03,B26,B26F,1.25
vi,5.01,B60,B60P,1.25
rp,6.04,D04,D04H,1.25
ec,1.04,F16,F16D,1.25
td,3.02,G01,G01L,1.25
oy,9,F02,F02B,1.25
ea,1.04,B26,B26D,1.25
uh,1.03,B05,B05C,1.25
fy,3.02,A01,A01C,1.25
wm,5.04,F41,F41B,1.25
cu,1.06,F41,F41H,1.25
bp,6.04,A47,A47H,1.25
tm,3.01,A41,A41D,1.25
er,1.02,E05,E05B,1.25
ka,4.01,B65,B65D,1.25
ru,3.01,B60,B60N,1.25
jm,5.04,G09,G09G,1.25000000372529
vj,5.01,E05,E05B,1.25000000372529
dr,1.06,C22,C22C,1.250000007450581
id,2.07,A01,A01F,1.250000007450581
ro,1.07,D06,D06N,1.250000007450581
pa,6.02,G03,G03C,1.250000007450581
tu,3.01,G07,G07D,1.250000007450581
vj,5.01,A23,A23D,1.250000007450581
uf,1.03,C25,C25C,1.250000007450581
rq,1.06,A63,A63B,1.250000007450581
tm,3.01,H01,H01Q,1.250000007450581
my,5.01,H04,H04M,1.250000007450581
ha,5.03,C09,C09J,1.250000007450581
vs,5.01,H04,H04W,1.250000007450581
hl,3.03,F21,F21V,1.250000007450581
ra,2.11,A23,A23J,1.250000007450581
wh,3.02,H04,H04M,1.250000007450581
pz,2.05,C11,C11C,1.250000007450581
yq,5.07,B60,B60N,1.250000007450581
ii,2.04,F02,F02F,1.250000007450581
dy,1.04,B41,B41K,1.250000011175871
ii,2.04,B23,B23H,1.250000014901161
oa,2.11,B61,B61F,1.250000014901161
bq,6.05,G01,G01K,1.250000014901161
ii,2.04,D03,D03D,1.250000014901161
gy,5.02,E04,E04C,1.250000014901161
tq,3.02,C03,C03C,1.250000014901161
gu,1.06,H01,H01C,1.250000014901161
iu,2.03,B21,B21K,1.250000014901161
qh,2.05,F17,F17C,1.250000014901161
zc,4.03,G05,G05D,1.250000014901161
uk,1.03,D03,D03D,1.250000018626451
ps,5.04,H04,H04M,1.250000022351742
cq,1.06,H02,H02G,1.250000022351742
xw,3.03,B62,B62K,1.250000022351742
tu,3.01,A41,A41D,1.250000022351742
hi,5.01,F21,F21V,1.250000029802322
cq,1.06,B63,B63H,1.250000029802322
gy,5.02,A21,A21B,1.250000029802322
im,2.01,C01,C01C,1.250000029802322
ja,1.05,B60,B60W,1.250000029802322
ih,2.07,B67,B67D,1.250000029802322
qg,2.05,D06,D06N,1.250000029802322
gm,3.03,C08,C08F,1.250000029802322
ui,1.03,A63,A63G,1.250108256936073
wm,5.04,C12,C12Q,1.250112673616968
yr,2.01,C08,C08L,1.250141826458275
ki,3.02,H01,H01S,1.250418279785663
jy,4.05,G11,G11C,1.250641027465463
zr,1.05,A01,A01B,1.251111123710871
wu,5.04,C22,C22C,1.251253155991435
iu,2.03,A01,A01B,1.251388889737427
rt,3.02,B65,B65B,1.251675041858107
qu,1.06,C13,C13B,1.251811601221561
de,1.06,B08,B08B,1.251811627298594
ps,5.04,G01,G01V,1.25198413617909
uh,1.03,D06,D06M,1.252279588952661
sr,2.07,G16,G16H,1.252469135913998
qj,2.05,H05,H05B,1.25252528488636
ja,1.05,D06,D06P,1.252564126625657
gy,5.02,F16,F16K,1.252631582319736
oz,6.02,H04,H04S,1.252631582319736
oy,9,A61,A61J,1.252976205432788
co,1.06,G07,G07C,1.253373024053872
yi,6.03,C12,C12N,1.253373605431989
ex,1.02,B23,B23P,1.253645838238299
km,1.06,H04,H04R,1.253787882626057
ro,1.07,B24,B24C,1.253968261182308
dt,2.03,C09,C09C,1.254066043533385
ru,3.01,H04,H04S,1.254086561501026
qu,1.06,C05,C05D,1.254105404019356
re,1.05,D21,D21H,1.254342330619693
ru,3.01,B22,B22F,1.255128205288202
fy,3.02,A61,A61H,1.255274276249111
li,3.02,A63,A63B,1.255370097234845
ze,1.06,G16,G16H,1.255555558949709
gu,1.06,B28,B28B,1.255555558949709
pw,2.06,C08,C08L,1.255718955770135
km,1.06,G01,G01Q,1.255776667501777
gy,5.02,A23,A23K,1.255813953466713
le,1.05,B41,B41J,1.255952381063253
ig,2.06,G04,G04G,1.255952389910817
pk,2.05,G09,G09B,1.2559764534235
qa,3.01,A47,A47J,1.256190484389663
dy,1.04,F15,F15B,1.256228979676962
ju,4.01,B82,B82Y,1.256410256493837
si,1.05,G01,G01K,1.256547633558512
dx,3.01,H03,H03M,1.256802728399634
hy,1.06,G09,G09B,1.256826147437096
aq,3.02,C11,C11B,1.257133662700653
bu,1.03,F25,F25B,1.257246376946568
ra,2.11,A61,A61N,1.257276262855157
ev,1.02,G01,G01G,1.257322363555431
ea,1.04,C07,C07G,1.257327227387577
ta,1.06,C12,C12Q,1.257364224642515
js,6.04,H01,H01S,1.257387707009912
ut,6.02,H05,H05B,1.257575765252113
eu,2.02,A63,A63B,1.257575765252113
ub,1.03,B21,B21H,1.257575765252113
bk,6.04,G07,G07C,1.257575765252113
ff,3.02,A61,A61Q,1.257575776427984
ub,1.03,F25,F25C,1.257575798779726
ub,1.03,A01,A01C,1.257613753899932
zr,1.05,B65,B65B,1.257978724315763
yi,6.03,C12,C12P,1.258293210761622
ru,3.01,C12,C12R,1.258331401273608
wv,3.03,G01,G01B,1.258333336561918
hl,3.03,G01,G01B,1.258333336561918
oo,3.03,G01,G01B,1.258333336561918
et,1.02,B65,B65B,1.258333344012499
es,2.02,B07,B07C,1.258333344012499
sa,3.03,B65,B65D,1.258496759459376
qh,2.05,B41,B41J,1.25874209869653
ne,3.03,F27,F27D,1.258823547512293
hl,3.03,B01,B01J,1.259124657372013
cl,9,C07,C07D,1.259295189054683
fi,1.04,C07,C07B,1.259412876795977
qg,2.05,A62,A62D,1.259433962404728
zd,9,H01,H01J,1.259523838758469
cu,1.06,E21,E21B,1.25956751126796
bq,6.05,A61,A61J,1.25956960208714
ra,2.11,H05,H05G,1.260037895292044
tu,3.01,F04,F04D,1.260204081423581
sy,1.03,F04,F04D,1.2604003357701
ec,1.04,F01,F01K,1.260401010513306
tu,3.01,F02,F02C,1.260416666977108
vi,5.01,A61,A61H,1.260620437096804
yi,6.03,C07,C07K,1.26071375538595
uf,1.03,F28,F28D,1.260802411008626
mc,1.06,C07,C07C,1.261040670040529
pc,5.02,A63,A63H,1.261111117899418
ec,1.04,G05,G05B,1.261111125349998
ht,1.06,H04,H04W,1.26111114025116
ij,2.11,C12,C12M,1.261550250230357
ti,9,B01,B01J,1.26190478540957
ub,1.03,B21,B21F,1.261979175265878
ti,9,C02,C02F,1.262157405726612
qu,1.06,B29,B29D,1.262345679104328
ti,9,C11,C11D,1.262500002980232
km,1.06,B22,B22D,1.262500002980232
ec,1.04,C23,C23G,1.262715314514935
wu,5.04,C07,C07F,1.262744452804327
ik,2.11,F15,F15B,1.262770571745932
qg,2.05,G01,G01S,1.262896835803986
pk,2.05,G01,G01V,1.263131324201822
uh,1.03,F17,F17C,1.263725537341088
pm,2.05,E21,E21C,1.263888908550143
ub,1.03,D03,D03D,1.263888910412788
qf,9,C01,C01G,1.264199054101482
ma,3.02,B65,B65D,1.264285714365542
uf,1.03,F42,F42B,1.264285729266703
uk,1.03,F26,F26B,1.264285733923316
py,3.02,D01,D01D,1.264492753893137
km,1.06,G01,G01H,1.264705882407725
ja,1.05,C12,C12Y,1.264872956089675
ij,2.11,D21,D21H,1.264880957081914
py,3.02,B64,B64C,1.26492537278682
wu,5.04,C12,C12P,1.264968875795603
cu,1.06,H04,H04R,1.265303327701986
hf,6.03,A01,A01K,1.265399194788188
hl,3.03,H04,H04R,1.265512285754085
pw,2.06,A61,A61C,1.26598600205034
ex,1.02,G04,G04F,1.266129031777382
ns,2.01,C09,C09G,1.26649161009118
ij,2.11,H05,H05G,1.266666667535901
ii,2.04,H03,H03L,1.266666673123837
uh,1.03,F02,F02D,1.266666673123837
bk,6.04,F04,F04B,1.266666673123837
pf,6.02,H02,H02M,1.266666673123837
ja,1.05,G03,G03H,1.266666673123837
py,3.02,B09,B09B,1.266666688024998
ml,9,B65,B65D,1.266666688024998
sy,1.03,F03,F03D,1.266666702926159
xe,4.01,A61,A61L,1.266770646907389
yg,6.04,C08,C08K,1.26684558019042
qa,3.01,G02,G02F,1.2670809160918
oa,2.11,B28,B28D,1.267256917431951
ex,1.02,A23,A23G,1.267543859779835
tc,3.02,H03,H03K,1.267543859779835
rb,2.02,G01,G01F,1.267550531774759
my,5.01,G10,G10L,1.2676488365978
ja,1.05,C05,C05C,1.267676778137684
ya,3.02,F16,F16K,1.267766959965229
yp,3.02,H03,H03M,1.267857143655419
bu,1.03,G01,G01L,1.267857143655419
le,1.05,B62,B62D,1.267857149243355
ro,1.07,A22,A22B,1.267857149243355
db,2.08,H01,H01H,1.267857166007161
ji,5.01,B29,B29C,1.267901241080835
eo,6.02,C07,C07F,1.268181817606091
gy,5.02,H01,H01G,1.26825397554785
aq,3.02,H01,H01L,1.268518526107073
er,1.02,C09,C09K,1.268707511946559
ub,1.03,B60,B60N,1.268750013783574
cq,1.06,F04,F04D,1.268939394503832
ac,2.02,E21,E21C,1.269047643989325
if,2.11,F23,F23G,1.269191949628294
oa,2.11,B61,B61B,1.269230769947171
ih,2.07,B01,B01L,1.269446907564998
ih,2.07,A23,A23K,1.269923963118345
zd,9,F04,F04D,1.269999999552965
da,1.06,H05,H05B,1.270437691360712
ry,2.03,F23,F23L,1.270833333954215
un,1.03,B41,B41M,1.27083333581686
io,2.07,B63,B63C,1.27083333581686
zk,9,C12,C12P,1.270913526997901
en,9,A61,A61K,1.271233825944364
tm,3.01,B32,B32B,1.271243291907012
gc,1.05,A63,A63F,1.27142857760191
qu,1.06,C09,C09B,1.271570317912847
ee,1.04,C05,C05C,1.2722222302109
uy,1.04,C05,C05D,1.272222237661481
xq,2.11,B03,B03C,1.272333017084748
iq,2.02,B60,B60D,1.27243590913713
vy,3.02,G07,G07D,1.272619049996138
ry,2.03,B21,B21D,1.272727273404598
uu,5.06,B01,B01L,1.272727273404598
uy,1.04,F24,F24C,1.272727280855179
zd,9,F16,F16L,1.272817462682724
pn,1.01,F03,F03D,1.272916685789824
ne,3.03,G01,G01W,1.273015879094601
sr,2.07,G07,G07F,1.273076936136931
oy,9,A01,A01K,1.273276639636606
qk,6.01,C12,C12Q,1.273372429423034
vy,3.02,F26,F26B,1.273809524253011
pk,2.05,A23,A23G,1.273809524253011
id,2.07,B41,B41F,1.273809524253011
ua,6.03,A21,A21D,1.273809524253011
pz,2.05,D04,D04H,1.273809524253011
pm,2.05,B44,B44D,1.273809539154172
ih,2.07,F16,F16F,1.273809548467398
hf,6.03,G07,G07F,1.273917762562633
zr,1.05,F28,F28C,1.274074077606201
wv,3.03,A61,A61Q,1.27424243837595
ea,1.04,C05,C05F,1.274823302403092
jo,5.04,C08,C08L,1.275000005960464
qe,2.09,H04,H04L,1.27510993834585
km,1.06,F04,F04B,1.275641025975347
pn,1.01,B60,B60K,1.275641025975347
ht,1.06,C04,C04B,1.275985669344664
gu,1.06,H01,H01Q,1.276315808296204
de,1.06,H05,H05B,1.276339288800955
tu,3.01,C01,C01F,1.276348054409027
qq,1.05,C03,C03B,1.276388892903924
cu,1.06,G01,G01F,1.276388913393021
fi,1.04,G21,G21B,1.276923082768917
nq,5.01,G02,G02B,1.277545653050765
ij,2.11,B62,B62K,1.277777783572674
wc,3.03,C08,C08F,1.277777783572674
pc,5.02,C10,C10L,1.277777783572674
iq,2.02,B65,B65C,1.277777783572674
mr,6.01,H01,H01L,1.277777783572674
pk,2.05,G02,G02C,1.277777783572674
oy,9,B24,B24D,1.277777783572674
fy,3.02,B60,B60L,1.277777783572674
cq,1.06,C21,C21D,1.277777783572674
tq,3.02,G10,G10K,1.277777783572674
mu,4.01,H03,H03M,1.277777783572674
dt,2.03,A61,A61Q,1.277777785435319
ka,4.01,E04,E04B,1.277777791023254
ye,2.02,A62,A62C,1.277777798473835
jb,5.07,B21,B21D,1.277777798473835
qj,2.05,D01,D01B,1.277777798473835
om,5.05,B60,B60P,1.277777798473835
mr,6.01,H04,H04W,1.277777798473835
eu,2.02,C01,C01B,1.277777798473835
hq,1.04,A47,A47L,1.277777798473835
et,1.02,E03,E03F,1.277777813374996
db,2.08,B25,B25J,1.278138533234596
pe,5.02,H03,H03F,1.278174625709653
mq,6.01,A61,A61L,1.278435497544706
hl,3.03,A01,A01H,1.278589487541467
ns,2.01,H03,H03D,1.278809773270041
eu,2.02,G10,G10H,1.279166672378778
kv,1.05,A61,A61B,1.279332953505218
ku,5.07,C23,C23C,1.279761914163828
ij,2.11,A23,A23B,1.279761917889118
ro,1.07,F41,F41A,1.279761917889118
yp,3.02,H02,H02J,1.279829137958586
wm,5.04,C08,C08J,1.279857401736081
ns,2.01,B24,B24C,1.280026476830244
qe,2.09,G01,G01L,1.280145198106766
ij,2.11,C09,C09C,1.280303061008453
uk,1.03,B29,B29B,1.280354840680957
ur,1.01,H01,H01B,1.280509777367115
ep,1.02,B60,B60B,1.280555571429431
am,4.01,B65,B65D,1.280747139826417
tq,3.02,F04,F04D,1.280952386558056
ev,1.02,F25,F25J,1.280952394939959
ti,9,B01,B01D,1.280999070033431
qf,9,F04,F04B,1.281166889239103
dt,2.03,F27,F27B,1.281250014901161
wu,5.04,C07,C07H,1.281278205569834
ye,2.02,C09,C09J,1.281414143741131
le,1.05,A01,A01K,1.282121048308909
up,1.03,H01,H01Q,1.282174138585106
tc,3.02,B82,B82Y,1.28221498709172
qk,6.01,C02,C02F,1.28228022903204
oe,5.06,G01,G01B,1.282282288186252
pk,2.05,B21,B21B,1.282456072047353
ve,3.02,G03,G03F,1.282500009518117
ia,3.02,A43,A43B,1.282967033796012
ba,3.02,A23,A23C,1.282986111473292
pq,1.01,H01,H01R,1.283333338797092
id,2.07,E01,E01F,1.283333338797092
sa,3.03,F16,F16L,1.283333338797092
oe,5.06,A61,A61C,1.283333346247673
rb,2.02,G09,G09F,1.283333353698254
ig,2.06,F21,F21V,1.283433088101447
ha,5.03,G07,G07C,1.283589750528336
qf,9,F16,F16K,1.28372391872108
ku,5.07,A61,A61M,1.28401947254315
ih,2.07,G21,G21C,1.284188061952591
ja,1.05,C10,C10K,1.2843137383461
ac,2.02,C07,C07K,1.284717425820418
xq,2.11,H03,H03L,1.284722227603197
si,1.05,G02,G02F,1.284722229465842
pz,2.05,F24,F24S,1.284806421026587
tm,3.01,A23,A23K,1.284976890776306
ph,6.02,C07,C07C,1.285178845748305
tu,3.01,G01,G01P,1.285256419330835
pe,5.02,E21,E21C,1.285326089709997
ns,2.01,F42,F42B,1.285504234954715
bu,1.03,C12,C12P,1.28550776746124
ru,3.01,B29,B29B,1.285714286379516
wm,5.04,G07,G07C,1.285714287310839
zc,4.03,F02,F02D,1.285714287310839
gc,1.05,B63,B63B,1.285714287310839
id,2.07,B23,B23Q,1.285714294761419
ro,1.07,F23,F23K,1.28571429848671
ta,1.06,A23,A23K,1.28571429848671
az,3.02,A61,A61H,1.28571429848671
aa,1.03,B63,B63C,1.285714307799935
qh,2.05,F02,F02K,1.285714320838451
vx,5.01,B60,B60K,1.285770751070231
pi,1.06,A23,A23B,1.28585859015584
qe,2.09,B05,B05C,1.286005293950438
id,2.07,G21,G21D,1.286111121997237
ia,3.02,D01,D01F,1.286473450250924
su,3.02,A23,A23K,1.286645305342972
zr,1.05,A01,A01C,1.28670739941299
dw,1.04,G01,G01S,1.286810765974224
cn,5.01,A23,A23G,1.286847971379757
ye,2.02,B24,B24D,1.287037044763565
es,2.02,A47,A47C,1.287037052214146
jb,5.07,C07,C07K,1.287310004234314
op,3.03,H04,H04N,1.287393164820969
gc,1.05,F15,F15B,1.287500001490116
hf,6.03,C08,C08F,1.287500001490116
mq,6.01,F02,F02M,1.287500020116568
ro,1.07,G08,G08C,1.287518044933677
ff,3.02,G16,G16H,1.287834217771888
bu,1.03,F03,F03H,1.2880247104913
um,3.01,C02,C02F,1.2881880402565
qg,2.05,A63,A63F,1.288311701267958
ma,3.02,H04,H04J,1.288461539894342
yq,5.07,C07,C07D,1.288471205625683
ji,5.01,G01,G01L,1.288888897746801
pk,2.05,G08,G08B,1.288888914510608
vx,5.01,G03,G03B,1.289154719561338
db,2.08,H01,H01S,1.289465354057029
jb,5.07,C08,C08F,1.289662449155003
hi,5.01,G06,G06N,1.289828438311815
ia,3.02,H01,H01F,1.28999999910593
iq,2.02,A44,A44C,1.290277805179358
we,3.02,A61,A61J,1.290364508749917
uh,1.03,H01,H01Q,1.290500755654648
iq,2.02,F25,F25C,1.290584424510598
ij,2.11,B29,B29D,1.290740763768554
uu,5.06,G01,G01C,1.291239321231842
yo,3.01,A21,A21D,1.291370603838004
oa,2.11,F16,F16B,1.291414158418775
bi,6.01,G06,G06K,1.29166666790843
hq,1.04,B67,B67D,1.29166666790843
vi,5.01,H01,H01R,1.29166666790843
eu,2.02,F21,F21V,1.29166667163372
eq,3.01,B32,B32B,1.29166667163372
mm,6.01,F41,F41G,1.29166667163372
ju,4.01,H05,H05B,1.29166667163372
si,1.05,G11,G11C,1.29166667163372
oa,2.11,G03,G03D,1.29166667163372
wq,5.01,A61,A61Q,1.29166667163372
pe,5.02,B63,B63B,1.29166667163372
dw,1.04,G10,G10H,1.29166667163372
qu,1.06,B22,B22F,1.29166667163372
ns,2.01,G07,G07D,1.291666679084301
fi,1.04,H05,H05G,1.291666679084301
py,3.02,C30,C30B,1.291666686534882
uq,5.07,A01,A01D,1.291666686534882
ep,1.02,D06,D06P,1.291666686534882
ee,1.04,H05,H05H,1.291666686534882
pa,6.02,G08,G08B,1.291666686534882
dy,1.04,H03,H03G,1.291666686534882
qg,2.05,C01,C01F,1.291692801751196
lj,3.02,G07,G07F,1.291865093633533
ga,3.02,A23,A23C,1.292260449379683
sy,1.03,D01,D01D,1.29233512468636
xa,5.04,G01,G01C,1.292874005855992
dr,1.06,B04,B04B,1.293545429594815
pi,1.06,C10,C10L,1.293731709942222
wv,3.03,G02,G02B,1.293750006705523
ne,3.03,A62,A62D,1.293783762492239
id,2.07,F28,F28C,1.293842392042279
tq,3.02,B82,B82Y,1.294254570268095
ji,5.01,A61,A61G,1.294730405323207
ac,2.02,A01,A01N,1.294791676336899
wv,3.03,A61,A61F,1.295074097812176
ki,3.02,C07,C07B,1.295113901142031
ih,2.07,F25,F25B,1.295238108374178
yi,6.03,C23,C23C,1.295454546809196
ds,3.02,G05,G05D,1.295720726251602
ea,1.04,C08,C08H,1.295799997635186
eu,2.02,H03,H03L,1.29583333991468
ui,1.03,F25,F25D,1.296266240999103
id,2.07,G03,G03B,1.296969719231129
bq,6.05,G07,G07B,1.297002024948597
ea,1.04,B05,B05C,1.297101467847824
ns,2.01,B60,B60R,1.297222249209881
yp,3.02,C08,C08F,1.297376159578562
zk,9,G06,G06T,1.297529898583889
ba,3.02,H01,H01J,1.297619048506022
mm,6.01,D21,D21H,1.297619048506022
oz,6.02,A23,A23C,1.297619048506022
rt,3.02,E04,E04B,1.297619048506022
dq,9,B62,B62D,1.297619055956602
wm,5.04,C03,C03C,1.298459390178323
hb,5.03,C08,C08J,1.298675844445825
ot,6.02,C07,C07K,1.299302482279018
ij,2.11,C12,C12N,1.299307714565657
er,1.02,A47,A47L,1.299326569540426
qg,2.05,C10,C10L,1.299391542561352
km,1.06,C10,C10G,1.299537042155862
ig,2.06,G08,G08C,1.299672229913995
fy,3.02,C12,C12Y,1.299674284178764
wm,5.04,G06,G06N,1.299815303646028
id,2.07,A23,A23J,1.299882052466273
ka,4.01,G01,G01D,1.300000000745058
bf,5.04,H04,H04J,1.300000000745058
ep,1.02,A22,A22B,1.300000004470348
uf,1.03,B64,B64D,1.300000004470348
pm,2.05,G04,G04D,1.300000004470348
bp,6.04,C10,C10L,1.300000004470348
vy,3.02,A22,A22B,1.300000004470348
bu,1.03,G08,G08G,1.300000008195639
xe,4.01,G01,G01R,1.300000015646219
xy,1.01,F01,F01N,1.30000001937151
ql,9,H03,H03M,1.300000024028122
uy,1.04,E04,E04H,1.30000003054738
il,2.07,F04,F04D,1.300000041723251
pu,2.03,G07,G07B,1.300324687734246
xq,2.11,B64,B64C,1.300595246255398
qk,6.01,A01,A01N,1.300753475166857
wy,5.04,G05,G05B,1.300882052630186
rp,6.04,C07,C07H,1.300889311358333
qg,2.05,F21,F21K,1.300892864353955
ne,3.03,B25,B25J,1.301093652844429
jb,5.07,G05,G05F,1.301388908177614
ba,3.02,C09,C09D,1.301465536467731
qe,2.09,C03,C03B,1.301785724237561
zd,9,G02,G02F,1.301994877401739
ra,2.11,G01,G01L,1.302179648540914
tm,3.01,H01,H01S,1.302380959037691
up,1.03,H04,H04R,1.302525253966451
om,5.05,G01,G01L,1.302631579339504
qu,1.06,F16,F16K,1.302710575051606
ip,2.07,F28,F28F,1.302777785807848
da,1.06,A23,A23B,1.303200736641884
cq,1.06,D06,D06F,1.303746512159705
hq,1.04,B02,B02C,1.303968265652657
re,1.05,B29,B29C,1.303977273404598
ii,2.04,C21,C21C,1.304861128330231
qq,1.05,H03,H03M,1.304913164116442
vj,5.01,G01,G01L,1.305052790790796
ix,2.07,E04,E04H,1.305357150733471
re,1.05,G05,G05B,1.305474089458585
iu,2.03,G21,G21F,1.305555555969477
ix,2.07,H04,H04N,1.305555555969477
ja,1.05,B05,B05C,1.305555555969477
iu,2.03,B60,B60J,1.305555555969477
if,2.11,F41,F41G,1.305555555969477
bm,5.07,C04,C04B,1.305555555969477
ja,1.05,B64,B64C,1.305555578321218
dq,9,H03,H03F,1.305665357038379
zq,2.07,A01,A01N,1.305808112025261
vx,5.01,C09,C09K,1.306032137945294
ea,1.04,D04,D04H,1.306060612201691
ya,3.02,H05,H05H,1.306742249056697
pt,3.03,H03,H03M,1.307066884823143
ja,1.05,F04,F04B,1.307203776668757
im,2.01,C07,C07K,1.307248304714449
ig,2.06,F41,F41A,1.307453418150544
xw,3.03,G08,G08B,1.307777807116508
aa,1.03,C08,C08K,1.307795699685812
ot,6.02,G01,G01V,1.308333337306976
bf,5.04,C01,C01B,1.308333341032267
qq,1.05,D06,D06M,1.308333359658718
nn,3.03,H04,H04R,1.308333359658718
ze,1.06,A23,A23L,1.308715198654681
yr,2.01,G01,G01J,1.308730167336762
yg,6.04,H04,H04B,1.308823529630899
tu,3.01,G01,G01L,1.309090919792652
qg,2.05,C08,C08C,1.309090924449265
ei,1.04,B06,B06B,1.309523810632527
dk,5.02,F02,F02G,1.309523820877075
vy,3.02,F16,F16K,1.309523833915591
ih,2.07,E04,E04B,1.309523833915591
om,5.05,B65,B65G,1.309523835778236
ij,2.11,C12,C12Q,1.309637779835612
uh,1.03,C12,C12M,1.310167800402269
pf,6.02,A01,A01N,1.310256417840719
ya,3.02,B01,B01F,1.310588176362216
gu,1.06,C05,C05C,1.310606069862843
sd,3.02,B04,B04B,1.310638302005827
dw,1.04,B42,B42D,1.310846591368318
ui,1.03,C21,C21B,1.311111114919186
dy,1.04,H03,H03F,1.311958910664544
im,2.01,A63,A63B,1.312070291489363
qu,1.06,H04,H04J,1.3125
uu,5.06,E02,E02D,1.3125
yi,6.03,H01,H01B,1.3125
pc,5.02,B41,B41M,1.3125
mm,6.01,B60,B60K,1.3125
gu,1.06,F21,F21K,1.3125
tq,3.02,A24,A24B,1.31250000372529
oy,9,G01,G01V,1.31250000372529
up,1.03,G11,G11B,1.312500014901161
qq,1.05,C09,C09C,1.312500014901161
zr,1.05,F26,F26B,1.312500022351742
ni,3.01,A01,A01H,1.312572117778473
ia,3.02,H03,H03F,1.313405802473426
wm,5.04,G01,G01D,1.314052300527692
ql,9,H04,H04N,1.314176245592535
zq,2.07,C08,C08G,1.314285729080439
ai,2.03,G03,G03H,1.314392829313874
ku,5.07,C04,C04B,1.315384627319872
ky,1.05,C21,C21B,1.316239323467016
qh,2.05,B09,B09B,1.316666670143604
oa,2.11,B28,B28C,1.316666670143604
bq,6.05,C22,C22F,1.316666670143604
oz,6.02,C22,C22F,1.316666670143604
ra,2.11,G01,G01F,1.316666673868895
ih,2.07,F28,F28D,1.316666677594185
et,1.02,A45,A45C,1.31666667945683
rb,2.02,F24,F24F,1.31666668318212
ep,1.02,E21,E21C,1.316666685044765
ep,1.02,D06,D06F,1.316666685044765
oe,5.06,G09,G09B,1.316666688770056
xq,2.11,F24,F24F,1.316666688770056
xq,2.11,H01,H01P,1.316666691564023
pj,2.05,B07,B07C,1.316666692495346
vj,5.01,B23,B23K,1.316666692495346
tm,3.01,B60,B60K,1.316666692495346
es,2.02,C09,C09C,1.317320685368031
uk,1.03,B25,B25J,1.317460342077538
ex,1.02,C08,C08F,1.317557598929852
yq,5.07,B25,B25J,1.317834640387446
pw,2.06,G09,G09G,1.317863527685404
td,3.02,C08,C08G,1.317994505632669
uf,1.03,F23,F23M,1.318452404811978
pm,2.05,A23,A23K,1.318765856325626
mc,1.06,G01,G01L,1.318860817700624
ji,5.01,A61,A61M,1.319085302879103
yy,5.07,A61,A61N,1.319244514219463
ig,2.06,C09,C09B,1.319432720541954
ex,1.02,C10,C10L,1.319444447755814
si,1.05,F03,F03D,1.319444447755814
qh,2.05,B22,B22C,1.319444449618459
ah,4.01,H01,H01M,1.319444450549781
rb,2.02,B66,B66B,1.319624832831323
qe,2.09,G09,G09B,1.319887975696474
cu,1.06,G07,G07C,1.320057116448879
ac,2.02,H02,H02G,1.320833336561918
qe,2.09,H01,H01Q,1.32107843644917
da,1.06,C09,C09J,1.321355065330863
pn,1.01,D06,D06F,1.321428574621677
pc,5.02,B62,B62D,1.321428574621677
ry,2.03,B60,B60K,1.321428574621677
tu,3.01,F01,F01L,1.321428582072258
dx,3.01,G02,G02C,1.321428589522839
ot,6.02,C22,C22C,1.321428589522839
ee,1.04,A63,A63B,1.32142861187458
oz,6.02,B81,B81C,1.321739135310054
ec,1.04,G06,G06T,1.321957701351494
ah,4.01,C07,C07G,1.32197645585984
qu,1.06,G11,G11C,1.322280299384147
pz,2.05,C12,C12R,1.322691233828664
uf,1.03,H03,H03H,1.322990792803466
ve,3.02,B01,B01F,1.323107458883896
ei,1.04,F41,F41H,1.323196897283196
am,4.01,G01,G01V,1.323232339695096
qf,9,C01,C01F,1.323342678602785
pk,2.05,A23,A23L,1.323412705212831
dr,1.06,A61,A61G,1.323550315573812
za,3.02,G11,G11B,1.323551066219807
nq,5.01,G01,G01R,1.323953846469522
zr,1.05,H01,H01J,1.323970712721348
db,2.08,E04,E04F,1.324074074625969
ff,3.02,C12,C12N,1.324154576752335
jy,4.05,C05,C05B,1.324242450296879
ns,2.01,B23,B23Q,1.324929980561137
qa,3.01,F02,F02B,1.325000002980232
zm,1.06,B22,B22F,1.325000002980232
td,3.02,H03,H03H,1.325000002980232
xq,2.11,G05,G05D,1.325074767693877
eq,3.01,C07,C07H,1.325103585608304
et,1.02,F01,F01L,1.325396832078695
ik,2.11,B28,B28D,1.325638147071004
ac,2.02,C12,C12N,1.326036877406295
cl,9,H04,H04H,1.326190501451492
zq,2.07,A61,A61B,1.326509589329362
da,1.06,A62,A62D,1.326535471715033
zd,9,B24,B24B,1.326923079788685
dy,1.04,F25,F25D,1.326923079788685
aa,1.03,G21,G21C,1.326984137762338
ev,1.02,B66,B66C,1.327240150421858
uy,1.04,A23,A23P,1.32724017649889
up,1.03,C02,C02F,1.32738097384572
iq,2.02,D06,D06P,1.327380985021591
db,2.08,F21,F21V,1.327470154501498
po,1.01,A61,A61N,1.327568067237735
xq,2.11,H04,H04R,1.327651552855968
rb,2.02,H04,H04S,1.327777793630958
wm,5.04,G07,G07B,1.328054299578071
ep,1.02,C09,C09J,1.328298645094037
dw,1.04,C05,C05D,1.328594810329378
ah,4.01,H04,H04M,1.328674966469407
re,1.05,H01,H01B,1.328771128784865
rx,3.02,H04,H04W,1.328919269144535
db,2.08,F25,F25D,1.3291055848822
yo,3.01,H04,H04B,1.329166689887643
dq,9,B01,B01L,1.329326849197969
pu,2.03,F25,F25D,1.329647459089756
dr,1.06,C22,C22B,1.329653691500425
ia,3.02,B01,B01F,1.330104122404009
ja,1.05,A23,A23G,1.330470798071474
ih,2.07,C01,C01D,1.330555580556393
er,1.02,G01,G01K,1.330681817606091
ui,1.03,F17,F17C,1.33074713870883
sa,3.03,B82,B82Y,1.331245806650259
dt,2.03,H01,H01H,1.331349213607609
iq,2.02,B28,B28B,1.331349218264222
il,2.07,B63,B63C,1.331547634676099
pn,1.01,G01,G01P,1.331569463014603
iq,2.02,F04,F04F,1.331607761792839
fi,1.04,F21,F21K,1.332329634111375
cl,9,H03,H03M,1.332509164698422
ex,1.02,F03,F03G,1.332777785137296
ue,2.11,C07,C07K,1.332925763679668
pm,2.05,F25,F25D,1.333062779158354
qh,2.05,C21,C21D,1.33333333581686
et,1.02,B62,B62K,1.33333333581686
uu,5.06,G03,G03C,1.33333333581686
pj,2.05,A24,A24D,1.33333333581686
ot,6.02,G05,G05D,1.33333333581686
ro,1.07,C06,C06C,1.33333333581686
ew,1.02,B31,B31F,1.33333333581686
ip,2.07,F01,F01K,1.33333333581686
xq,2.11,F21,F21S,1.33333333581686
xq,2.11,B25,B25J,1.33333333581686
ah,4.01,E02,E02D,1.33333333581686
ye,2.02,F41,F41A,1.33333333581686
oo,3.03,F24,F24F,1.33333333581686
om,5.05,G02,G02F,1.33333333581686
pm,2.05,E01,E01F,1.33333333581686
ot,6.02,G10,G10H,1.33333333581686
yi,6.03,C12,C12Y,1.33333333581686
ik,2.11,F02,F02C,1.33333333581686
ry,2.03,F23,F23G,1.33333333581686
pu,2.03,B60,B60S,1.33333333581686
ig,2.06,B30,B30B,1.33333333581686
wv,3.03,F24,F24F,1.33333333581686
uy,1.04,G08,G08C,1.33333333581686
ye,2.02,F26,F26B,1.333333343267441
ve,3.02,A47,A47F,1.333333343267441
uy,1.04,A46,A46B,1.333333343267441
fs,6.04,C10,C10G,1.333333343267441
mm,6.01,F28,F28D,1.333333343267441
iu,2.03,E05,E05D,1.333333343267441
hi,5.01,D21,D21H,1.333333343267441
ve,3.02,A63,A63C,1.333333343267441
gu,1.06,A47,A47J,1.333333343267441
ka,4.01,F02,F02N,1.333333343267441
oy,9,B61,B61F,1.333333343267441
om,5.05,E04,E04B,1.333333343267441
or,5.09,G03,G03B,1.333333343267441
dw,1.04,B22,B22D,1.333333343267441
ad,4.02,C08,C08K,1.333333343267441
ni,3.01,D06,D06C,1.333333343267441
ia,3.02,G07,G07C,1.333333343267441
zc,4.03,B65,B65H,1.333333343267441
pn,1.01,E06,E06B,1.333333343267441
qj,2.05,A22,A22C,1.333333343267441
ni,3.01,E05,E05F,1.333333343267441
rb,2.02,C03,C03B,1.333333343267441
oz,6.02,G07,G07D,1.333333343267441
uy,1.04,F02,F02D,1.333333343267441
li,3.02,B60,B60K,1.333333343267441
ou,1.06,G01,G01J,1.333333343267441
ga,3.02,G01,G01W,1.333333343267441
lq,3.03,A62,A62D,1.333333343267441
gc,1.05,C03,C03B,1.333333343267441
uu,5.06,F27,F27D,1.333333343267441
py,3.02,A44,A44C,1.333333343267441
js,6.04,E03,E03F,1.333333343267441
tu,3.01,A01,A01L,1.333333343267441
dq,9,B23,B23Q,1.333333343267441
dy,1.04,E05,E05G,1.333333343267441
bk,6.04,E04,E04F,1.333333343267441
nu,5.08,C01,C01D,1.333333343267441
ja,1.05,B62,B62B,1.333333343267441
ta,1.06,G01,G01S,1.333333343267441
tq,3.02,G09,G09F,1.333333343267441
yp,3.02,F16,F16L,1.333333343267441
wh,3.02,G03,G03F,1.333333343267441
qg,2.05,B44,B44F,1.333333343267441
gy,5.02,B31,B31D,1.333333343267441
ac,2.02,E04,E04G,1.333333343267441
ro,1.07,F16,F16M,1.333333343267441
qh,2.05,B31,B31D,1.333333343267441
nn,3.03,H02,H02H,1.333333343267441
iq,2.02,A23,A23F,1.333333343267441
bq,6.05,F01,F01M,1.333333343267441
oe,5.06,B65,B65D,1.333333343267441
ei,1.04,B27,B27C,1.333333343267441
za,3.02,C03,C03C,1.333333343267441
tq,3.02,C10,C10M,1.333333343267441
wc,3.03,E04,E04B,1.333333343267441
ac,2.02,B60,B60S,1.333333343267441
fa,2.01,F28,F28C,1.333333343267441
yi,6.03,C10,C10L,1.333333343267441
yi,6.03,B30,B30B,1.333333343267441
oz,6.02,G04,G04C,1.333333343267441
af,4.05,G09,G09G,1.333333343267441
yi,6.03,G10,G10H,1.333333343267441
wq,5.01,G11,G11B,1.333333343267441
or,5.09,B29,B29C,1.333333343267441
ev,1.02,B21,B21C,1.333333343267441
co,1.06,E04,E04D,1.333333343267441
eq,3.01,F16,F16C,1.333333343267441
de,1.06,F24,F24S,1.333333343267441
xe,4.01,F16,F16L,1.333333343267441
ma,3.02,B63,B63H,1.333333343267441
vm,5.06,C02,C02F,1.333333343267441
ja,1.05,F03,F03G,1.333333343267441
or,5.09,C04,C04B,1.333333343267441
mm,6.01,E03,E03C,1.333333343267441
rp,6.04,B81,B81C,1.333333343267441
dw,1.04,B60,B60W,1.333333343267441
ut,6.02,C09,C09J,1.333333343267441
dw,1.04,E21,E21D,1.333333343267441
iq,2.02,A24,A24C,1.333333343267441
ne,3.03,G04,G04G,1.333333343267441
ja,1.05,E03,E03C,1.333333343267441
si,1.05,B41,B41M,1.333333343267441
pj,2.05,F02,F02D,1.333333343267441
yi,6.03,F04,F04C,1.333333343267441
ij,2.11,F02,F02F,1.333333343267441
gu,1.06,H02,H02G,1.333333343267441
fa,2.01,A62,A62B,1.333333343267441
ka,4.01,B65,B65H,1.333333343267441
pq,1.01,C09,C09J,1.333333343267441
pq,1.01,D06,D06N,1.333333343267441
ka,4.01,G10,G10H,1.333333343267441
cq,1.06,A63,A63C,1.333333343267441
ra,2.11,H01,H01H,1.333333343267441
yg,6.04,B60,B60P,1.333333343267441
uq,5.07,C08,C08G,1.333333343267441
hy,1.06,B60,B60L,1.333333343267441
eo,6.02,B23,B23K,1.333333343267441
pa,6.02,B61,B61L,1.333333343267441
oe,5.06,F16,F16M,1.333333343267441
wq,5.01,B24,B24B,1.333333343267441
dk,5.02,F23,F23D,1.333333343267441
ni,3.01,B60,B60P,1.333333343267441
qj,2.05,B60,B60P,1.333333343267441
eq,3.01,D21,D21H,1.333333343267441
ha,5.03,B60,B60W,1.333333343267441
ip,2.07,F27,F27D,1.333333343267441
ya,3.02,F24,F24S,1.333333343267441
ee,1.04,B60,B60W,1.333333343267441
ni,3.01,H03,H03H,1.333333343267441
gc,1.05,B41,B41J,1.333333343267441
ot,6.02,C23,C23F,1.333333343267441
cq,1.06,F23,F23N,1.333333343267441
ka,4.01,C11,C11D,1.333333343267441
ut,6.02,F21,F21V,1.333333343267441
cq,1.06,B62,B62M,1.333333343267441
ne,3.03,B62,B62K,1.333333343267441
mq,6.01,C09,C09D,1.333333343267441
pj,2.05,G01,G01V,1.333333343267441
ot,6.02,B24,B24B,1.333333343267441
ip,2.07,G03,G03F,1.333333343267441
mq,6.01,G09,G09G,1.333333343267441
dw,1.04,H01,H01H,1.333333343267441
lj,3.02,C04,C04B,1.333333343267441
yi,6.03,F24,F24D,1.333333343267441
yq,5.07,B65,B65B,1.333333343267441
ne,3.03,A22,A22C,1.333333343267441
de,1.06,B27,B27K,1.333333343267441
zc,4.03,C01,C01B,1.333333343267441
iu,2.03,B61,B61C,1.333333343267441
ip,2.07,B65,B65H,1.333333343267441
oz,6.02,E21,E21D,1.333333343267441
im,2.01,E05,E05D,1.333333343267441
xq,2.11,B42,B42F,1.333333343267441
hq,1.04,F16,F16H,1.333333343267441
ji,5.01,B65,B65H,1.333333343267441
qc,6.02,B01,B01D,1.333333343267441
dm,3.02,B60,B60G,1.333333343267441
om,5.05,F24,F24F,1.333333343267441
gc,1.05,B81,B81B,1.333333343267441
qg,2.05,G07,G07D,1.333333343267441
ah,4.01,B23,B23Q,1.333333343267441
gm,3.03,H03,H03M,1.333333343267441
uu,5.06,B29,B29B,1.333333343267441
ik,2.11,F02,F02F,1.333333343267441
tq,3.02,B41,B41J,1.333333343267441
om,5.05,H02,H02P,1.333333343267441
nm,5.02,C04,C04B,1.333333343267441
rz,3.03,A41,A41B,1.333333343267441
ja,1.05,D01,D01C,1.333333343267441
ma,3.02,E02,E02F,1.333333343267441
js,6.04,E04,E04F,1.333333343267441
jy,4.05,B62,B62D,1.333333343267441
zd,9,F16,F16J,1.333333343267441
tc,3.02,B62,B62K,1.333333343267441
ut,6.02,F16,F16K,1.333333343267441
yg,6.04,F02,F02P,1.333333343267441
su,3.02,C03,C03C,1.333333343267441
py,3.02,C14,C14C,1.333333343267441
tu,3.01,B28,B28B,1.333333343267441
jb,5.07,B25,B25B,1.333333343267441
py,3.02,B64,B64F,1.333333343267441
ma,3.02,G01,G01D,1.333333343267441
if,2.11,H05,H05F,1.333333343267441
eo,6.02,G11,G11B,1.333333343267441
ut,6.02,F16,F16J,1.333333343267441
rp,6.04,F15,F15B,1.333333343267441
mm,6.01,B22,B22D,1.333333343267441
oe,5.06,F25,F25D,1.333333343267441
ka,4.01,H03,H03L,1.333333343267441
qf,9,E03,E03C,1.333333343267441
py,3.02,G21,G21F,1.333333343267441
nq,5.01,C08,C08G,1.333333343267441
dm,3.02,B60,B60C,1.333333343267441
pi,1.06,B29,B29B,1.333333343267441
ua,6.03,C11,C11B,1.333333343267441
ro,1.07,B26,B26F,1.333333343267441
tu,3.01,B66,B66F,1.333333343267441
pg,6.02,H04,H04R,1.333333343267441
py,3.02,B63,B63H,1.333333343267441
if,2.11,B31,B31F,1.333333343267441
ui,1.03,H03,H03C,1.333333343267441
yg,6.04,D06,D06M,1.333333343267441
bk,6.04,B62,B62D,1.333333343267441
ee,1.04,B22,B22C,1.333333343267441
ni,3.01,B43,B43K,1.333333343267441
ac,2.02,E04,E04F,1.333333343267441
oa,2.11,B61,B61D,1.333333343267441
ac,2.02,G04,G04D,1.333333343267441
zc,4.03,F41,F41H,1.333333343267441
ou,1.06,C06,C06B,1.333333343267441
rz,3.03,B29,B29D,1.333333343267441
di,5.02,F02,F02D,1.333333343267441
eu,2.02,F25,F25B,1.333333343267441
ff,3.02,A63,A63B,1.333333343267441
et,1.02,F01,F01P,1.333333343267441
pc,5.02,A42,A42B,1.333333343267441
ni,3.01,H03,H03G,1.333333343267441
ne,3.03,E21,E21D,1.333333343267441
ew,1.02,E05,E05B,1.333333343267441
uu,5.06,A62,A62C,1.333333343267441
om,5.05,F02,F02F,1.333333343267441
qf,9,F22,F22B,1.333333343267441
zc,4.03,B64,B64D,1.333333343267441
wc,3.03,B60,B60N,1.333333343267441
oe,5.06,B25,B25J,1.333333343267441
sy,1.03,A01,A01J,1.333333343267441
oz,6.02,F02,F02B,1.333333343267441
yo,3.01,B27,B27K,1.333333343267441
uu,5.06,G01,G01P,1.333333343267441
pa,6.02,F16,F16P,1.333333343267441
gc,1.05,C11,C11B,1.333333343267441
pc,5.02,B22,B22D,1.333333343267441
di,5.02,G10,G10D,1.333333343267441
rz,3.03,B41,B41M,1.333333343267441
mw,5.09,C09,C09K,1.333333343267441
pk,2.05,B60,B60N,1.333333343267441
de,1.06,A46,A46B,1.333333343267441
qh,2.05,G03,G03G,1.333333343267441
bq,6.05,C06,C06B,1.333333343267441
si,1.05,C09,C09B,1.333333343267441
ry,2.03,F01,F01L,1.333333343267441
oa,2.11,F24,F24C,1.333333343267441
ea,1.04,C21,C21B,1.333333343267441
rz,3.03,B62,B62D,1.333333343267441
gy,5.02,F02,F02C,1.333333343267441
ig,2.06,F21,F21S,1.333333343267441
yq,5.07,G09,G09G,1.333333343267441
bq,6.05,E02,E02B,1.333333343267441
ff,3.02,H02,H02J,1.333333343267441
ut,6.02,B42,B42D,1.333333343267441
pd,6.02,H05,H05B,1.333333343267441
sa,3.03,B60,B60L,1.333333343267441
hi,5.01,B60,B60H,1.333333343267441
ga,3.02,G09,G09B,1.333333343267441
dk,5.02,E06,E06B,1.333333343267441
my,5.01,H02,H02K,1.333333343267441
ip,2.07,B63,B63H,1.333333343267441
ga,3.02,A43,A43B,1.333333343267441
rp,6.04,B64,B64C,1.333333343267441
xa,5.04,B41,B41M,1.333333343267441
ve,3.02,A47,A47J,1.333333343267441
iy,1.06,A61,A61D,1.333333343267441
iy,1.06,A21,A21D,1.333333343267441
et,1.02,A01,A01J,1.333333343267441
ox,6.02,A44,A44B,1.333333343267441
vy,3.02,B65,B65G,1.333333343267441
ij,2.11,F15,F15B,1.333333343267441
za,3.02,F16,F16H,1.333333343267441
yq,5.07,C02,C02F,1.333333343267441
bm,5.07,B60,B60W,1.333333343267441
er,1.02,C03,C03C,1.333333343267441
ui,1.03,A47,A47F,1.333333343267441
ae,4.05,B60,B60W,1.333333343267441
ph,6.02,B29,B29C,1.333333343267441
tq,3.02,A45,A45F,1.333333343267441
le,1.05,F21,F21V,1.333333343267441
vj,5.01,G10,G10D,1.333333343267441
xw,3.03,F16,F16H,1.333333343267441
oz,6.02,F16,F16P,1.333333343267441
lq,3.03,F41,F41G,1.333333343267441
ot,6.02,G03,G03B,1.333333343267441
xa,5.04,D21,D21H,1.333333343267441
di,5.02,F16,F16H,1.333333343267441
rt,3.02,F24,F24S,1.333333343267441
ro,1.07,E01,E01F,1.333333343267441
ni,3.01,B67,B67D,1.333333343267441
ve,3.02,F15,F15B,1.333333343267441
mq,6.01,B81,B81C,1.333333343267441
ia,3.02,F16,F16B,1.333333343267441
xy,1.01,H02,H02P,1.333333343267441
dx,3.01,H02,H02K,1.333333343267441
xy,1.01,B63,B63B,1.333333343267441
ye,2.02,F21,F21S,1.333333343267441
gm,3.03,C11,C11D,1.333333343267441
wu,5.04,E04,E04D,1.333333343267441
wu,5.04,F01,F01D,1.333333343267441
de,1.06,C23,C23F,1.333333343267441
my,5.01,E06,E06B,1.333333343267441
zr,1.05,H04,H04J,1.333333343267441
ha,5.03,F01,F01N,1.333333343267441
oi,3.02,B64,B64C,1.333333343267441
nn,3.03,F16,F16D,1.333333343267441
ga,3.02,D06,D06M,1.333333343267441
pd,6.02,G06,G06T,1.333333343267441
su,3.02,H04,H04Q,1.333333343267441
dt,2.03,H02,H02B,1.333333343267441
wq,5.01,G03,G03G,1.333333343267441
ai,2.03,B23,B23H,1.333333343267441
ne,3.03,B44,B44C,1.333333343267441
ha,5.03,F04,F04B,1.333333343267441
ut,6.02,H03,H03F,1.333333343267441
ew,1.02,A47,A47K,1.333333343267441
ha,5.03,B65,B65D,1.333333343267441
om,5.05,A47,A47L,1.333333343267441
yo,3.01,C21,C21D,1.333333343267441
eu,2.02,A01,A01G,1.333333343267441
bq,6.05,B41,B41F,1.333333343267441
ew,1.02,B26,B26D,1.333333343267441
pf,6.02,H04,H04B,1.333333343267441
te,1.05,G01,G01C,1.333333343267441
le,1.05,F16,F16B,1.333333343267441
dm,3.02,B60,B60T,1.333333343267441
fs,6.04,B60,B60R,1.333333343267441
pa,6.02,B60,B60T,1.333333343267441
mu,4.01,G11,G11C,1.333333343267441
pk,2.05,A41,A41D,1.333333343267441
si,1.05,B08,B08B,1.333333343267441
ro,1.07,B27,B27K,1.333333343267441
ya,3.02,C22,C22B,1.333333343267441
ta,1.06,G10,G10L,1.333333343267441
xa,5.04,C01,C01D,1.333333343267441
eu,2.02,F04,F04C,1.333333343267441
wf,1.06,G01,G01C,1.333333343267441
eo,6.02,G02,G02B,1.333333343267441
sd,3.02,F24,F24F,1.333333343267441
tq,3.02,F02,F02N,1.333333343267441
di,5.02,B60,B60N,1.333333343267441
vy,3.02,B23,B23B,1.333333343267441
tm,3.01,G02,G02F,1.333333343267441
wm,5.04,B07,B07C,1.333333343267441
zm,1.06,B65,B65H,1.333333343267441
dm,3.02,B61,B61D,1.333333343267441
pc,5.02,F16,F16L,1.333333354443312
dw,1.04,E04,E04F,1.333333358168602
pc,5.02,B64,B64D,1.333333358168602
gu,1.06,E02,E02B,1.333333358168602
rt,3.02,A47,A47F,1.333333358168602
vy,3.02,H02,H02H,1.333333358168602
ka,4.01,G09,G09B,1.333333358168602
ih,2.07,A63,A63B,1.333333358168602
fi,1.04,F27,F27B,1.333333365619183
cu,1.06,F01,F01N,1.333333373069763
xy,1.01,F16,F16H,1.333333373069763
fa,2.01,B60,B60H,1.333333373069763
pe,5.02,B04,B04B,1.333333373069763
hi,5.01,B64,B64D,1.333333373069763
vs,5.01,B64,B64D,1.333333373069763
qf,9,E01,E01B,1.333333373069763
cn,5.01,F02,F02B,1.333333373069763
jb,5.07,H02,H02K,1.333333373069763
om,5.05,B63,B63B,1.333333373069763
ja,1.05,F16,F16M,1.333333373069763
es,2.02,B43,B43L,1.333333373069763
yo,3.01,B24,B24D,1.333333373069763
ye,2.02,B04,B04B,1.333333373069763
qu,1.06,B60,B60K,1.333333373069763
hi,5.01,H02,H02K,1.333333373069763
qj,2.05,E06,E06B,1.333333373069763
su,3.02,A42,A42B,1.333333373069763
rb,2.02,G21,G21B,1.333333373069763
ju,4.01,A22,A22B,1.333333380520344
km,1.06,A61,A61J,1.334021951537579
ep,1.02,A61,A61Q,1.334615390747786
pe,5.02,B60,B60W,1.334618067834526
ky,1.05,G06,G06K,1.335188991390169
dr,1.06,C10,C10G,1.335648149251938
he,5.03,G06,G06Q,1.335714288055897
ua,6.03,A01,A01H,1.335763305425644
dq,9,C09,C09D,1.336049189791083
pm,2.05,D21,D21G,1.336111128330231
pe,5.02,G03,G03G,1.337121222168207
nu,5.08,B60,B60L,1.337179498746991
ur,1.01,B01,B01L,1.33775071753189
wm,5.04,B05,B05D,1.337758122012019
fa,2.01,G06,G06K,1.337932383641601
ay,3.01,A61,A61C,1.337937869131565
xq,2.11,G01,G01P,1.337995760142803
ry,2.03,D06,D06M,1.338515426032245
wu,5.04,A47,A47L,1.33865249203518
pc,5.02,A47,A47L,1.33865249203518
es,2.02,D05,D05B,1.338888898957521
de,1.06,H04,H04Q,1.33888890221715
cu,1.06,A23,A23J,1.339278303086758
cq,1.06,G21,G21K,1.339488410390913
aa,1.03,A01,A01N,1.339538696222007
de,1.06,B65,B65G,1.339583341963589
es,2.02,F24,F24F,1.340277794748545
rz,3.03,A61,A61J,1.340556104434654
dr,1.06,G01,G01C,1.340600030962378
qu,1.06,C07,C07B,1.340669781435281
ea,1.04,H03,H03G,1.340740744024515
rp,6.04,C11,C11B,1.340909093618393
om,5.05,A23,A23L,1.340909093618393
ua,6.03,C12,C12P,1.340974923223257
rq,1.06,A23,A23F,1.341113481670618
hb,5.03,H04,H04Q,1.341176070272923
tq,3.02,A01,A01G,1.341269851662219
li,3.02,C08,C08G,1.341287888586521
pm,2.05,A61,A61G,1.341397859156132
um,3.01,F41,F41G,1.341397859156132
et,1.02,F03,F03D,1.341666679829359
nn,3.03,B65,B65B,1.341708545107394
uf,1.03,H04,H04R,1.341742256656289
dx,3.01,A63,A63F,1.341911774827167
ya,3.02,G21,G21K,1.341931227594614
ki,3.02,A23,A23J,1.342239043675363
zc,4.03,G01,G01B,1.342342352494597
ee,1.04,D02,D02G,1.342424252070487
gy,5.02,C30,C30B,1.342424252070487
pu,2.03,H02,H02H,1.342424252070487
un,1.03,C25,C25B,1.342438799096271
di,5.02,G07,G07B,1.342490863054991
yo,3.01,B32,B32B,1.342620137147605
wm,5.04,C12,C12P,1.342659894144163
ai,2.03,E04,E04D,1.342857152223587
xq,2.11,B67,B67D,1.342857152223587
az,3.02,H04,H04W,1.342857167124748
hb,5.03,H05,H05K,1.343333343043923
bv,5.01,G06,G06K,1.343333487631753
uu,5.06,C11,C11B,1.34339665574953
db,2.08,G03,G03C,1.344088339246809
dx,3.01,B64,B64C,1.344237147364765
ba,3.02,C01,C01B,1.344322354532778
rt,3.02,A43,A43B,1.344322354532778
ep,1.02,B60,B60J,1.344444453716278
ik,2.11,B02,B02C,1.344444454647601
dw,1.04,G09,G09B,1.344505303073674
uh,1.03,B41,B41M,1.344652437604964
ix,2.07,G01,G01L,1.344696972519159
zr,1.05,C10,C10L,1.345168139436282
ik,2.11,D01,D01F,1.345535730943084
pn,1.01,B65,B65G,1.345833343453705
oa,2.11,A23,A23L,1.346593465656042
dt,2.03,B05,B05D,1.346622757147998
ja,1.05,F16,F16K,1.346961489412934
pk,2.05,C23,C23F,1.346969716250896
um,3.01,C40,C40B,1.347114971431438
fi,1.04,A23,A23G,1.347222223877907
po,1.01,B62,B62D,1.34722223225981
im,2.01,E04,E04F,1.347222238779068
yo,3.01,D06,D06M,1.347222246229649
es,2.02,C12,C12P,1.347454396309331
ze,1.06,B01,B01F,1.347816195338964
zd,9,C04,C04B,1.347915012389421
ns,2.01,B60,B60K,1.348214287310839
ur,1.01,B23,B23K,1.348235538229346
ui,1.03,G07,G07B,1.348290614783764
pe,5.02,B60,B60R,1.348412716761231
vy,3.02,G07,G07C,1.348626383114606
si,1.05,C07,C07K,1.348771442426369
po,1.01,H04,H04S,1.348958343267441
ec,1.04,F17,F17C,1.349083460168913
co,1.06,F25,F25D,1.349462389945984
ec,1.04,F25,F25B,1.349863411858678
tq,3.02,B01,B01L,1.349980544764549
ij,2.11,F16,F16J,1.350000001490116
oy,9,G01,G01J,1.350000001490116
et,1.02,C25,C25C,1.350000001490116
ot,6.02,F04,F04D,1.350000001490116
ja,1.05,H03,H03G,1.350000001490116
dq,9,B03,B03C,1.350000001490116
ij,2.11,H02,H02G,1.350000001490116
yi,6.03,A23,A23C,1.350000001490116
ii,2.04,F23,F23B,1.350000001490116
sd,3.02,C21,C21D,1.350000001490116
ua,6.03,D04,D04H,1.350000001490116
mu,4.01,C10,C10G,1.350000008940697
qg,2.05,F02,F02M,1.350000008940697
mc,1.06,A61,A61G,1.35000002104789
ji,5.01,B60,B60N,1.350000023841858
id,2.07,H01,H01T,1.350000023841858
zc,4.03,H01,H01G,1.350000031292439
id,2.07,F23,F23B,1.350000031292439
sd,3.02,C09,C09J,1.350000031292439
dx,3.01,G01,G01C,1.350468983873725
cu,1.06,B25,B25B,1.350877203047276
ac,2.02,B60,B60H,1.351190507411957
qa,3.01,G10,G10L,1.351248959079385
ma,3.02,G11,G11B,1.351806538179517
ei,1.04,G21,G21H,1.351851865649223
ig,2.06,B64,B64C,1.352083338424563
vy,3.02,B23,B23P,1.352311786497012
nn,3.03,C08,C08J,1.352351579349488
ai,2.03,C22,C22B,1.352564105764031
ii,2.04,H03,H03H,1.352564113214612
da,1.06,G10,G10L,1.352619061246514
ec,1.04,B41,B41C,1.352631580084562
wy,5.04,H04,H04W,1.352678574621677
hb,5.03,H04,H04M,1.352730609476566
ia,3.02,C08,C08H,1.352949198335409
un,1.03,C12,C12N,1.35296743735671
ha,5.03,H03,H03F,1.353174604475498
ay,3.01,C12,C12P,1.353285187389702
qj,2.05,B05,B05C,1.353333342820406
li,3.02,G08,G08B,1.353333350270987
ji,5.01,H01,H01H,1.353472226299345
dq,9,G05,G05D,1.353725190274417
ev,1.02,B05,B05B,1.354040410369635
ig,2.06,D03,D03D,1.35416666790843
id,2.07,B23,B23H,1.35416667163372
dt,2.03,A23,A23G,1.354166692122817
uf,1.03,B81,B81C,1.354167765006423
vy,3.02,G11,G11C,1.354272685479373
ik,2.11,B61,B61L,1.35444863140583
wv,3.03,A61,A61M,1.354622851125896
pq,1.01,A61,A61H,1.35476191341877
pn,1.01,A61,A61H,1.35476191341877
qg,2.05,F02,F02B,1.354910735040903
mq,6.01,G01,G01C,1.355072474107146
rb,2.02,B64,B64G,1.3550926130265
pt,3.03,C23,C23C,1.355248858220875
sa,3.03,G06,G06K,1.355269111692905
hb,5.03,A62,A62D,1.355555556714535
ye,2.02,B60,B60N,1.355555566027761
fi,1.04,B42,B42D,1.355555567890406
ye,2.02,F01,F01D,1.355555586516857
ya,3.02,A23,A23K,1.355612874962389
oa,2.11,C25,C25F,1.355718959355727
bu,1.03,C02,C02F,1.355855880305171
fa,2.01,H02,H02J,1.355959604494274
vj,5.01,A61,A61H,1.356267817318439
vy,3.02,B65,B65B,1.356700168922544
co,1.06,B25,B25J,1.356928374618292
iq,2.02,B60,B60B,1.356944472528994
im,2.01,A23,A23G,1.357142867520452
ex,1.02,B66,B66B,1.357142867520452
zk,9,B23,B23K,1.357142867520452
le,1.05,A63,A63B,1.357142873108387
ya,3.02,C10,C10G,1.357539687305689
dt,2.03,B60,B60K,1.35768399387598
uh,1.03,B41,B41J,1.358080834150314
ry,2.03,B24,B24B,1.358134927228093
rb,2.02,B61,B61L,1.358333341777325
ki,3.02,B60,B60W,1.35833334363997
ee,1.04,A61,A61C,1.358333349227905
iy,1.06,B05,B05B,1.358333354815841
uk,1.03,F24,F24F,1.358445138670504
im,2.01,B60,B60T,1.358465641736984
eo,6.02,G05,G05B,1.358730163425207
qa,3.01,H03,H03H,1.35904242657125
uk,1.03,B30,B30B,1.359217189252377
pn,1.01,C22,C22C,1.359259281307459
ja,1.05,G16,G16H,1.359354585409164
pw,2.06,C08,C08B,1.359700229950249
ni,3.01,F25,F25B,1.359709211625159
kv,1.05,G08,G08G,1.360085014719516
za,3.02,G07,G07C,1.360256418585777
id,2.07,C21,C21C,1.360416688024998
sd,3.02,A61,A61J,1.360494863241911
uh,1.03,H01,H01P,1.360605393536389
id,2.07,A23,A23D,1.360606094822288
ve,3.02,B82,B82Y,1.360835543368012
ds,3.02,B82,B82Y,1.361005974467844
qq,1.05,F42,F42B,1.361111111938953
oy,9,F16,F16D,1.361111111938953
pz,2.05,E01,E01C,1.361111111938953
jy,4.05,H04,H04Q,1.361111111938953
ac,2.02,B41,B41F,1.361111111938953
wm,5.04,C03,C03B,1.361111111938953
vi,5.01,A61,A61C,1.361111113801599
ae,4.05,A23,A23F,1.361111115664244
rb,2.02,F16,F16B,1.361111121252179
we,3.02,G01,G01T,1.361111121252179
ui,1.03,F16,F16J,1.361111121252179
sd,3.02,H04,H04Q,1.361111123114824
pe,5.02,B64,B64C,1.361904771998525
dw,1.04,A61,A61C,1.362037067301571
yr,2.01,G01,G01V,1.36214898340404
fa,2.01,E21,E21D,1.362373747862875
eo,6.02,A61,A61M,1.362446581944823
qg,2.05,B64,B64C,1.36250001937151
pa,6.02,C01,C01F,1.36274510063231
ra,2.11,C08,C08F,1.362858874723315
xw,3.03,B01,B01D,1.362909089773893
tm,3.01,G09,G09G,1.363095248118043
ka,4.01,C04,C04B,1.363095253705978
gy,5.02,C10,C10L,1.363636374473572
uy,1.04,B21,B21C,1.363636374473572
fa,2.01,A01,A01K,1.364109851419926
eo,6.02,G01,G01N,1.364440666511655
oe,5.06,C07,C07F,1.364505738951266
ig,2.06,B08,B08B,1.364529232494533
ew,1.02,B06,B06B,1.364583343267441
dw,1.04,C12,C12J,1.364583350718021
pm,2.05,C05,C05D,1.364583363756537
cq,1.06,A47,A47J,1.36462763696909
qh,2.05,A61,A61N,1.364631549920887
fi,1.04,B81,B81C,1.364732308313251
ni,3.01,C01,C01B,1.36480188369751
sr,2.07,B64,B64C,1.364980173297226
pc,5.02,A47,A47C,1.365079376846552
uh,1.03,G01,G01L,1.365128276869655
pm,2.05,F16,F16N,1.365151524543762
ik,2.11,G08,G08B,1.365277802571654
lq,3.03,G16,G16H,1.365613472647965
dw,1.04,B09,B09B,1.365803631022573
ui,1.03,F15,F15B,1.3659832123667
um,3.01,G01,G01C,1.365985844284296
le,1.05,H04,H04J,1.366545908153057
we,3.02,H05,H05B,1.366592750884593
iq,2.02,D06,D06H,1.366666670888662
oa,2.11,B07,B07B,1.366666672751307
bu,1.03,G08,G08B,1.366666674613953
ja,1.05,B24,B24D,1.366666674613953
pa,6.02,C10,C10G,1.366666674613953
om,5.05,C09,C09J,1.366666674613953
qh,2.05,E02,E02B,1.366666674613953
wm,5.04,F16,F16D,1.366666674613953
ki,3.02,H02,H02K,1.366666674613953
aa,1.03,D21,D21C,1.366666674613953
ah,4.01,C23,C23C,1.366666678339243
cl,9,G01,G01C,1.366666678339243
tu,3.01,A45,A45C,1.366666678339243
xq,2.11,B02,B02C,1.366666678339243
ew,1.02,F16,F16B,1.366666678339243
js,6.04,G08,G08G,1.366666693240404
km,1.06,A24,A24B,1.366769257001579
ne,3.03,D01,D01F,1.366977564524859
ve,3.02,A23,A23C,1.367171743884683
ur,1.01,A63,A63F,1.367944517172873
if,2.11,G21,G21B,1.367954920046031
ut,6.02,C12,C12P,1.368046907708049
vj,5.01,G16,G16H,1.368134674150497
ql,9,G06,G06T,1.368425969965756
qq,1.05,A01,A01H,1.368571035098284
dx,3.01,G01,G01J,1.3685741876252
gu,1.06,B42,B42D,1.369047623127699
ne,3.03,B64,B64F,1.369047630578279
xq,2.11,B60,B60W,1.36904763430357
tu,3.01,G05,G05F,1.36904763430357
ne,3.03,F03,F03B,1.36904764175415
un,1.03,G21,G21F,1.369187690783292
bv,5.01,A01,A01K,1.369420991744846
hf,6.03,G01,G01B,1.369444448500872
ja,1.05,F27,F27B,1.369572657160461
dy,1.04,F02,F02G,1.369843927212059
sr,2.07,B29,B29C,1.370000011753291
za,3.02,G01,G01B,1.370286166667938
ah,4.01,C30,C30B,1.370370380580425
cq,1.06,G10,G10H,1.37045456841588
dt,2.03,G03,G03F,1.370470673311502
vs,5.01,G02,G02B,1.370634921826422
co,1.06,G10,G10L,1.370742820203304
fa,2.01,G01,G01W,1.371428601443768
ep,1.02,B81,B81C,1.371619893005118
rb,2.02,B82,B82Y,1.371624204562977
oe,5.06,B01,B01J,1.371794883161783
pz,2.05,A01,A01C,1.371794883161783
ze,1.06,G03,G03G,1.371794913429767
aa,1.03,B65,B65G,1.371969708241522
co,1.06,C12,C12H,1.372037414112128
pw,2.06,H05,H05B,1.372148662805557
ev,1.02,G07,G07B,1.372710648924112
uf,1.03,H03,H03L,1.372756417840719
ei,1.04,A47,A47J,1.372828311286867
um,3.01,A61,A61G,1.372853557579219
ev,1.02,G08,G08C,1.37309820135124
ba,3.02,G10,G10L,1.373456813395023
tu,3.01,G01,G01C,1.37360648624599
wm,5.04,H01,H01M,1.373686872422695
ju,4.01,B32,B32B,1.373737383633852
ee,1.04,H01,H01Q,1.373931624926627
ae,4.05,B09,B09B,1.37395385466516
qa,3.01,G01,G01C,1.374019630718976
xw,3.03,B82,B82Y,1.37449134606868
pj,2.05,C12,C12Q,1.374776383046992
qf,9,C07,C07K,1.374941554618999
ex,1.02,F21,F21S,1.375
er,1.02,C08,C08K,1.375
js,6.04,G02,G02C,1.375
ac,2.02,H01,H01T,1.375
di,5.02,B61,B61L,1.375
ad,4.02,H05,H05B,1.375
nn,3.03,A47,A47K,1.375
hq,1.04,C21,C21C,1.375
if,2.11,B64,B64F,1.375
jy,4.05,B31,B31F,1.375
ue,2.11,B44,B44F,1.375
fy,3.02,B31,B31B,1.375
et,1.02,F16,F16G,1.375
nu,5.08,F02,F02D,1.375
ro,1.07,G04,G04B,1.375
pt,3.03,G02,G02C,1.375
id,2.07,F02,F02F,1.375
cl,9,B60,B60R,1.375
ai,2.03,C07,C07J,1.375
aq,3.02,H04,H04N,1.375
ig,2.06,B41,B41M,1.375000007450581
uk,1.03,A47,A47C,1.375000007450581
qg,2.05,G21,G21B,1.375000008381903
le,1.05,G02,G02F,1.375000011175871
sa,3.03,A44,A44C,1.375000011175871
di,5.02,F16,F16L,1.375000011175871
oa,2.11,F16,F16P,1.375000011175871
zk,9,C09,C09D,1.375000022351742
pa,6.02,D06,D06M,1.375000022351742
ih,2.07,F24,F24D,1.375000026077032
um,3.01,B05,B05C,1.375000040978193
pk,2.05,C01,C01D,1.375490199774504
tm,3.01,C11,C11B,1.375541136600077
da,1.06,B25,B25J,1.375989723019302
ds,3.02,C08,C08F,1.376085865311325
ei,1.04,B64,B64G,1.376250883564353
co,1.06,G08,G08B,1.37672514282167
dw,1.04,B07,B07C,1.377124208956957
db,2.08,B64,B64C,1.377287657931447
cq,1.06,F28,F28D,1.377369301393628
li,3.02,H04,H04M,1.377536240033805
dt,2.03,B29,B29B,1.377898560836911
ue,2.11,C01,C01G,1.378472227603197
ru,3.01,F41,F41H,1.378571435809135
or,5.09,G06,G06K,1.378787890076637
pz,2.05,F41,F41C,1.378787890076637
ig,2.06,C30,C30B,1.378816231386736
pa,6.02,B82,B82Y,1.379194833338261
hb,5.03,H03,H03K,1.379482330754399
dq,9,B81,B81C,1.379609940573573
db,2.08,G21,G21C,1.380000011995435
sr,2.07,H04,H04H,1.380285006947815
id,2.07,G10,G10K,1.380303032696247
ea,1.04,H03,H03B,1.380952391773462
ia,3.02,F02,F02D,1.380952391773462
ia,3.02,H01,H01R,1.380952391773462
es,2.02,F01,F01L,1.380952391773462
yr,2.01,D06,D06F,1.380952406674623
ya,3.02,B64,B64C,1.380952406674623
ya,3.02,B41,B41J,1.381060611456633
pk,2.05,G01,G01S,1.38168375659734
mc,1.06,G01,G01K,1.381944458931684
ji,5.01,C07,C07D,1.382039054296911
pe,5.02,H02,H02M,1.382202016189694
ye,2.02,A47,A47C,1.382275149226189
ve,3.02,A61,A61C,1.382496136706322
ev,1.02,F41,F41G,1.382638905197382
ex,1.02,B29,B29D,1.383333340287209
ga,3.02,B23,B23K,1.383333344012499
ig,2.06,F41,F41G,1.383333344012499
xe,4.01,C08,C08F,1.383333345875144
er,1.02,B60,B60L,1.38333335518837
ry,2.03,F02,F02G,1.38333335891366
ij,2.11,E04,E04C,1.38333335891366
tc,3.02,G01,G01P,1.383333377540112
xw,3.03,B29,B29C,1.383569186553359
jy,4.05,B09,B09B,1.383660780265927
sd,3.02,C02,C02F,1.383928580209613
po,1.01,G01,G01C,1.384052083361894
gy,5.02,C12,C12Q,1.384088191203773
uf,1.03,C08,C08K,1.384188041556627
ev,1.02,B21,B21D,1.384259270504117
xq,2.11,C08,C08B,1.384417437948287
hi,5.01,A61,A61L,1.384656094945967
cu,1.06,B01,B01F,1.384863917133771
ns,2.01,H02,H02H,1.385473167523742
hy,1.06,C07,C07J,1.385578668210655
qa,3.01,B25,B25J,1.385656632250175
ai,2.03,C09,C09J,1.385897444561124
xa,5.04,A23,A23B,1.385964922606945
ki,3.02,H05,H05B,1.38601652905345
ru,3.01,C01,C01B,1.386309535242617
hf,6.03,B01,B01F,1.386627906933427
zd,9,F24,F24F,1.386904767714441
ku,5.07,B32,B32B,1.386904772371054
si,1.05,C12,C12M,1.387053591199219
vs,5.01,G10,G10L,1.387103196233511
rb,2.02,A61,A61K,1.387167025590315
vi,5.01,H02,H02M,1.387500002980232
vx,5.01,G08,G08G,1.387500014156103
wy,5.04,H04,H04B,1.388095252215862
oa,2.11,F27,F27D,1.388235295191407
rt,3.02,B22,B22C,1.388888899236917
dy,1.04,B60,B60J,1.388888899236917
vi,5.01,F01,F01D,1.388888899236917
ha,5.03,F01,F01L,1.388888899236917
pu,2.03,B21,B21J,1.388888899236917
vi,5.01,E04,E04F,1.388888899236917
ni,3.01,H04,H04H,1.388888899236917
ik,2.11,H04,H04H,1.388888910412788
pm,2.05,E02,E02F,1.388888910412788
vi,5.01,G09,G09F,1.389285714365542
bd,1.06,C02,C02F,1.390267965383828
ru,3.01,A01,A01G,1.390719702467322
ih,2.07,B23,B23P,1.391203705221415
de,1.06,A24,A24D,1.391666673123837
if,2.11,F27,F27D,1.391666673123837
ru,3.01,D06,D06F,1.391666673123837
jy,4.05,F24,F24C,1.391666680574417
pu,2.03,B28,B28B,1.391666689887643
ij,2.11,H01,H01S,1.391752538271248
jb,5.07,A01,A01H,1.391781393438578
ev,1.02,B22,B22F,1.391798947006464
yg,6.04,H02,H02J,1.392207803204656
xy,1.01,A61,A61L,1.39226814196445
qf,9,B60,B60H,1.392361121252179
ah,4.01,G09,G09B,1.392407172825187
qe,2.09,A01,A01K,1.39248749287799
dt,2.03,B41,B41M,1.392857143655419
dr,1.06,G01,G01M,1.392857149243355
mm,6.01,G01,G01L,1.392857149243355
xq,2.11,A23,A23B,1.392857149243355
bk,6.04,G08,G08G,1.392857164144516
pk,2.05,B29,B29B,1.392857179045677
si,1.05,C01,C01B,1.393153766170144
wc,3.03,G01,G01S,1.393238737247884
pq,1.01,A01,A01K,1.393307283753529
ii,2.04,A24,A24F,1.393510258756578
ni,3.01,C08,C08K,1.393637487431988
fi,1.04,B05,B05B,1.393766977824271
ne,3.03,B81,B81B,1.393841290846467
ah,4.01,G05,G05B,1.394338370766491
qh,2.05,G01,G01R,1.394380417652428
ki,3.02,F16,F16L,1.394444458186626
or,5.09,G02,G02F,1.394444476813078
rb,2.02,B32,B32B,1.394603187218308
mm,6.01,C12,C12R,1.394607843831182
vi,5.01,G05,G05G,1.394696995615959
gc,1.05,G05,G05B,1.394940494559705
ih,2.07,G01,G01H,1.395000010728836
oe,5.06,C12,C12Q,1.39534777100198
qu,1.06,C08,C08H,1.395473268348724
ia,3.02,G01,G01P,1.395652180537581
pn,1.01,A47,A47F,1.395833343267441
if,2.11,H02,H02B,1.395833343267441
xe,4.01,E02,E02D,1.395833365619183
ee,1.04,C05,C05G,1.396103907376528
ry,2.03,F17,F17C,1.396748553030193
ja,1.05,C12,C12C,1.396922189742327
il,2.07,H02,H02J,1.397023833356798
um,3.01,H03,H03M,1.397172631230205
id,2.07,G08,G08C,1.397431368939579
ex,1.02,G06,G06E,1.397593448404223
ns,2.01,A63,A63B,1.397619059309363
km,1.06,D21,D21C,1.397762974724174
le,1.05,C11,C11D,1.397863259539008
pk,2.05,G03,G03H,1.398599153384566
oi,3.02,A23,A23G,1.398908738978207
xq,2.11,A61,A61J,1.398989925161004
qh,2.05,C08,C08B,1.399353884160519
si,1.05,G01,G01H,1.399761907756329
jy,4.05,A47,A47L,1.400000002235174
ae,4.05,B62,B62D,1.400000005960464
za,3.02,F16,F16K,1.400000005960464
ig,2.06,B62,B62M,1.400000005960464
ja,1.05,B21,B21B,1.400000005960464
bq,6.05,H04,H04S,1.400000005960464
ae,4.05,A22,A22C,1.400000005960464
gm,3.03,H04,H04Q,1.400000005960464
gu,1.06,B02,B02C,1.400000005960464
za,3.02,C30,C30B,1.400000005960464
za,3.02,B25,B25B,1.400000005960464
cq,1.06,F03,F03D,1.400000013411045
ja,1.05,C21,C21C,1.400000013411045
vi,5.01,F01,F01L,1.400000013411045
bk,6.04,F27,F27D,1.400000020861626
js,6.04,F27,F27D,1.400000020861626
pk,2.05,A63,A63B,1.400000035762787
id,2.07,F02,F02N,1.400000043213367
sa,3.03,A23,A23P,1.400018764659762
pf,6.02,C07,C07D,1.400232209824026
qg,2.05,F28,F28D,1.400639808736742
rb,2.02,H01,H01F,1.400641055777669
qa,3.01,H01,H01B,1.400898152729496
le,1.05,B64,B64D,1.401190489530563
ji,5.01,G01,G01N,1.40134434401989
ni,3.01,H01,H01B,1.401483751833439
vi,5.01,G08,G08G,1.401495740748942
dr,1.06,H03,H03M,1.401785731315613
im,2.01,C12,C12Q,1.401857349206693
ya,3.02,G01,G01D,1.401960792019963
vy,3.02,C30,C30B,1.401981352828443
ae,4.05,A24,A24D,1.402083340100944
vy,3.02,C25,C25D,1.402083357796073
ad,4.02,C04,C04B,1.402109297458082
ue,2.11,C03,C03B,1.402241738513112
kv,1.05,G01,G01W,1.402483985293657
dk,5.02,C07,C07H,1.40271966252476
dt,2.03,G07,G07F,1.402777777984738
kv,1.05,G09,G09B,1.402777777984738
oe,5.06,H04,H04R,1.402777783572674
cl,9,F02,F02G,1.403177282772958
pe,5.02,B24,B24B,1.403265699278563
wc,3.03,B62,B62D,1.403571428731084
wh,3.02,A61,A61H,1.403584999963641
ik,2.11,G07,G07C,1.403989925980568
rt,3.02,B26,B26B,1.404040411114693
sr,2.07,G03,G03G,1.404166675172746
iq,2.02,B28,B28C,1.404166703112423
co,1.06,F21,F21V,1.404515750706196
vi,5.01,A01,A01K,1.404599688481539
ai,2.03,F27,F27D,1.404761917889118
ii,2.04,B26,B26F,1.404761921614408
im,2.01,B02,B02C,1.404761930927634
dr,1.06,F25,F25D,1.405017927289009
up,1.03,B01,B01D,1.405251307412982
ja,1.05,G01,G01G,1.405555557459593
fy,3.02,A23,A23K,1.405555563047528
ig,2.06,F16,F16D,1.405555574223399
pn,1.01,A23,A23G,1.405753970146179
cq,1.06,D06,D06L,1.405952386558056
sy,1.03,A01,A01H,1.406259518116713
pt,3.03,G01,G01L,1.406331266276538
yq,5.07,F01,F01N,1.406349209137261
mu,4.01,C12,C12H,1.406349249184132
oy,9,G07,G07F,1.406367253512144
xq,2.11,G21,G21B,1.406811128836125
yp,3.02,B29,B29C,1.406988807721063
sr,2.07,C07,C07C,1.40733364271
ni,3.01,H04,H04J,1.407509170472622
yp,3.02,A61,A61Q,1.407558449544013
pk,2.05,B01,B01L,1.408045070245862
xy,1.01,A23,A23L,1.408261192846112
et,1.02,B09,B09B,1.408333335071802
uu,5.06,G09,G09F,1.408333342522383
dr,1.06,B02,B02C,1.408333346247673
dy,1.04,F16,F16G,1.408333346247673
mq,6.01,E21,E21B,1.408333361148834
za,3.02,G06,G06G,1.408496764488518
fa,2.01,H04,H04M,1.408695661462843
py,3.02,B25,B25F,1.408788103610277
eu,2.02,G09,G09G,1.408823534846306
li,3.02,G02,G02B,1.409523813053966
ye,2.02,B63,B63H,1.409722233191133
ii,2.04,D01,D01C,1.409722244367003
ki,3.02,C02,C02F,1.409722248092294
js,6.04,C03,C03C,1.410256423056126
vy,3.02,B65,B65D,1.410317465662956
nq,5.01,C07,C07K,1.410391086596064
aa,1.03,F02,F02G,1.410423659719527
pq,1.01,G10,G10H,1.410714287310839
bq,6.05,A46,A46B,1.41071429848671
ik,2.11,G01,G01V,1.41094334051013
eu,2.02,G01,G01V,1.411111116409302
wm,5.04,C09,C09J,1.411111123859882
jb,5.07,C02,C02F,1.411489359103143
le,1.05,F41,F41H,1.412037037312984
un,1.03,H04,H04B,1.412237945944071
pm,2.05,B61,B61L,1.412500001490116
yy,5.07,C07,C07C,1.4125000173226
uk,1.03,A23,A23G,1.412719305604696
dr,1.06,F16,F16F,1.412820526398718
xq,2.11,G05,G05F,1.412887997925282
io,2.07,H04,H04M,1.412909414619207
yr,2.01,C08,C08G,1.412911951541901
pn,1.01,B62,B62D,1.413228811696172
pn,1.01,B23,B23K,1.41363637521863
qg,2.05,F03,F03H,1.414411764591932
dt,2.03,F02,F02P,1.414492785232142
vy,3.02,G09,G09F,1.414529921486974
oy,9,A61,A61L,1.414807529421523
ue,2.11,B29,B29D,1.415042737498879
py,3.02,B03,B03B,1.415064113214612
ds,3.02,E21,E21B,1.415098793804646
jw,6.02,C07,C07H,1.415528517216444
dx,3.01,H04,H04M,1.415625009452924
im,2.01,C12,C12P,1.415918721351773
ot,6.02,H03,H03K,1.415978763252497
ot,6.02,C03,C03B,1.41666667163372
ei,1.04,C21,C21C,1.41666667163372
dk,5.02,H02,H02J,1.41666667163372
ha,5.03,G08,G08G,1.41666667163372
pj,2.05,D02,D02G,1.41666667163372
xa,5.04,B29,B29B,1.41666667163372
gy,5.02,A01,A01D,1.41666667163372
vx,5.01,C09,C09D,1.41666667163372
yg,6.04,H01,H01F,1.41666667163372
ot,6.02,F25,F25B,1.41666667163372
sy,1.03,A23,A23B,1.41666667163372
gu,1.06,F16,F16K,1.41666667163372
bf,5.04,C09,C09B,1.41666667163372
ew,1.02,D01,D01F,1.41666667163372
qf,9,F04,F04D,1.41666667163372
ru,3.01,B63,B63B,1.41666667163372
da,1.06,A01,A01M,1.41666667163372
pq,1.01,C09,C09C,1.41666667163372
oz,6.02,G04,G04G,1.41666667163372
ew,1.02,E03,E03D,1.41666667163372
nu,5.08,C21,C21C,1.41666667163372
bm,5.07,B29,B29C,1.41666667163372
nu,5.08,C06,C06B,1.41666667163372
eu,2.02,G07,G07C,1.41666667163372
mw,5.09,A61,A61M,1.41666667163372
tu,3.01,F22,F22B,1.41666667163372
uu,5.06,C06,C06B,1.41666667163372
ro,1.07,E03,E03F,1.41666667163372
co,1.06,B07,B07C,1.41666667163372
tu,3.01,A46,A46B,1.41666667163372
xa,5.04,G08,G08B,1.41666667163372
yq,5.07,H05,H05B,1.41666667163372
fu,5.04,B29,B29B,1.41666667163372
qh,2.05,E06,E06B,1.416666675359011
io,2.07,B32,B32B,1.416666679084301
gy,5.02,G03,G03C,1.416666679084301
pk,2.05,A61,A61J,1.416666679084301
im,2.01,B66,B66C,1.416666679084301
xa,5.04,F02,F02B,1.416666679084301
tu,3.01,A62,A62C,1.416666679084301
ee,1.04,H01,H01R,1.416666679084301
ha,5.03,H02,H02J,1.416666679084301
qf,9,G02,G02C,1.416666679084301
qf,9,B26,B26B,1.416666679084301
yo,3.01,A62,A62C,1.416666679084301
xq,2.11,C21,C21C,1.416666679084301
pn,1.01,B41,B41M,1.416666679084301
ja,1.05,F22,F22B,1.416666679084301
ik,2.11,F17,F17C,1.416666679084301
ip,2.07,F16,F16J,1.416666686534882
aa,1.03,F24,F24F,1.416666686534882
cn,5.01,F02,F02D,1.416666686534882
et,1.02,H02,H02B,1.416666686534882
yo,3.01,A62,A62B,1.416666686534882
ns,2.01,F02,F02K,1.416666686534882
ik,2.11,G09,G09F,1.416666686534882
ij,2.11,B26,B26D,1.416666686534882
uk,1.03,B07,B07C,1.416666686534882
vm,5.06,C09,C09K,1.416666686534882
ot,6.02,F16,F16K,1.416666686534882
ne,3.03,A21,A21B,1.416666686534882
yq,5.07,B66,B66B,1.416666686534882
oa,2.11,G04,G04B,1.416666686534882
ig,2.06,B60,B60T,1.416666701436043
im,2.01,F16,F16C,1.416666701436043
oa,2.11,F16,F16M,1.416666701436043
et,1.02,F03,F03B,1.416666708886623
dw,1.04,C25,C25C,1.416666708886623
es,2.02,F03,F03B,1.416666708886623
ui,1.03,B28,B28B,1.416666708886623
af,4.05,A01,A01N,1.41680232109502
dm,3.02,F04,F04B,1.417261918075383
bp,6.04,A61,A61N,1.417399289086461
ns,2.01,C25,C25C,1.417528165038675
im,2.01,H01,H01Q,1.418124103918672
ml,9,A61,A61N,1.418324729893357
ry,2.03,G08,G08C,1.418369029182941
ur,1.01,H01,H01F,1.418393412139267
ji,5.01,H03,H03K,1.418394035194069
jb,5.07,E01,E01C,1.418650798499584
ac,2.02,H01,H01B,1.41944445297122
nq,5.01,A61,A61M,1.419566749711521
wv,3.03,E21,E21B,1.419642874971032
hl,3.03,H05,H05K,1.419642884284258
ns,2.01,B64,B64C,1.419932869262993
rt,3.02,A45,A45F,1.419941201806068
dr,1.06,G09,G09F,1.42048402223736
uk,1.03,F25,F25D,1.420860392972827
ae,4.05,B29,B29C,1.420952405780554
ep,1.02,G21,G21D,1.421527786180377
qj,2.05,H01,H01G,1.422105710953474
tq,3.02,G10,G10L,1.422222230583429
ai,2.03,H04,H04K,1.42222223430872
iq,2.02,B43,B43L,1.422222264111042
dr,1.06,C09,C09J,1.422390127554536
am,4.01,C12,C12C,1.422505523543805
ue,2.11,H03,H03D,1.422605657950044
xw,3.03,G01,G01B,1.422619048506022
hq,1.04,G10,G10L,1.422619070857763
ru,3.01,C03,C03C,1.422690767794847
si,1.05,A01,A01G,1.422916684765369
ns,2.01,B21,B21J,1.423478868789971
iy,1.06,B01,B01D,1.423611111938953
hl,3.03,A61,A61Q,1.42361112870276
lq,3.03,H02,H02J,1.423809537664056
da,1.06,C10,C10M,1.423841973766685
wh,3.02,B01,B01J,1.424145308323205
qh,2.05,G21,G21C,1.424242436885834
ui,1.03,D04,D04H,1.424242436885834
xa,5.04,G07,G07C,1.424242436885834
ei,1.04,A01,A01C,1.424868038855493
es,2.02,B65,B65B,1.425000000745058
if,2.11,F01,F01L,1.425000000745058
ve,3.02,B23,B23K,1.425000000745058
xa,5.04,A01,A01K,1.425000000745058
ae,4.05,G01,G01G,1.425000008195639
ip,2.07,H01,H01R,1.42500002682209
uy,1.04,G08,G08B,1.425089618191123
pt,3.03,B23,B23K,1.425123523455113
co,1.06,C25,C25B,1.425214619375765
ur,1.01,G01,G01C,1.425427701324224
ph,6.02,G01,G01N,1.425925945863128
my,5.01,H01,H01L,1.42596154846251
wm,5.04,C07,C07H,1.426045482978225
um,3.01,B32,B32B,1.426145102828741
ew,1.02,H03,H03B,1.426406160928309
ai,2.03,C25,C25D,1.427181783597916
aa,1.03,B65,B65B,1.42730497661978
nu,5.08,C07,C07B,1.427512373309582
pa,6.02,C01,C01B,1.427777798846364
ac,2.02,G09,G09F,1.428033830597997
pn,1.01,C12,C12M,1.428320813924074
yr,2.01,H01,H01J,1.428403120487928
ra,2.11,H04,H04B,1.428452393040061
ee,1.04,B05,B05B,1.429037023335695
wf,1.06,G09,G09B,1.429166671819985
sy,1.03,D06,D06H,1.429166704416275
wm,5.04,G05,G05D,1.429323476739228
ea,1.04,G03,G03H,1.429441696964204
si,1.05,G01,G01P,1.429761933162808
sy,1.03,F26,F26B,1.429761944338679
il,2.07,F16,F16L,1.429824596270919
za,3.02,B25,B25J,1.429885812103748
uy,1.04,G10,G10K,1.429954490158707
ui,1.03,F03,F03H,1.430000020191073
yq,5.07,G01,G01M,1.430555555969477
ih,2.07,F28,F28F,1.430555563420057
ii,2.04,B61,B61L,1.430555567145348
yy,5.07,H01,H01R,1.430555567145348
iu,2.03,A22,A22C,1.430555575527251
le,1.05,G10,G10K,1.430609681177884
iy,1.06,C02,C02F,1.432045463472605
db,2.08,G02,G02C,1.432396017946303
yo,3.01,H04,H04M,1.432539708912373
ma,3.02,B25,B25J,1.432649081107229
pq,1.01,B01,B01L,1.432954553514719
uf,1.03,C10,C10L,1.433120403438807
ix,2.07,E04,E04B,1.433333337306976
aq,3.02,G06,G06K,1.433333337306976
jw,6.02,E21,E21B,1.433333337306976
ip,2.07,G01,G01K,1.433333344757557
ha,5.03,B65,B65H,1.433333344757557
ew,1.02,B64,B64F,1.433333344757557
bq,6.05,C01,C01G,1.433333344757557
pd,6.02,C07,C07C,1.433333344757557
xa,5.04,C08,C08K,1.433333344757557
aa,1.03,F02,F02B,1.433333344757557
ot,6.02,B05,B05D,1.433333344757557
qf,9,E04,E04C,1.433333344757557
um,3.01,A24,A24B,1.433333359658718
pk,2.05,F01,F01L,1.433333359658718
ei,1.04,E06,E06B,1.433333365246654
bv,5.01,G09,G09B,1.433413776569068
rb,2.02,F02,F02D,1.433435048907995
pq,1.01,H03,H03H,1.433648781850934
oe,5.06,G08,G08C,1.43376624584198
ni,3.01,A23,A23D,1.433776491787285
uh,1.03,C25,C25C,1.433787888847291
iu,2.03,D21,D21D,1.433869948145002
ei,1.04,B03,B03B,1.433954484760761
oo,3.03,G03,G03F,1.434157019481063
or,5.09,G03,G03F,1.434210538864136
ku,5.07,A63,A63B,1.434523820877075
ub,1.03,A01,A01K,1.435002801008523
ea,1.04,G08,G08G,1.435353564098477
yp,3.02,G09,G09B,1.435537341050804
qj,2.05,C13,C13K,1.435737593099475
ji,5.01,B62,B62D,1.436492690816522
fy,3.02,C12,C12P,1.436670123424847
ep,1.02,G05,G05G,1.436783025041223
gu,1.06,C05,C05D,1.436805559322238
aa,1.03,G01,G01Q,1.437048229039647
uh,1.03,B09,B09C,1.437121234834194
cn,5.01,G01,G01R,1.437228500377387
pm,2.05,C05,C05C,1.437500005587935
dt,2.03,F23,F23K,1.437500035390258
pq,1.01,C07,C07F,1.437941360287368
pu,2.03,B66,B66B,1.438131334260106
ia,3.02,A23,A23B,1.438759171403944
re,1.05,C08,C08F,1.43888889811933
iq,2.02,B41,B41N,1.439276492223144
le,1.05,C30,C30B,1.439285717904568
we,3.02,A23,A23G,1.439565840177238
ve,3.02,A23,A23K,1.43962627183646
fa,2.01,A61,A61B,1.439960301388055
eo,6.02,C12,C12Q,1.440469961613417
dm,3.02,A61,A61G,1.440476195886731
qf,9,G09,G09B,1.440712770447135
ye,2.02,B29,B29B,1.440899133682251
py,3.02,A24,A24B,1.441071435809135
xw,3.03,A23,A23C,1.441342014819384
ea,1.04,F16,F16C,1.441666672006249
fi,1.04,G09,G09F,1.441666673868895
nq,5.01,G01,G01S,1.441666677594185
gu,1.06,H03,H03M,1.441666699945927
ad,4.02,A01,A01C,1.441694013774395
dt,2.03,F16,F16F,1.442307705059648
oa,2.11,G05,G05G,1.442609129473567
ma,3.02,G11,G11C,1.442923281341791
ub,1.03,B63,B63G,1.44316771440208
dt,2.03,F23,F23M,1.443452410399914
ad,4.02,B01,B01L,1.443499777466059
vx,5.01,H03,H03K,1.44363553263247
aa,1.03,G16,G16H,1.444135808385909
uh,1.03,C22,C22B,1.444180971011519
ja,1.05,F28,F28F,1.444444447755814
ji,5.01,G11,G11C,1.444444447755814
pu,2.03,F16,F16B,1.444444449618459
yo,3.01,B64,B64D,1.444444455206394
am,4.01,F24,F24F,1.444444455206394
tu,3.01,B62,B62B,1.444444455206394
ih,2.07,G09,G09F,1.444444455206394
vp,3.03,H04,H04W,1.444444455206394
ia,3.02,B08,B08B,1.444444455206394
ew,1.02,F01,F01L,1.444444455206394
ij,2.11,B23,B23C,1.444444455206394
vj,5.01,E04,E04F,1.444444455206394
bd,1.06,E21,E21B,1.444444455206394
dw,1.04,E04,E04D,1.444444455206394
ff,3.02,G05,G05B,1.444444455206394
bk,6.04,A23,A23L,1.444444455206394
sa,3.03,G01,G01V,1.444444455206394
oz,6.02,C12,C12R,1.444444462656975
oy,9,F16,F16K,1.44444446451962
ei,1.04,C21,C21B,1.444444470107555
dw,1.04,A43,A43B,1.444444470107555
qa,3.01,A01,A01C,1.444444485008717
yr,2.01,G10,G10K,1.444444485008717
jm,5.04,A63,A63F,1.445238156244159
co,1.06,C25,C25D,1.445329807465896
kv,1.05,C07,C07D,1.445382301229984
vs,5.01,G06,G06T,1.445520654320717
aq,3.02,A23,A23G,1.445612112525851
hi,5.01,C08,C08F,1.445767221972346
ne,3.03,G21,G21F,1.445833336561918
vy,3.02,H03,H03B,1.44615385401994
aa,1.03,C07,C07D,1.446214177412912
ai,2.03,C12,C12M,1.446309530874714
oa,2.11,B64,B64F,1.446428574621677
py,3.02,B63,B63B,1.446428585797548
lq,3.03,A23,A23L,1.446807737462223
lq,3.03,G09,G09B,1.446987439878285
py,3.02,B08,B08B,1.447023817338049
fy,3.02,C07,C07H,1.447207537479699
vy,3.02,C09,C09C,1.447619058191776
ia,3.02,G01,G01J,1.447731451597065
ii,2.04,C40,C40B,1.448009693995118
tm,3.01,C12,C12Y,1.448336101137102
sy,1.03,C06,C06B,1.448762850370258
ou,1.06,C12,C12Q,1.448999095708132
mc,1.06,C07,C07H,1.44951231876621
vy,3.02,C09,C09B,1.449723820202053
da,1.06,G01,G01K,1.449936996214092
fi,1.04,A61,A61F,1.449992530513555
pa,6.02,C25,C25F,1.450000002980232
ew,1.02,D06,D06P,1.450000002980232
rp,6.04,A43,A43B,1.450000002980232
et,1.02,C23,C23G,1.450000002980232
sa,3.03,G06,G06N,1.450000002980232
py,3.02,G01,G01H,1.450000002980232
nq,5.01,B23,B23K,1.450000002980232
ve,3.02,A01,A01G,1.450000002980232
vj,5.01,H02,H02N,1.450000002980232
qf,9,G07,G07D,1.450000002980232
ut,6.02,C09,C09C,1.450000002980232
dt,2.03,F16,F16K,1.450000006705523
gc,1.05,G01,G01M,1.450000012293458
pa,6.02,H01,H01G,1.450000017881393
jb,5.07,B60,B60L,1.450000043958426
uf,1.03,G05,G05D,1.450166121125221
ga,3.02,G09,G09F,1.450549487024546
qu,1.06,C11,C11C,1.450755391968414
zc,4.03,A01,A01H,1.45079788309522
ue,2.11,B60,B60W,1.450992094352841
uh,1.03,C08,C08B,1.450994597282261
ac,2.02,C08,C08L,1.451183881144971
ct,9,C07,C07C,1.45129633275792
rq,1.06,A01,A01K,1.451350729446858
yi,6.03,H01,H01F,1.451381966471672
ds,3.02,G06,G06K,1.451836083084345
ro,1.07,D04,D04B,1.451923079788685
ne,3.03,H04,H04S,1.451923090964556
xa,5.04,B01,B01F,1.452204240486026
pk,2.05,C12,C12M,1.4522366784513
sy,1.03,C01,C01F,1.452375716529787
om,5.05,C08,C08F,1.452380958944559
db,2.08,B65,B65G,1.453427153639495
fy,3.02,B08,B08B,1.453571448102593
dq,9,G10,G10L,1.453623252920806
oa,2.11,D04,D04H,1.453869063407183
eq,3.01,E21,E21B,1.45396826416254
xq,2.11,G06,G06N,1.45409220084548
vy,3.02,B60,B60C,1.454166669398546
uf,1.03,F41,F41H,1.454166678711772
si,1.05,A61,A61N,1.4544831616804
ur,1.01,C08,C08J,1.454904395854101
cn,5.01,A01,A01M,1.455043599009514
db,2.08,A24,A24D,1.455113648436964
gu,1.06,G01,G01B,1.455115249380469
oy,9,H04,H04J,1.455128211528063
qg,2.05,B05,B05C,1.455833362415433
xy,1.01,B01,B01L,1.456653609639034
pm,2.05,C08,C08H,1.457133149262518
ky,1.05,G01,G01S,1.457159994635731
tu,3.01,F25,F25B,1.457302536815405
hf,6.03,B01,B01J,1.4574579896871
co,1.06,D06,D06P,1.457522125914693
et,1.02,B81,B81C,1.457626626361161
rb,2.02,B60,B60B,1.457638905383646
fs,6.04,C12,C12N,1.457644369453192
ai,2.03,G21,G21K,1.457658300176263
pk,2.05,B08,B08B,1.45775131136179
ur,1.01,B03,B03C,1.457892006263137
yi,6.03,C07,C07F,1.457954557612538
ia,3.02,A47,A47J,1.458095252513885
gc,1.05,H03,H03M,1.458241371903569
wc,3.03,B60,B60R,1.45833333581686
wu,5.04,D21,D21H,1.45833333581686
ev,1.02,C10,C10G,1.45833333954215
pu,2.03,B65,B65H,1.458333343267441
ya,3.02,H04,H04H,1.458333343267441
gy,5.02,A21,A21D,1.458333343267441
hf,6.03,B23,B23K,1.458333343267441
ac,2.02,F04,F04C,1.458333343267441
pc,5.02,A01,A01K,1.458333343267441
tu,3.01,F02,F02N,1.458333343267441
rb,2.02,B60,B60P,1.458333343267441
bp,6.04,F02,F02B,1.458333343267441
pz,2.05,B60,B60W,1.458333343267441
sd,3.02,H02,H02J,1.458333343267441
rt,3.02,B23,B23Q,1.458333343267441
bu,1.03,H02,H02H,1.458333343267441
wq,5.01,A61,A61M,1.458333343267441
sr,2.07,F21,F21V,1.458333343267441
wu,5.04,C11,C11D,1.458333343267441
ih,2.07,C21,C21C,1.458333343267441
ye,2.02,B63,B63B,1.458333350718021
hb,5.03,G01,G01V,1.458333350718021
im,2.01,H04,H04Q,1.458333354443312
cq,1.06,B02,B02C,1.458333357237279
ij,2.11,B41,B41M,1.458333358168602
si,1.05,F16,F16L,1.458333358168602
dw,1.04,D06,D06L,1.458333360031247
pz,2.05,A23,A23D,1.458823543041945
ay,3.01,B29,B29C,1.458928592503071
um,3.01,C09,C09B,1.459040166810155
pz,2.05,G06,G06N,1.459410939365625
tq,3.02,F16,F16K,1.459471013396978
mu,4.01,G06,G06K,1.459796655923128
vx,5.01,G01,G01D,1.459821462631226
oy,9,B01,B01L,1.460502648726106
ew,1.02,F28,F28D,1.460921328514814
fa,2.01,G02,G02F,1.46111112087965
ei,1.04,D06,D06B,1.461147226393223
ga,3.02,H01,H01M,1.461279474198818
ei,1.04,F24,F24F,1.461315378546715
yo,3.01,A61,A61J,1.461325494106859
js,6.04,B25,B25J,1.461603027768433
es,2.02,C07,C07F,1.461750838905573
xw,3.03,A01,A01K,1.462391158100218
dt,2.03,H04,H04M,1.462426923215389
da,1.06,H01,H01Q,1.46243769209832
ac,2.02,B23,B23D,1.46250000782311
uy,1.04,C09,C09F,1.462962966412306
jo,5.04,C07,C07D,1.463180606253445
hl,3.03,A61,A61J,1.463191008660942
if,2.11,B65,B65B,1.463333336636424
vj,5.01,C09,C09B,1.463492076843977
ia,3.02,G01,G01L,1.46354852989316
ee,1.04,G06,G06K,1.463760446989909
ya,3.02,G06,G06N,1.464020144427195
ub,1.03,B64,B64F,1.464285720139742
ur,1.01,G01,G01P,1.464285727590322
ig,2.06,B24,B24C,1.464285753667355
ac,2.02,C10,C10M,1.464583346154541
im,2.01,B63,B63G,1.464596293866634
un,1.03,C10,C10J,1.464808451943099
pu,2.03,D21,D21H,1.465303866192698
oa,2.11,C10,C10L,1.465381138958037
gu,1.06,H04,H04J,1.465544885955751
ga,3.02,H04,H04H,1.465811979025602
zr,1.05,D21,D21C,1.46608529612422
pe,5.02,H03,H03K,1.466666668653488
lq,3.03,G02,G02B,1.466666672378778
ba,3.02,C11,C11D,1.466666674241424
ig,2.06,E06,E06B,1.466666676104069
pj,2.05,E06,E06B,1.466666676104069
pq,1.01,F41,F41A,1.466666676104069
pn,1.01,F41,F41A,1.466666676104069
mu,4.01,B41,B41J,1.466666677966714
pz,2.05,H03,H03F,1.466666677966714
ac,2.02,F02,F02K,1.466666679829359
pi,1.06,G02,G02B,1.466666679829359
cq,1.06,B05,B05C,1.466806138399988
ra,2.11,A01,A01K,1.46758698951453
ns,2.01,F01,F01N,1.467591866385192
iu,2.03,A23,A23C,1.467592593282461
nu,5.08,B67,B67D,1.467857152223587
iu,2.03,C01,C01F,1.468046554829925
po,1.01,C07,C07K,1.468569907359779
ns,2.01,A23,A23D,1.46872297860682
ro,1.07,A23,A23P,1.469013184309006
up,1.03,H03,H03M,1.469065675511956
am,4.01,G02,G02B,1.469230799004436
cq,1.06,B26,B26D,1.46923755761236
vj,5.01,H05,H05B,1.469326736405492
ut,6.02,H01,H01Q,1.46978022903204
wq,5.01,G10,G10L,1.469820395112038
ma,3.02,F16,F16K,1.469827596098185
en,9,H01,H01L,1.470015357248485
xw,3.03,G01,G01J,1.470168940722942
ya,3.02,H03,H03M,1.470238108187914
vi,5.01,B60,B60R,1.470833338797092
ne,3.03,A46,A46B,1.470899488776922
db,2.08,F04,F04D,1.471212130505592
qf,9,G07,G07C,1.471690820530057
db,2.08,C09,C09C,1.471858651377261
hb,5.03,C08,C08G,1.472130173351616
vi,5.01,B64,B64G,1.472222223877907
ip,2.07,F22,F22B,1.472222223877907
hi,5.01,H03,H03K,1.472222233191133
ry,2.03,A61,A61G,1.472222235053778
vy,3.02,H03,H03J,1.472222235053778
es,2.02,B65,B65G,1.472222242504358
ub,1.03,A47,A47C,1.472222246229649
pe,5.02,C23,C23C,1.472354025114328
es,2.02,C22,C22C,1.47261904925108
af,4.05,A61,A61K,1.472680559847504
ew,1.02,B64,B64G,1.473280437290668
bv,5.01,A61,A61L,1.47341138869524
wf,1.06,A61,A61Q,1.473457811400294
ea,1.04,B44,B44C,1.473518516868353
pu,2.03,G01,G01W,1.473809545859694
nq,5.01,G11,G11B,1.474202907644212
xe,4.01,G06,G06T,1.47430557757616
py,3.02,H01,H01B,1.474390245974064
pm,2.05,C07,C07J,1.474770001135767
id,2.07,B04,B04B,1.475000001490116
vy,3.02,D21,D21C,1.475000001490116
pq,1.01,A61,A61C,1.475000001490116
yq,5.07,H03,H03D,1.475000031292439
bi,6.01,A61,A61N,1.475072156637907
wm,5.04,H01,H01Q,1.475420181639493
si,1.05,G10,G10L,1.475735314656049
ex,1.02,H02,H02N,1.475788767915219
mw,5.09,A61,A61B,1.475819613784552
pk,2.05,E04,E04C,1.475925948470831
dm,3.02,C09,C09G,1.476190492510796
ua,6.03,F41,F41A,1.476190492510796
js,6.04,H04,H04J,1.476190492510796
bp,6.04,C22,C22C,1.476190492510796
vy,3.02,B24,B24B,1.476190496236086
uk,1.03,G09,G09B,1.476553058018908
ig,2.06,C12,C12R,1.477028827182949
um,3.01,B62,B62D,1.47735042963177
pz,2.05,A61,A61J,1.477513242512941
ih,2.07,C07,C07G,1.477565877139568
ig,2.06,G03,G03H,1.47767859743908
if,2.11,A23,A23K,1.477773144841194
uk,1.03,G04,G04F,1.47791447583586
ew,1.02,C09,C09C,1.47809524834156
dw,1.04,B81,B81B,1.478111028205603
hf,6.03,C07,C07K,1.478158042998984
ox,6.02,A61,A61N,1.478216242045164
rb,2.02,B21,B21D,1.478836007416248
rb,2.02,B60,B60K,1.478842033073306
pn,1.01,G01,G01H,1.478957820683718
mu,4.01,C08,C08B,1.47916667163372
dt,2.03,C22,C22F,1.479166679084301
ga,3.02,G11,G11C,1.479166679084301
si,1.05,G01,G01L,1.479166679084301
ye,2.02,B21,B21D,1.479166679084301
ex,1.02,F02,F02C,1.479166686534882
gy,5.02,C11,C11B,1.479545455891639
da,1.06,C10,C10G,1.479713823646307
oa,2.11,B63,B63H,1.47976191714406
ki,3.02,H01,H01Q,1.479906221851707
ye,2.02,B67,B67D,1.480158742517233
hq,1.04,H01,H01Q,1.480257417075336
bk,6.04,C07,C07F,1.480311373714358
ku,5.07,H04,H04B,1.480489440727979
pt,3.03,C10,C10L,1.48055555857718
yp,3.02,C12,C12P,1.480560943367891
pc,5.02,B64,B64G,1.480864200741053
dm,3.02,C03,C03C,1.482669890392572
qg,2.05,C40,C40B,1.483050391543657
dy,1.04,E03,E03F,1.483333341777325
qq,1.05,C01,C01C,1.483333341777325
js,6.04,B22,B22D,1.483333341777325
aa,1.03,G03,G03G,1.483333345502615
ij,2.11,F41,F41G,1.48333334736526
ur,1.01,H05,H05K,1.483860379084945
ev,1.02,C07,C07F,1.483878862112761
ui,1.03,C01,C01C,1.483974369242787
nq,5.01,G10,G10L,1.484036825597286
pc,5.02,A61,A61Q,1.484221786260605
le,1.05,C05,C05F,1.484661207534373
pn,1.01,A01,A01N,1.484730485826731
wv,3.03,H01,H01L,1.484872946981341
hi,5.01,A61,A61N,1.484906720463187
dw,1.04,B24,B24D,1.48566179163754
iq,2.02,F15,F15D,1.485675845760852
pe,5.02,B22,B22D,1.486111123114824
ii,2.04,G08,G08G,1.486615520901978
ye,2.02,B44,B44C,1.486904786899686
ui,1.03,C23,C23F,1.487013000994921
xq,2.11,G21,G21C,1.487103190273046
ja,1.05,G01,G01K,1.487169918604195
ea,1.04,H01,H01F,1.487437357660383
fa,2.01,H01,H01J,1.487695937976241
ua,6.03,H03,H03F,1.487906466703862
bu,1.03,G01,G01P,1.487916674464941
zd,9,F16,F16M,1.488095261156559
pi,1.06,C08,C08G,1.488404750823975
dw,1.04,A01,A01M,1.488518526777625
il,2.07,G10,G10K,1.488690491765738
ya,3.02,A23,A23G,1.488804977852851
ki,3.02,F02,F02D,1.488888900727034
wh,3.02,A61,A61J,1.489203786477447
ih,2.07,B04,B04C,1.489583376795053
cl,9,G21,G21B,1.489886960946023
oa,2.11,A01,A01C,1.490277801873162
wv,3.03,H04,H04M,1.490277810022235
es,2.02,A61,A61C,1.490793582517654
tm,3.01,G09,G09B,1.490825726650655
ig,2.06,D21,D21H,1.491540427785367
ij,2.11,B23,B23D,1.491666670888662
fa,2.01,G01,G01J,1.491666676476598
ex,1.02,C10,C10G,1.491666696965694
ew,1.02,C23,C23F,1.491701016202569
bu,1.03,C08,C08F,1.491880347952247
ai,2.03,E04,E04H,1.492063503712416
ji,5.01,A61,A61N,1.492535383440554
um,3.01,A41,A41D,1.492655114270747
ee,1.04,C12,C12H,1.492661454249173
op,3.03,G06,G06T,1.492823858046904
qq,1.05,D06,D06F,1.492857150733471
za,3.02,B01,B01L,1.493035406107083
ni,3.01,A61,A61C,1.493045992217958
rt,3.02,H02,H02M,1.493162412196398
ai,2.03,B60,B60Q,1.493220073403791
tm,3.01,B01,B01F,1.493369277566671
co,1.06,F02,F02D,1.493431862443686
si,1.05,H05,H05K,1.493589766323566
qq,1.05,H05,H05B,1.49361473089084
un,1.03,F03,F03D,1.494047623127699
de,1.06,G01,G01J,1.49433983489871
id,2.07,G08,G08G,1.494444470852613
qg,2.05,B03,B03C,1.494605833664536
ni,3.01,G02,G02F,1.494841312989593
ik,2.11,B64,B64G,1.494910300709307
gm,3.03,A24,A24B,1.49513890966773
um,3.01,H05,H05B,1.495249383151531
im,2.01,D06,D06M,1.495370380580425
qu,1.06,G06,G06N,1.495532760163769
um,3.01,H04,H04R,1.495745088672265
ja,1.05,F27,F27D,1.496078440919518
fs,6.04,B23,B23K,1.496323529630899
ht,1.06,C09,C09J,1.496536828577518
cu,1.06,G08,G08B,1.496691705659032
ea,1.04,G09,G09B,1.496700291987509
hl,3.03,A61,A61H,1.496794912964106
ma,3.02,C09,C09B,1.497029224876314
vy,3.02,C01,C01G,1.497151030227542
tc,3.02,H01,H01Q,1.498029565438628
ah,4.01,A47,A47J,1.498034201562405
ni,3.01,A61,A61H,1.498047677334398
ae,4.05,C05,C05G,1.498679408803582
ji,5.01,G01,G01G,1.499074084684253
ur,1.01,G09,G09B,1.499080682173371
iu,2.03,A61,A61J,1.499303946504369
or,5.09,G01,G01N,1.499418438412249
jo,5.04,A61,A61B,1.49956619553268
qf,9,G03,G03B,1.499809577595443
ue,2.11,C09,C09G,1.5
ya,3.02,B66,B66B,1.5
dm,3.02,B23,B23P,1.5
eo,6.02,F21,F21V,1.5
gu,1.06,C23,C23G,1.5
uq,5.07,B01,B01L,1.5
tq,3.02,E06,E06B,1.5
db,2.08,F16,F16B,1.5
gu,1.06,F21,F21S,1.5
ve,3.02,H01,H01F,1.5
ai,2.03,A43,A43D,1.5
ew,1.02,E01,E01F,1.5
ve,3.02,H02,H02B,1.5
oy,9,B21,B21C,1.5
mm,6.01,B66,B66C,1.5
zm,1.06,F01,F01D,1.5
fi,1.04,B65,B65B,1.5
bq,6.05,B22,B22F,1.5
es,2.02,F01,F01N,1.5
rp,6.04,G04,G04G,1.5
ai,2.03,F16,F16N,1.5
pj,2.05,B44,B44C,1.5
yg,6.04,B60,B60W,1.5
qc,6.02,A62,A62D,1.5
wc,3.03,F23,F23J,1.5
cq,1.06,B23,B23H,1.5
mm,6.01,F21,F21S,1.5
rp,6.04,B60,B60P,1.5
dm,3.02,B62,B62M,1.5
ha,5.03,G02,G02C,1.5
aa,1.03,G10,G10G,1.5
pz,2.05,F26,F26B,1.5
dk,5.02,A43,A43B,1.5
yi,6.03,G05,G05G,1.5
xe,4.01,F16,F16H,1.5
ai,2.03,B62,B62K,1.5
uu,5.06,F25,F25B,1.5
ut,6.02,B64,B64D,1.5
io,2.07,B21,B21B,1.5
ha,5.03,F02,F02B,1.5
oz,6.02,E05,E05B,1.5
rp,6.04,G21,G21K,1.5
nu,5.08,B65,B65C,1.5
ae,4.05,G03,G03B,1.5
pf,6.02,B26,B26D,1.5
ee,1.04,A47,A47F,1.5
wy,5.04,A63,A63F,1.5
qq,1.05,H01,H01H,1.5
de,1.06,C01,C01C,1.5
am,4.01,H03,H03G,1.5
py,3.02,B21,B21J,1.5
bk,6.04,B60,B60W,1.5
hb,5.03,G04,G04B,1.5
js,6.04,H02,H02S,1.5
ah,4.01,H01,H01R,1.5
iu,2.03,D05,D05B,1.5
ua,6.03,F16,F16D,1.5
uq,5.07,C09,C09D,1.5
qa,3.01,H03,H03J,1.5
yg,6.04,A61,A61N,1.5
oy,9,A23,A23L,1.5
mm,6.01,G05,G05G,1.5
jo,5.04,H02,H02G,1.5
zk,9,F16,F16K,1.5
ex,1.02,A23,A23B,1.5
eq,3.01,G01,G01K,1.5
we,3.02,B62,B62D,1.5
eo,6.02,D01,D01H,1.5
aq,3.02,B41,B41J,1.5
ua,6.03,F02,F02M,1.5
pz,2.05,E01,E01D,1.5
ki,3.02,F01,F01N,1.5
om,5.05,F25,F25D,1.5
eu,2.02,B60,B60H,1.5
ph,6.02,C22,C22C,1.5
pj,2.05,G01,G01G,1.5
wu,5.04,A45,A45D,1.5
en,9,H05,H05K,1.5
pq,1.01,F04,F04D,1.5
tc,3.02,H02,H02M,1.5
rt,3.02,B67,B67D,1.5
et,1.02,B23,B23C,1.5
pa,6.02,H02,H02N,1.5
ya,3.02,F15,F15B,1.5
ij,2.11,A24,A24C,1.5
wu,5.04,G01,G01M,1.5
pm,2.05,B31,B31D,1.5
en,9,G03,G03G,1.5
eu,2.02,B41,B41F,1.5
bk,6.04,B21,B21B,1.5
yi,6.03,G08,G08C,1.5
wm,5.04,B27,B27F,1.5
za,3.02,B62,B62B,1.5
et,1.02,D05,D05B,1.5
dm,3.02,E01,E01C,1.5
dq,9,C22,C22B,1.5
fa,2.01,F23,F23G,1.5
dk,5.02,B05,B05C,1.5
iq,2.02,A47,A47D,1.5
dm,3.02,F16,F16K,1.5
ia,3.02,E04,E04C,1.5
ba,3.02,G01,G01V,1.5
tq,3.02,C23,C23F,1.5
ua,6.03,B23,B23B,1.5
ox,6.02,B24,B24D,1.5
ac,2.02,D01,D01D,1.5
ij,2.11,B60,B60P,1.5
ki,3.02,B41,B41J,1.5
pi,1.06,F21,F21V,1.5
pq,1.01,B03,B03C,1.5
pz,2.05,E02,E02D,1.5
ga,3.02,H01,H01F,1.5
ne,3.03,F41,F41J,1.5
dw,1.04,A62,A62C,1.5
zk,9,C23,C23C,1.5
zm,1.06,C23,C23F,1.5
zm,1.06,B66,B66F,1.5
rp,6.04,F01,F01N,1.5
cq,1.06,B60,B60J,1.5
pf,6.02,A63,A63B,1.5
ne,3.03,F25,F25C,1.5
de,1.06,F16,F16H,1.5
tm,3.01,G01,G01K,1.5
pa,6.02,B25,B25C,1.5
ua,6.03,B65,B65H,1.5
su,3.02,B60,B60W,1.5
bq,6.05,B27,B27B,1.5
bq,6.05,B61,B61D,1.5
sd,3.02,G01,G01V,1.5
om,5.05,F21,F21K,1.5
tm,3.01,H04,H04H,1.5
za,3.02,G21,G21C,1.5
ze,1.06,B64,B64C,1.5
ha,5.03,B62,B62K,1.5
pa,6.02,A43,A43B,1.5
bq,6.05,B65,B65F,1.5
tu,3.01,B63,B63H,1.5
di,5.02,A23,A23G,1.5
mc,1.06,G01,G01F,1.5
zm,1.06,C23,C23G,1.5
di,5.02,C09,C09B,1.5
eu,2.02,C10,C10G,1.5
ua,6.03,C03,C03B,1.5
ew,1.02,F02,F02C,1.5
bk,6.04,A01,A01D,1.5
xa,5.04,A01,A01M,1.5
wm,5.04,B62,B62M,1.5
pa,6.02,A47,A47G,1.5
di,5.02,B31,B31F,1.5
pa,6.02,A45,A45C,1.5
om,5.05,C08,C08K,1.5
tu,3.01,F16,F16N,1.5
op,3.03,B65,B65D,1.5
ut,6.02,B66,B66C,1.5
wc,3.03,B63,B63H,1.5
om,5.05,C03,C03C,1.5
ha,5.03,A23,A23N,1.5
ga,3.02,B60,B60J,1.5
ki,3.02,B09,B09B,1.5
rp,6.04,A23,A23J,1.5
bq,6.05,E05,E05D,1.5
xy,1.01,F22,F22B,1.5
ia,3.02,E01,E01C,1.5
de,1.06,D04,D04H,1.5
ti,9,H04,H04B,1.5
pd,6.02,B05,B05B,1.5
pt,3.03,C08,C08L,1.5
gu,1.06,G07,G07D,1.5
tc,3.02,F16,F16F,1.5
uu,5.06,F24,F24D,1.5
ra,2.11,G09,G09G,1.5
ji,5.01,B41,B41F,1.5
ua,6.03,B67,B67D,1.5
id,2.07,A61,A61G,1.5
ii,2.04,B43,B43L,1.5
ma,3.02,F16,F16C,1.5
uu,5.06,B23,B23Q,1.5
bq,6.05,B23,B23B,1.5
tq,3.02,F21,F21V,1.5
wh,3.02,A63,A63B,1.5
rt,3.02,F16,F16D,1.5
mq,6.01,C09,C09C,1.5
ev,1.02,C21,C21C,1.5
ne,3.03,B60,B60P,1.5
bq,6.05,B60,B60N,1.5
tm,3.01,A21,A21D,1.5
vi,5.01,B60,B60C,1.5
pq,1.01,B60,B60K,1.5
ve,3.02,B23,B23B,1.5
db,2.08,B60,B60B,1.5
zm,1.06,B28,B28B,1.5
db,2.08,B60,B60J,1.5
ee,1.04,B63,B63B,1.5
py,3.02,B60,B60Q,1.5
oa,2.11,E01,E01C,1.5
js,6.04,B23,B23P,1.5
gu,1.06,B25,B25D,1.5
qk,6.01,F16,F16L,1.5
mq,6.01,F02,F02C,1.5
fs,6.04,A01,A01G,1.5
uy,1.04,B43,B43L,1.5
js,6.04,F04,F04B,1.5
mm,6.01,F02,F02M,1.5
ij,2.11,B25,B25H,1.5
uu,5.06,F02,F02K,1.5
bm,5.07,B32,B32B,1.5
js,6.04,F16,F16D,1.5
wv,3.03,F16,F16H,1.5
uy,1.04,B23,B23Q,1.5
gu,1.06,B60,B60H,1.5
uu,5.06,C01,C01G,1.5
uy,1.04,B04,B04C,1.5
ma,3.02,C22,C22C,1.5
tq,3.02,B60,B60N,1.5
et,1.02,C12,C12G,1.5
ui,1.03,F24,F24V,1.5
oz,6.02,H03,H03J,1.5
wm,5.04,B60,B60K,1.5
ni,3.01,H01,H01G,1.5
ki,3.02,B60,B60P,1.5
ii,2.04,F16,F16M,1.5
pn,1.01,B62,B62B,1.5
ga,3.02,H01,H01H,1.5
aa,1.03,C22,C22B,1.5
pz,2.05,A61,A61G,1.5
ia,3.02,F15,F15B,1.5
zm,1.06,D01,D01D,1.5
oe,5.06,B22,B22D,1.5
am,4.01,B62,B62D,1.5
ee,1.04,E01,E01C,1.5
xa,5.04,G01,G01F,1.5
dt,2.03,G01,G01D,1.5
rp,6.04,B66,B66F,1.5
ec,1.04,A61,A61G,1.5
om,5.05,B60,B60K,1.5
wh,3.02,C02,C02F,1.5
su,3.02,B65,B65G,1.5
tq,3.02,F26,F26B,1.5
nu,5.08,B27,B27F,1.5
ne,3.03,B60,B60J,1.5
js,6.04,H01,H01G,1.5
uk,1.03,A41,A41D,1.5
il,2.07,A01,A01B,1.5
vi,5.01,F04,F04D,1.5
pa,6.02,B67,B67D,1.5
ha,5.03,A46,A46B,1.5
oz,6.02,G10,G10H,1.5
pz,2.05,B60,B60K,1.5
ai,2.03,B26,B26D,1.5
vy,3.02,B23,B23D,1.5
js,6.04,B25,B25B,1.5
sy,1.03,F02,F02N,1.5
ni,3.01,F24,F24H,1.5
pz,2.05,A47,A47C,1.5
vj,5.01,E04,E04G,1.5
rp,6.04,F23,F23C,1.5
fs,6.04,B64,B64C,1.5
pq,1.01,F01,F01P,1.5
nu,5.08,A01,A01F,1.5
uf,1.03,G07,G07F,1.5
qk,6.01,A45,A45D,1.5
xa,5.04,H02,H02S,1.5
im,2.01,D07,D07B,1.5
js,6.04,B22,B22F,1.5
js,6.04,C21,C21D,1.5
om,5.05,F01,F01K,1.5
if,2.11,E01,E01B,1.5
vp,3.03,C02,C02F,1.5
zk,9,A21,A21D,1.5
fs,6.04,B62,B62K,1.5
op,3.03,G09,G09G,1.5
tu,3.01,B31,B31F,1.5
dm,3.02,A63,A63H,1.5
zc,4.03,G05,G05G,1.5
ha,5.03,A61,A61G,1.5
vx,5.01,G03,G03G,1.5
iu,2.03,B25,B25F,1.5
bi,6.01,B60,B60G,1.5
wc,3.03,B62,B62B,1.5
qq,1.05,H02,H02G,1.5
fy,3.02,H01,H01H,1.5
ua,6.03,D21,D21F,1.5
qc,6.02,C08,C08K,1.5
mm,6.01,F16,F16B,1.5
ga,3.02,A47,A47C,1.5
tc,3.02,B41,B41F,1.5
lj,3.02,A47,A47C,1.5
ai,2.03,F23,F23J,1.5
ya,3.02,F16,F16D,1.5
ae,4.05,B60,B60B,1.5
dy,1.04,B23,B23D,1.5
fy,3.02,B60,B60N,1.5
fs,6.04,A01,A01K,1.5
rp,6.04,G01,G01K,1.5
wm,5.04,H02,H02M,1.5
wc,3.03,B41,B41F,1.5
wu,5.04,B27,B27F,1.5
zd,9,F25,F25D,1.5
uy,1.04,G10,G10D,1.5
yq,5.07,F02,F02M,1.5
qh,2.05,B08,B08B,1.5
zd,9,D04,D04H,1.5
tu,3.01,A22,A22B,1.5
my,5.01,G01,G01D,1.5
iq,2.02,F22,F22D,1.5
ia,3.02,E02,E02F,1.5
fs,6.04,E04,E04D,1.5
lj,3.02,B63,B63B,1.5
qu,1.06,G07,G07C,1.5
ut,6.02,A01,A01H,1.5
ik,2.11,D06,D06F,1.5
pa,6.02,B25,B25B,1.5
iy,1.06,G07,G07F,1.5
mm,6.01,D02,D02G,1.5
de,1.06,C21,C21D,1.5
fy,3.02,B05,B05C,1.5
ia,3.02,D21,D21C,1.5
dq,9,F41,F41A,1.5
or,5.09,C03,C03B,1.5
ot,6.02,C10,C10G,1.5
nq,5.01,B64,B64G,1.5
bm,5.07,F41,F41A,1.5
id,2.07,B63,B63C,1.5
ia,3.02,B60,B60G,1.5
py,3.02,F01,F01D,1.5
zd,9,C22,C22F,1.5
oy,9,B27,B27C,1.5
ew,1.02,C03,C03B,1.5
mm,6.01,B29,B29B,1.5
ju,4.01,B63,B63C,1.5
js,6.04,B62,B62B,1.5
qe,2.09,G04,G04B,1.5
qc,6.02,B60,B60K,1.5
oy,9,F21,F21L,1.5
bm,5.07,B61,B61L,1.5
gc,1.05,B60,B60W,1.5
jw,6.02,A01,A01G,1.5
ip,2.07,B04,B04B,1.5
rq,1.06,G02,G02B,1.5
tm,3.01,G01,G01M,1.5
kv,1.05,H05,H05K,1.5
ma,3.02,F02,F02B,1.5
oi,3.02,H02,H02M,1.5
io,2.07,B60,B60R,1.5
bm,5.07,B22,B22F,1.5
if,2.11,E21,E21C,1.5
fs,6.04,A45,A45C,1.5
oz,6.02,B60,B60C,1.5
ox,6.02,C22,C22C,1.5
mm,6.01,F41,F41C,1.5
pj,2.05,B64,B64C,1.5
ue,2.11,A23,A23J,1.5
pk,2.05,E04,E04D,1.5
bk,6.04,B23,B23Q,1.5
js,6.04,B60,B60N,1.5
pq,1.01,B23,B23B,1.5
bq,6.05,F23,F23D,1.5
ni,3.01,B60,B60Q,1.5
vp,3.03,A61,A61Q,1.5
or,5.09,B25,B25J,1.5
fs,6.04,H02,H02M,1.5
qc,6.02,B22,B22D,1.5
yp,3.02,F03,F03D,1.5
oz,6.02,G21,G21F,1.5
zc,4.03,F16,F16D,1.5
nu,5.08,E02,E02D,1.5
dq,9,B60,B60H,1.5
ru,3.01,B21,B21B,1.5
pa,6.02,G06,G06G,1.5
uq,5.07,G03,G03B,1.5
pa,6.02,A61,A61H,1.5
zd,9,B62,B62K,1.5
nn,3.03,B61,B61D,1.5
pn,1.01,B09,B09B,1.5
qu,1.06,A47,A47B,1.5
pg,6.02,G01,G01K,1.5
nu,5.08,B60,B60G,1.5
pf,6.02,G01,G01L,1.5
am,4.01,B60,B60B,1.5
qc,6.02,G04,G04B,1.5
xy,1.01,G02,G02C,1.5
oz,6.02,B25,B25H,1.5
ox,6.02,C10,C10G,1.5
nm,5.02,C11,C11D,1.5
oz,6.02,F41,F41H,1.5
bf,5.04,B22,B22D,1.5
py,3.02,B03,B03D,1.5
nu,5.08,B27,B27L,1.5
tm,3.01,H03,H03G,1.5
ui,1.03,F16,F16M,1.5
nu,5.08,H03,H03C,1.5
et,1.02,A01,A01F,1.5
yu,3.03,F21,F21S,1.5
eo,6.02,A47,A47G,1.5
pa,6.02,B27,B27C,1.5
vs,5.01,B01,B01J,1.5
ut,6.02,B21,B21D,1.5
ot,6.02,F02,F02B,1.5
ui,1.03,E04,E04H,1.5
oz,6.02,F01,F01C,1.5
pu,2.03,B66,B66F,1.5
tc,3.02,B63,B63H,1.5
dr,1.06,G10,G10K,1.5
ox,6.02,H05,H05K,1.5
py,3.02,B60,B60L,1.5
pz,2.05,C23,C23D,1.5
rp,6.04,B60,B60C,1.5
ky,1.05,B65,B65D,1.5
di,5.02,H02,H02K,1.5
zm,1.06,F16,F16J,1.5
qc,6.02,C08,C08F,1.5
qu,1.06,F15,F15B,1.5
uu,5.06,F41,F41C,1.5
wu,5.04,F42,F42B,1.5
qj,2.05,A41,A41C,1.5
nu,5.08,B23,B23C,1.5
yy,5.07,E04,E04B,1.5
ii,2.04,G10,G10D,1.5
ii,2.04,B31,B31D,1.5
qu,1.06,F24,F24D,1.5
vx,5.01,C21,C21D,1.5
jy,4.05,B60,B60R,1.5
nu,5.08,B63,B63C,1.5
uf,1.03,B26,B26B,1.5
ot,6.02,B01,B01F,1.5
my,5.01,C09,C09J,1.5
za,3.02,A47,A47C,1.5
pq,1.01,F02,F02K,1.5
yi,6.03,F24,F24F,1.5
py,3.02,H03,H03L,1.5
we,3.02,F16,F16C,1.5
pq,1.01,F16,F16B,1.5
xq,2.11,F16,F16D,1.5
wu,5.04,A42,A42B,1.5
oe,5.06,A23,A23F,1.5
za,3.02,F21,F21S,1.5
xa,5.04,G05,G05F,1.5
py,3.02,E05,E05C,1.5
tq,3.02,H01,H01B,1.5
bu,1.03,B60,B60T,1.5
oz,6.02,D02,D02G,1.5
gu,1.06,B21,B21D,1.5
eo,6.02,H04,H04R,1.5
oz,6.02,B66,B66F,1.5
wc,3.03,F02,F02B,1.5
sa,3.03,F16,F16H,1.5
rz,3.03,G01,G01L,1.5
pa,6.02,G21,G21F,1.5
er,1.02,C25,C25C,1.5
bp,6.04,B24,B24D,1.5
ei,1.04,B60,B60T,1.5
uq,5.07,H01,H01H,1.5
co,1.06,B65,B65H,1.5
pn,1.01,A61,A61G,1.5
vj,5.01,C03,C03C,1.5
nu,5.08,F02,F02G,1.5
ii,2.04,B60,B60S,1.5
oz,6.02,C08,C08C,1.5
ro,1.07,A24,A24C,1.5
si,1.05,B60,B60W,1.5
bq,6.05,D06,D06M,1.5
eo,6.02,G01,G01B,1.5
bm,5.07,G09,G09B,1.5
mm,6.01,B22,B22F,1.5
db,2.08,E03,E03C,1.5
ki,3.02,G07,G07B,1.5
hl,3.03,G10,G10H,1.5
co,1.06,H01,H01H,1.5
gu,1.06,F16,F16B,1.5
ro,1.07,F24,F24B,1.5
pa,6.02,B21,B21K,1.5
im,2.01,H01,H01R,1.5
ra,2.11,F01,F01D,1.5
rq,1.06,B41,B41J,1.5
oz,6.02,C12,C12G,1.5
te,1.05,C11,C11D,1.5
pq,1.01,B23,B23D,1.5
xa,5.04,B05,B05B,1.5
po,1.01,A21,A21D,1.5
qu,1.06,B25,B25B,1.5
wu,5.04,B08,B08B,1.5
oz,6.02,B23,B23C,1.5
su,3.02,C10,C10L,1.5
oe,5.06,B61,B61L,1.5
fs,6.04,C22,C22B,1.5
js,6.04,C05,C05G,1.5
rt,3.02,E01,E01B,1.5
rp,6.04,A01,A01F,1.5
ia,3.02,A47,A47C,1.5
mm,6.01,F16,F16F,1.5
lq,3.03,B62,B62J,1.5
ki,3.02,B67,B67D,1.5
nu,5.08,B21,B21H,1.5
ro,1.07,B27,B27B,1.5
uu,5.06,A62,A62D,1.5
aq,3.02,A61,A61G,1.5
mm,6.01,B60,B60C,1.5
su,3.02,B60,B60K,1.5
sa,3.03,C25,C25D,1.5
uu,5.06,H02,H02K,1.5
km,1.06,B62,B62D,1.5
tm,3.01,C23,C23G,1.5
ga,3.02,B41,B41M,1.5
id,2.07,C23,C23G,1.5
pz,2.05,A47,A47F,1.5
bk,6.04,B63,B63H,1.5
bu,1.03,B04,B04B,1.5
pi,1.06,B03,B03B,1.5
pi,1.06,H01,H01Q,1.5
bk,6.04,A23,A23K,1.5
yg,6.04,H01,H01J,1.5
dk,5.02,B29,B29D,1.5
py,3.02,A47,A47F,1.5
ew,1.02,G06,G06J,1.5
tq,3.02,H05,H05K,1.5
oy,9,F04,F04B,1.5
ot,6.02,B23,B23B,1.5
qf,9,B41,B41C,1.5
mm,6.01,F25,F25B,1.5
zm,1.06,E04,E04F,1.5
dm,3.02,H02,H02G,1.5
ua,6.03,B24,B24D,1.5
di,5.02,C14,C14C,1.5
rp,6.04,B61,B61L,1.5
di,5.02,B42,B42D,1.5
py,3.02,B60,B60H,1.5
bk,6.04,A47,A47G,1.5
yi,6.03,B60,B60T,1.5
mr,6.01,H01,H01M,1.5
uu,5.06,G10,G10K,1.5
sa,3.03,A63,A63F,1.5
ju,4.01,B67,B67D,1.5
wu,5.04,C25,C25D,1.5
wc,3.03,F16,F16D,1.5
yi,6.03,C03,C03C,1.5
ih,2.07,B62,B62K,1.5
xq,2.11,B60,B60N,1.5
oz,6.02,F16,F16J,1.5
ii,2.04,E03,E03C,1.5
uy,1.04,F25,F25D,1.5
qh,2.05,B21,B21F,1.5
ro,1.07,A22,A22C,1.5
bm,5.07,C22,C22C,1.5
dr,1.06,E04,E04D,1.5
ii,2.04,F21,F21S,1.5
qc,6.02,F26,F26B,1.5
im,2.01,A46,A46D,1.5
tu,3.01,B62,B62K,1.5
pq,1.01,A23,A23C,1.5
ui,1.03,E03,E03F,1.5
wf,1.06,F25,F25D,1.5
oz,6.02,B62,B62L,1.5
pq,1.01,B60,B60Q,1.5
wm,5.04,G10,G10D,1.5
ia,3.02,E21,E21D,1.5
eu,2.02,B42,B42D,1.5
ut,6.02,B23,B23B,1.5
rp,6.04,F17,F17C,1.5
ph,6.02,B21,B21B,1.5
oy,9,A01,A01J,1.5
tu,3.01,F02,F02F,1.5
eu,2.02,C08,C08K,1.5
oz,6.02,D21,D21G,1.5
pq,1.01,B60,B60G,1.5
ba,3.02,B60,B60K,1.5
fa,2.01,B41,B41J,1.5
ha,5.03,B60,B60T,1.5
xq,2.11,B63,B63B,1.5
ne,3.03,F24,F24H,1.5
en,9,G01,G01R,1.5
uu,5.06,B30,B30B,1.5
ti,9,H01,H01S,1.5
dw,1.04,A47,A47B,1.5
ro,1.07,D02,D02H,1.5
jm,5.04,F16,F16B,1.5
yi,6.03,B05,B05C,1.5
jb,5.07,C03,C03C,1.5
bi,6.01,B65,B65D,1.5
zr,1.05,E03,E03C,1.5
if,2.11,F04,F04C,1.5
mm,6.01,B65,B65H,1.5
ti,9,H03,H03K,1.5
ut,6.02,B63,B63B,1.5
pd,6.02,B23,B23Q,1.5
wq,5.01,C25,C25C,1.5
ut,6.02,F02,F02M,1.5
xy,1.01,B62,B62D,1.5
js,6.04,G03,G03D,1.5
ya,3.02,B22,B22C,1.5
za,3.02,E04,E04F,1.5
ra,2.11,F17,F17C,1.5
om,5.05,C09,C09C,1.5
wy,5.04,B64,B64C,1.5
ew,1.02,A42,A42B,1.5
tq,3.02,B25,B25J,1.5
fs,6.04,A21,A21B,1.5
db,2.08,A47,A47B,1.5
oy,9,B29,B29B,1.5
ox,6.02,F16,F16H,1.5
bk,6.04,E03,E03D,1.5
vp,3.03,B29,B29C,1.5
yg,6.04,A43,A43B,1.5
rz,3.03,C09,C09J,1.5
wc,3.03,B60,B60J,1.5
jb,5.07,A47,A47K,1.5
tu,3.01,B26,B26B,1.5
aa,1.03,H02,H02H,1.5
my,5.01,H04,H04Q,1.5
oy,9,E05,E05D,1.5
bk,6.04,E05,E05B,1.5
zc,4.03,F01,F01N,1.5
yg,6.04,B41,B41M,1.5
ai,2.03,B05,B05C,1.5
ut,6.02,H01,H01P,1.5
ba,3.02,G11,G11B,1.5
xa,5.04,B27,B27B,1.5
ii,2.04,B60,B60B,1.5
de,1.06,E02,E02D,1.5
ua,6.03,B29,B29D,1.5
zm,1.06,H03,H03G,1.5
zd,9,A63,A63C,1.5
zr,1.05,D07,D07B,1.5
ya,3.02,C21,C21D,1.5
jy,4.05,C03,C03B,1.5
bp,6.04,C30,C30B,1.5
xw,3.03,B62,B62B,1.5
dq,9,B60,B60K,1.5
ka,4.01,C05,C05G,1.5
wm,5.04,B05,B05B,1.5
de,1.06,A61,A61C,1.5
di,5.02,A62,A62B,1.5
nn,3.03,C09,C09C,1.5
ai,2.03,F16,F16M,1.5
ku,5.07,A61,A61F,1.5
wm,5.04,A24,A24C,1.5
my,5.01,E21,E21B,1.5
qc,6.02,G03,G03F,1.5
ha,5.03,B05,B05B,1.5
ya,3.02,G07,G07B,1.5
bq,6.05,F41,F41H,1.5
ot,6.02,B63,B63H,1.5
fa,2.01,B25,B25B,1.5
rp,6.04,B23,B23K,1.5
dm,3.02,B21,B21B,1.5
bq,6.05,H02,H02N,1.5
pa,6.02,G08,G08G,1.5
yp,3.02,B66,B66D,1.5
wm,5.04,E04,E04H,1.5
wy,5.04,A23,A23L,1.5
tu,3.01,B23,B23P,1.5
rt,3.02,B41,B41F,1.5
bq,6.05,F02,F02K,1.5
ve,3.02,B44,B44C,1.5
zc,4.03,G01,G01L,1.5
rt,3.02,E04,E04H,1.5
ti,9,G01,G01V,1.5
ro,1.07,B64,B64B,1.5
tq,3.02,H02,H02G,1.5
ui,1.03,B33,B33Y,1.5
tq,3.02,B60,B60W,1.5
pj,2.05,F16,F16D,1.5
oe,5.06,H01,H01H,1.5
uu,5.06,E04,E04G,1.5
ua,6.03,C21,C21D,1.5
hb,5.03,B29,B29C,1.5
dk,5.02,B25,B25B,1.5
pz,2.05,B07,B07B,1.5
nu,5.08,B27,B27B,1.5
ad,4.02,F16,F16J,1.5
xw,3.03,G01,G01M,1.5
ii,2.04,E21,E21F,1.5
we,3.02,G03,G03B,1.5
tu,3.01,E01,E01B,1.5
py,3.02,C21,C21B,1.5
vm,5.06,H04,H04Q,1.5
ry,2.03,F28,F28G,1.5
mq,6.01,A47,A47B,1.5
bi,6.01,C12,C12M,1.5
jm,5.04,B60,B60N,1.5
pq,1.01,G21,G21C,1.5
yg,6.04,A01,A01J,1.5
xa,5.04,G03,G03G,1.5
dr,1.06,C23,C23G,1.5
mm,6.01,B05,B05C,1.5
zr,1.05,F04,F04D,1.5
yi,6.03,F01,F01D,1.5
ua,6.03,A61,A61J,1.5
zd,9,F41,F41A,1.5
qc,6.02,B63,B63B,1.5
ma,3.02,B60,B60J,1.5
ru,3.01,C22,C22B,1.5
ip,2.07,E02,E02D,1.5
su,3.02,H01,H01C,1.5
dk,5.02,F16,F16H,1.5
ze,1.06,B29,B29D,1.5
rt,3.02,H03,H03L,1.5
pc,5.02,E04,E04H,1.5
dw,1.04,A43,A43D,1.5
uy,1.04,F27,F27D,1.5
pg,6.02,G09,G09B,1.5
ut,6.02,H02,H02H,1.5
wy,5.04,B23,B23B,1.5
zc,4.03,A01,A01G,1.5
ti,9,B32,B32B,1.5
ia,3.02,B65,B65H,1.5
za,3.02,B30,B30B,1.5
yp,3.02,B23,B23D,1.5
uy,1.04,H03,H03F,1.5
mc,1.06,F16,F16L,1.50000000372529
ae,4.05,G08,G08B,1.500000007450581
mm,6.01,A47,A47F,1.500000007450581
vy,3.02,F16,F16H,1.500000007450581
po,1.01,C06,C06B,1.500000007450581
yo,3.01,G09,G09F,1.500000011175871
ew,1.02,F16,F16P,1.500000011175871
de,1.06,G03,G03F,1.500000014901161
pz,2.05,E06,E06B,1.500000014901161
ni,3.01,B64,B64C,1.500000014901161
yy,5.07,C04,C04B,1.500000014901161
ka,4.01,F16,F16L,1.500000014901161
wu,5.04,H01,H01H,1.500000014901161
po,1.01,B60,B60R,1.500000014901161
jy,4.05,G01,G01P,1.500000014901161
xw,3.03,B64,B64C,1.500000014901161
ka,4.01,C03,C03C,1.500000014901161
dy,1.04,B31,B31F,1.500000014901161
ub,1.03,B63,B63H,1.500000014901161
su,3.02,G01,G01L,1.500000014901161
ot,6.02,H02,H02S,1.500000014901161
le,1.05,H02,H02M,1.500000014901161
if,2.11,A47,A47B,1.500000014901161
es,2.02,B60,B60G,1.500000014901161
ei,1.04,F01,F01P,1.500000014901161
ii,2.04,B62,B62K,1.500000014901161
eq,3.01,C09,C09B,1.500000014901161
oy,9,F16,F16L,1.500000014901161
ru,3.01,B23,B23F,1.500000014901161
ha,5.03,F16,F16K,1.500000014901161
yi,6.03,B25,B25B,1.500000014901161
pc,5.02,F16,F16F,1.500000014901161
za,3.02,C03,C03B,1.500000014901161
db,2.08,A47,A47F,1.500000014901161
en,9,B60,B60R,1.500000014901161
qh,2.05,F42,F42B,1.500000014901161
bk,6.04,H03,H03F,1.500000014901161
rb,2.02,B64,B64F,1.500000014901161
ja,1.05,B07,B07B,1.500000014901161
vy,3.02,B64,B64C,1.500000014901161
ye,2.02,F25,F25D,1.500000014901161
pa,6.02,H04,H04K,1.500000014901161
uu,5.06,F21,F21V,1.500000014901161
pz,2.05,G01,G01G,1.500000014901161
dm,3.02,C21,C21D,1.500000014901161
km,1.06,G01,G01C,1.500000014901161
uf,1.03,H01,H01C,1.500000014901161
ye,2.02,F04,F04B,1.500000014901161
uh,1.03,G08,G08B,1.500000014901161
ev,1.02,F04,F04D,1.500000018626451
fa,2.01,F16,F16C,1.500000022351742
aq,3.02,D06,D06M,1.500000022351742
eo,6.02,G01,G01S,1.500000029802322
po,1.01,F02,F02M,1.500000029802322
jb,5.07,H01,H01Q,1.500000029802322
ne,3.03,B23,B23B,1.500000029802322
oz,6.02,B64,B64C,1.500000029802322
op,3.03,G03,G03B,1.500000029802322
pa,6.02,F02,F02P,1.500000029802322
rb,2.02,B26,B26D,1.500000029802322
yr,2.01,B60,B60H,1.500000029802322
fa,2.01,F26,F26B,1.500000029802322
zc,4.03,G01,G01G,1.500000029802322
oy,9,E04,E04F,1.500000029802322
sd,3.02,G01,G01L,1.500000029802322
uk,1.03,C10,C10J,1.500000029802322
ip,2.07,C10,C10K,1.500000037252903
et,1.02,F41,F41A,1.500000037252903
ae,4.05,D01,D01B,1.500000044703484
ip,2.07,H02,H02B,1.500000044703484
tu,3.01,A43,A43B,1.500000046566129
ec,1.04,H05,H05H,1.500476920977235
ub,1.03,A01,A01D,1.500604968518019
ox,6.02,B29,B29C,1.5009690746665
ij,2.11,B01,B01L,1.501058400375769
ns,2.01,B24,B24D,1.501128613017499
uf,1.03,B03,B03B,1.501747343223542
cl,9,H04,H04W,1.502063795924187
hi,5.01,H01,H01M,1.502314850687981
zd,9,G05,G05D,1.502402423880994
lj,3.02,H04,H04M,1.502536240033805
dx,3.01,A23,A23D,1.502689491026103
ih,2.07,F17,F17D,1.50277778506279
qf,9,H02,H02K,1.50317460950464
pk,2.05,G09,G09F,1.503787901252508
pt,3.03,G01,G01G,1.503846084699035
su,3.02,B03,B03C,1.503968261182308
gc,1.05,H04,H04R,1.503968261182308
pz,2.05,G03,G03C,1.503968261182308
rt,3.02,H03,H03K,1.504100353922695
oa,2.11,H01,H01K,1.504444444552064
ei,1.04,F16,F16J,1.504629644565284
dt,2.03,B22,B22F,1.504667528904974
lq,3.03,A61,A61N,1.50473094265908
wu,5.04,H02,H02P,1.504761919379234
km,1.06,G21,G21K,1.504830925259739
iy,1.06,G02,G02B,1.504932782612741
aq,3.02,A61,A61J,1.505427183583379
nu,5.08,D01,D01D,1.505494505632669
ki,3.02,C11,C11B,1.505496306810528
zq,2.07,G01,G01S,1.505555581301451
ue,2.11,B41,B41N,1.505813983269036
xe,4.01,B41,B41J,1.505952381063253
vy,3.02,H02,H02K,1.506241003982723
ot,6.02,C23,C23C,1.506324889138341
ru,3.01,C10,C10M,1.506666681729257
dw,1.04,G01,G01M,1.506988247856498
ur,1.01,C07,C07K,1.506993115297519
pm,2.05,A47,A47B,1.507051284424961
hb,5.03,G21,G21K,1.50724639184773
ui,1.03,A01,A01G,1.507575765252113
gu,1.06,A24,A24D,1.5078125
ub,1.03,F01,F01K,1.507936554029584
ds,3.02,C04,C04B,1.508260971400887
ju,4.01,C11,C11C,1.508268969366327
qg,2.05,F17,F17C,1.508333336561918
hi,5.01,A63,A63B,1.508333340287209
ig,2.06,A63,A63C,1.508333344012499
ad,4.02,G01,G01J,1.50833335891366
dr,1.06,D06,D06P,1.508433775044978
ya,3.02,D21,D21H,1.508474593050778
wf,1.06,B01,B01D,1.508477641269565
mu,4.01,H04,H04L,1.508928582072258
gy,5.02,B60,B60W,1.508974367752671
wc,3.03,C07,C07C,1.509192810859531
km,1.06,D01,D01F,1.509202134795487
am,4.01,D06,D06M,1.509229211136699
es,2.02,B29,B29B,1.509259259328246
eo,6.02,A63,A63B,1.509523823857307
fi,1.04,B05,B05D,1.509712893282995
hq,1.04,B44,B44C,1.509931983426213
pq,1.01,A23,A23G,1.509954378940165
pi,1.06,A41,A41D,1.510416666977108
ea,1.04,B25,B25J,1.510533303022385
qg,2.05,F42,F42B,1.510539227165282
ni,3.01,C22,C22C,1.510638297535479
ih,2.07,H01,H01R,1.51075270306319
bv,5.01,C07,C07C,1.511176124913618
gm,3.03,A61,A61N,1.511294020339847
qe,2.09,B41,B41J,1.511479075998068
sr,2.07,B64,B64D,1.511607176624238
qh,2.05,C23,C23F,1.511616170406342
ra,2.11,H01,H01Q,1.511904762126505
db,2.08,E04,E04B,1.511904762126505
qe,2.09,H04,H04W,1.511904768645763
ep,1.02,B22,B22C,1.512222236022353
ne,3.03,A63,A63H,1.512500000186265
pn,1.01,B06,B06B,1.512500000186265
uk,1.03,H03,H03C,1.512500006705523
ub,1.03,B21,B21J,1.512500027194619
re,1.05,G21,G21C,1.512820520438254
ds,3.02,H05,H05B,1.513157909736037
xw,3.03,G09,G09G,1.513333348557353
yr,2.01,F16,F16C,1.513333363458514
wh,3.02,B29,B29C,1.513446975499392
su,3.02,C08,C08H,1.513698659837246
sd,3.02,B01,B01F,1.513888888992369
et,1.02,E04,E04D,1.513888895511627
pm,2.05,A23,A23F,1.513888899236917
bq,6.05,C21,C21B,1.513888914138079
pu,2.03,B41,B41M,1.514275689842179
dy,1.04,C12,C12C,1.514418002218008
xa,5.04,G09,G09B,1.515079379081726
wm,5.04,H01,H01S,1.515115451533347
cq,1.06,C09,C09C,1.515187727287412
ub,1.03,H04,H04H,1.515277814120054
sr,2.07,B81,B81B,1.515476211905479
dt,2.03,C11,C11B,1.515610151924193
aq,3.02,C09,C09J,1.515625
xq,2.11,G06,G06E,1.515674624592066
hq,1.04,G07,G07C,1.515756336972117
ot,6.02,H03,H03F,1.515786765143275
ea,1.04,D06,D06F,1.515873029828072
um,3.01,A23,A23C,1.516297714784741
op,3.03,C08,C08F,1.516666667535901
gy,5.02,H02,H02S,1.516666667535901
de,1.06,F25,F25C,1.516666667535901
fa,2.01,G21,G21C,1.516666667535901
ik,2.11,B60,B60N,1.516666671261191
ih,2.07,G07,G07C,1.516666673123837
io,2.07,G01,G01K,1.516666673123837
vx,5.01,C23,C23C,1.516666673123837
ia,3.02,B41,B41M,1.516666673123837
ut,6.02,G08,G08G,1.516666680574417
rb,2.02,F41,F41A,1.516666680574417
vx,5.01,H03,H03M,1.516666680574417
nu,5.08,F15,F15B,1.516666688024998
eu,2.02,A61,A61L,1.516718892380595
mu,4.01,C05,C05D,1.51715687289834
ig,2.06,B05,B05C,1.517188869416714
ya,3.02,A41,A41D,1.517261093482375
pe,5.02,C07,C07C,1.51729303970933
ya,3.02,H03,H03D,1.517543859779835
qa,3.01,B25,B25B,1.517543859779835
ue,2.11,B81,B81C,1.517691595014185
ya,3.02,C01,C01B,1.51775564532727
bu,1.03,C03,C03B,1.517857149243355
et,1.02,F21,F21V,1.517867897171527
ra,2.11,C12,C12P,1.518198661506176
ga,3.02,C11,C11C,1.518518518656492
qe,2.09,H01,H01R,1.518518518656492
ik,2.11,H05,H05G,1.51856089476496
fi,1.04,G01,G01V,1.518795110285282
ii,2.04,G21,G21B,1.518822805956006
qg,2.05,G03,G03B,1.518900339491665
oa,2.11,E05,E05F,1.519047636538744
rb,2.02,E21,E21C,1.519047643989325
pm,2.05,C10,C10K,1.519607843831182
ep,1.02,H03,H03J,1.519797350279987
op,3.03,C07,C07H,1.520464481785893
qa,3.01,G01,G01D,1.520833333954215
uu,5.06,G05,G05D,1.520833333954215
ig,2.06,H02,H02H,1.520833333954215
ou,1.06,H01,H01L,1.520833343267441
re,1.05,G01,G01V,1.521106190048158
ro,1.07,C23,C23G,1.521276595070958
ff,3.02,B32,B32B,1.521505376324058
ni,3.01,H01,H01F,1.521638667676598
km,1.06,G01,G01D,1.521739130839705
su,3.02,G11,G11C,1.521739130839705
ue,2.11,G01,G01P,1.522162070963532
sy,1.03,F01,F01K,1.52222222276032
ai,2.03,C03,C03B,1.522222235798836
ih,2.07,B23,B23K,1.522381723858416
eq,3.01,G06,G06T,1.522480029147118
ja,1.05,E04,E04B,1.522619061172009
fy,3.02,G02,G02F,1.522727273404598
dm,3.02,F04,F04D,1.522727273404598
xq,2.11,B22,B22F,1.522870396263897
ui,1.03,B07,B07B,1.522875821217895
ut,6.02,C07,C07F,1.523255813866854
ep,1.02,B05,B05B,1.523484867997468
tc,3.02,B60,B60N,1.523809544742107
en,9,G06,G06K,1.52424243837595
ea,1.04,H03,H03F,1.524343468248844
ig,2.06,C12,C12Y,1.524518324062228
zr,1.05,A61,A61Q,1.525321920402348
xe,4.01,C07,C07F,1.525464904494584
yo,3.01,D06,D06P,1.525641025975347
we,3.02,A63,A63H,1.525641025975347
ex,1.02,F16,F16K,1.525641055777669
ea,1.04,B65,B65H,1.525641061365604
ni,3.01,A62,A62B,1.526315789669752
aq,3.02,A62,A62B,1.526315789669752
bq,6.05,G03,G03H,1.526451652869582
wc,3.03,A61,A61J,1.526785715017468
dq,9,H01,H01J,1.526785746216774
jy,4.05,C08,C08C,1.526884939521551
zc,4.03,H05,H05B,1.527027042582631
oi,3.02,H04,H04R,1.527244510129094
mm,6.01,H03,H03L,1.527777783572674
fa,2.01,G01,G01D,1.527777798473835
et,1.02,E05,E05B,1.527777798473835
up,1.03,H05,H05K,1.527777798473835
ii,2.04,B07,B07C,1.527777805924416
sd,3.02,H05,H05B,1.527777807787061
ni,3.01,C10,C10M,1.527777822688222
we,3.02,G08,G08B,1.528134947642684
sy,1.03,F27,F27D,1.528571428731084
eo,6.02,A61,A61N,1.5285714417696
vm,5.06,G06,G06T,1.528754600323737
az,3.02,A61,A61N,1.528788069263101
ii,2.04,G16,G16H,1.529166671447456
km,1.06,D21,D21H,1.529202777892351
dq,9,A01,A01H,1.529313705861568
ea,1.04,G09,G09F,1.529386344365776
ye,2.02,B22,B22D,1.52941177226603
gc,1.05,H02,H02J,1.529437229968607
dy,1.04,G05,G05F,1.529524978715926
cu,1.06,H03,H03M,1.529761916026473
pe,5.02,G01,G01K,1.53002452570945
yu,3.03,A61,A61L,1.530218718573451
ru,3.01,B42,B42D,1.530425700359046
co,1.06,C13,C13K,1.530571054667234
pk,2.05,B44,B44C,1.530612244270742
ky,1.05,C07,C07D,1.530643835663795
ju,4.01,H01,H01Q,1.53125
ro,1.07,B60,B60B,1.531250014901161
bv,5.01,A61,A61M,1.531344287563115
db,2.08,B63,B63B,1.531428588554263
db,2.08,A47,A47C,1.531746048480272
ii,2.04,H04,H04J,1.531944461166859
bi,6.01,A23,A23L,1.532198142725974
uy,1.04,D01,D01B,1.532258063554764
ox,6.02,G01,G01N,1.532264965586364
su,3.02,H03,H03M,1.532291667535901
vi,5.01,H02,H02K,1.532461253926158
tu,3.01,D01,D01D,1.532579793129116
dy,1.04,B62,B62J,1.53333333414048
di,5.02,C22,C22C,1.533333335071802
ya,3.02,B64,B64D,1.533333338797092
il,2.07,E02,E02B,1.533333338797092
eq,3.01,H02,H02G,1.533333338797092
om,5.05,F21,F21V,1.533333338797092
zc,4.03,G01,G01M,1.533333346247673
fs,6.04,F21,F21V,1.533333346247673
pu,2.03,B26,B26B,1.533333346247673
gy,5.02,B30,B30B,1.533333346247673
oz,6.02,H03,H03G,1.533333346247673
nu,5.08,B60,B60Q,1.533333346247673
qk,6.01,H04,H04M,1.533333346247673
ha,5.03,A47,A47J,1.533333346247673
qa,3.01,B60,B60K,1.533333346247673
ru,3.01,F02,F02B,1.533333346247673
yi,6.03,A01,A01H,1.533333346247673
xq,2.11,H02,H02K,1.533333346247673
td,3.02,A23,A23L,1.533333346247673
ua,6.03,G10,G10H,1.533333346247673
ur,1.01,G07,G07F,1.533653846941888
ia,3.02,B01,B01L,1.533797479351051
ja,1.05,B65,B65B,1.533865259960294
ur,1.01,F04,F04B,1.534523822367191
rt,3.02,G01,G01K,1.534920644015074
ja,1.05,H04,H04J,1.534989318810403
hf,6.03,A01,A01N,1.535272540524602
ki,3.02,A23,A23F,1.535294118337333
lq,3.03,B64,B64D,1.535714287310839
ot,6.02,B64,B64D,1.535714287310839
gy,5.02,F25,F25C,1.535714287310839
zm,1.06,F16,F16K,1.536231884732842
pm,2.05,F15,F15C,1.536437425296754
ma,3.02,A61,A61C,1.536702132318169
co,1.06,A61,A61J,1.536775256507099
sd,3.02,H04,H04R,1.537037037312984
ne,3.03,D02,D02G,1.537037037312984
et,1.02,E04,E04C,1.537037052214146
ox,6.02,C09,C09K,1.537037052214146
rp,6.04,A23,A23K,1.537179500097409
zr,1.05,B09,B09B,1.537253530696034
wu,5.04,A61,A61H,1.537301599979401
rt,3.02,B24,B24B,1.537301622331142
vs,5.01,H01,H01L,1.53730948921293
ou,1.06,B01,B01D,1.537690822966397
ye,2.02,B05,B05B,1.537932928651571
jy,4.05,H05,H05H,1.538095263764262
vy,3.02,B21,B21F,1.538194450549781
yo,3.01,B23,B23K,1.538461539894342
fi,1.04,C01,C01C,1.538461539894342
ns,2.01,A23,A23L,1.538515721447766
tc,3.02,C07,C07C,1.538653107127175
bk,6.04,G06,G06N,1.538899524137378
tu,3.01,A01,A01M,1.5390211828053
hq,1.04,B64,B64C,1.539087323471904
co,1.06,G21,G21K,1.539440547116101
jb,5.07,G09,G09B,1.539596274495125
pe,5.02,C08,C08G,1.539730351418257
ni,3.01,B41,B41J,1.539898990187794
vp,3.03,H01,H01L,1.53999999910593
pn,1.01,C11,C11D,1.53999999910593
ii,2.04,A01,A01M,1.540000006556511
uq,5.07,B01,B01J,1.540079366415739
uh,1.03,D04,D04H,1.540404062718153
im,2.01,H01,H01J,1.54044568259269
rz,3.03,B25,B25J,1.540613662917167
hb,5.03,C09,C09K,1.54069368285127
vi,5.01,G01,G01V,1.541240679100156
eq,3.01,G08,G08B,1.54166666790843
vj,5.01,H01,H01P,1.54166666790843
qu,1.06,D04,D04H,1.54166667163372
ja,1.05,B60,B60H,1.54166667163372
es,2.02,B60,B60P,1.541666679084301
dr,1.06,C01,C01F,1.541666680015624
oy,9,H02,H02S,1.541666682809591
sy,1.03,F16,F16M,1.541666682809591
cq,1.06,D21,D21F,1.541666686534882
dt,2.03,B22,B22C,1.541666690260172
xe,4.01,E02,E02B,1.541666701436043
mu,4.01,G06,G06T,1.541954041458666
zq,2.07,B82,B82Y,1.542172317160293
wm,5.04,C08,C08K,1.54226191341877
yo,3.01,C11,C11C,1.542582690482959
ga,3.02,G01,G01M,1.542630385607481
ve,3.02,C07,C07H,1.542664390057325
co,1.06,C04,C04B,1.543014513328671
bf,5.04,A23,A23L,1.543197577819228
uy,1.04,H02,H02J,1.54341184347868
za,3.02,H01,H01P,1.543478261679411
hq,1.04,B24,B24D,1.543685331940651
pw,2.06,C04,C04B,1.543750013224781
ei,1.04,B09,B09B,1.544444451108575
ni,3.01,C03,C03C,1.544444451108575
fe,5.05,H01,H01L,1.544444458559155
mc,1.06,H05,H05K,1.544540231116116
ep,1.02,C30,C30B,1.544763521291316
di,5.02,A41,A41D,1.545454546809196
oa,2.11,E02,E02D,1.545454576611519
da,1.06,D21,D21H,1.545904115773737
bp,6.04,G10,G10L,1.546037308871746
yr,2.01,B01,B01F,1.546360802371055
db,2.08,D06,D06F,1.546568630263209
ea,1.04,C05,C05G,1.54656863771379
dr,1.06,A47,A47J,1.546666667796671
my,5.01,C08,C08F,1.546714982017875
ay,3.01,H04,H04L,1.546771136112511
yq,5.07,E21,E21B,1.546825423836708
xa,5.04,G02,G02F,1.546981455758214
nu,5.08,C05,C05F,1.547222245484591
jw,6.02,G01,G01N,1.547402612864971
qe,2.09,D04,D04H,1.547541245818138
ig,2.06,D04,D04H,1.547541245818138
fi,1.04,C09,C09C,1.54754564887844
aa,1.03,F28,F28F,1.547619048506022
bp,6.04,G01,G01D,1.547619074583054
qj,2.05,C10,C10L,1.547619093209505
qg,2.05,G01,G01D,1.547992045292631
ka,4.01,H02,H02J,1.548054935410619
xy,1.01,C12,C12P,1.54819254897302
pn,1.01,G08,G08B,1.548384604742751
ig,2.06,G07,G07C,1.548800393007696
qf,9,B62,B62D,1.548809558618814
aq,3.02,B82,B82Y,1.54892872273922
oi,3.02,C12,C12Q,1.549499617423862
am,4.01,B27,B27N,1.549731183797121
ot,6.02,C07,C07F,1.550000006332994
tc,3.02,B25,B25G,1.550000008195639
xq,2.11,G10,G10L,1.550062680616975
ka,4.01,C08,C08K,1.550310559570789
es,2.02,B05,B05D,1.550372663419694
ui,1.03,F16,F16L,1.550480784848332
dm,3.02,G01,G01G,1.550776582211256
xa,5.04,A01,A01N,1.550840342417359
tc,3.02,A61,A61J,1.551282051950693
jb,5.07,H05,H05K,1.55158730270341
ns,2.01,H04,H04Q,1.551689666230232
qa,3.01,C09,C09K,1.551931348396465
or,5.09,C07,C07K,1.552391251316294
fe,5.05,G01,G01R,1.552525253966451
ni,3.01,A21,A21D,1.552615135209635
ff,3.02,B01,B01D,1.552631579339504
bm,5.07,A61,A61F,1.552644113078713
rt,3.02,F41,F41H,1.553571432828903
hf,6.03,A01,A01H,1.553968254942447
pm,2.05,G06,G06G,1.553981340723112
pg,6.02,G02,G02B,1.55409356765449
pn,1.01,C12,C12P,1.554202725412324
ei,1.04,A01,A01H,1.554391676094383
et,1.02,E02,E02F,1.554761923849583
fa,2.01,G01,G01B,1.554801737889647
up,1.03,G21,G21F,1.554901984054595
uk,1.03,F03,F03H,1.555000025779009
en,9,H04,H04N,1.555052790790796
es,2.02,A61,A61G,1.555476199835539
dw,1.04,A62,A62B,1.555555555969477
if,2.11,A01,A01D,1.555555555969477
cq,1.06,F01,F01L,1.555555555969477
iu,2.03,B63,B63C,1.555555555969477
pq,1.01,E04,E04F,1.555555555969477
ye,2.02,F02,F02B,1.555555555969477
er,1.02,F16,F16L,1.555555555969477
ve,3.02,G01,G01K,1.555555555969477
wu,5.04,H03,H03L,1.555555555969477
ox,6.02,H03,H03K,1.555555555969477
xw,3.03,H04,H04H,1.555555555969477
dq,9,D04,D04H,1.555555555969477
qf,9,H03,H03G,1.555555567145348
zr,1.05,C05,C05D,1.555555570870638
ra,2.11,G01,G01M,1.555555570870638
id,2.07,H04,H04H,1.555555582046509
dy,1.04,F01,F01M,1.555555585771799
ij,2.11,G21,G21K,1.55565476231277
qf,9,H01,H01Q,1.556429644115269
co,1.06,C12,C12C,1.556579369585961
dm,3.02,A23,A23D,1.556709366850555
ep,1.02,D21,D21G,1.556720431894064
ve,3.02,A24,A24B,1.556878307834268
qj,2.05,G03,G03F,1.556905125267804
co,1.06,A45,A45D,1.557142870500684
ma,3.02,G05,G05D,1.557313766330481
yr,2.01,A01,A01H,1.557823159499094
nn,3.03,G10,G10L,1.558333344757557
te,1.05,G06,G06K,1.558333346620202
ue,2.11,B64,B64G,1.558333355933428
cq,1.06,B60,B60T,1.558333374559879
ub,1.03,D02,D02G,1.558477665064856
da,1.06,G02,G02C,1.558480564504862
ya,3.02,B25,B25B,1.558771941810846
pq,1.01,B05,B05D,1.558823529630899
pg,6.02,A61,A61F,1.558823531493545
mu,4.01,C12,C12Y,1.559248543111607
pn,1.01,F04,F04B,1.559523826465011
ma,3.02,G09,G09G,1.559523828327656
le,1.05,F24,F24T,1.559523828327656
fa,2.01,G09,G09B,1.559649150818586
cq,1.06,D21,D21B,1.559814186533913
ex,1.02,G21,G21C,1.560138903558254
xe,4.01,G06,G06K,1.560185186564922
ky,1.05,C22,C22B,1.560202983208001
gm,3.03,G06,G06K,1.56066176481545
pt,3.03,A63,A63F,1.560768525581807
tu,3.01,G09,G09F,1.560839160345495
ve,3.02,C11,C11D,1.561111135408282
ah,4.01,C09,C09D,1.561297884676605
ne,3.03,G06,G06G,1.561315360479057
ry,2.03,G09,G09F,1.561507944017649
dr,1.06,C07,C07B,1.561609447933733
ig,2.06,B23,B23P,1.562107099452987
om,5.05,C23,C23C,1.56226053647697
bm,5.07,G01,G01S,1.5625
oy,9,G01,G01M,1.5625
km,1.06,C22,C22C,1.5625
ik,2.11,D03,D03D,1.5625
wm,5.04,B65,B65G,1.5625
ru,3.01,H03,H03L,1.5625
zr,1.05,G11,G11C,1.562500014901161
if,2.11,D03,D03D,1.562500014901161
pt,3.03,G10,G10K,1.562698413152248
hq,1.04,A23,A23L,1.562722312286496
qu,1.06,C03,C03C,1.563603865914047
xy,1.01,B60,B60R,1.563636381179094
rt,3.02,A23,A23D,1.563827844336629
ka,4.01,A61,A61N,1.563956320285797
fs,6.04,C07,C07K,1.564475633669645
uy,1.04,D04,D04C,1.564814856275916
rb,2.02,G01,G01K,1.565433886833489
ex,1.02,B22,B22D,1.56568630412221
pm,2.05,B03,B03B,1.565778483403847
ub,1.03,B44,B44B,1.565972235053778
cu,1.06,C12,C12C,1.566031451802701
js,6.04,B01,B01L,1.566666670143604
pa,6.02,A62,A62D,1.566666670143604
ae,4.05,H04,H04B,1.566666670143604
nn,3.03,A47,A47L,1.566666670143604
wq,5.01,B01,B01D,1.566666670143604
oz,6.02,B64,B64G,1.566666670143604
vy,3.02,F15,F15B,1.566666670143604
ki,3.02,H03,H03M,1.566666670143604
ku,5.07,C08,C08L,1.566666670143604
pq,1.01,C10,C10M,1.566666677594185
mu,4.01,H04,H04N,1.566666677594185
qq,1.05,D04,D04H,1.566666677594185
pm,2.05,G08,G08C,1.56666667945683
le,1.05,H01,H01H,1.566666685044765
db,2.08,B21,B21D,1.567602055612952
uy,1.04,B26,B26D,1.567722386680543
yg,6.04,B32,B32B,1.567857168614864
dk,5.02,G01,G01J,1.568131882697344
if,2.11,C09,C09B,1.568253977224231
uk,1.03,C01,C01D,1.568277180194855
cq,1.06,B64,B64C,1.568585670553148
cq,1.06,A47,A47K,1.568627461791039
ea,1.04,B27,B27K,1.568713465705514
aq,3.02,C07,C07J,1.569070768542588
ij,2.11,C10,C10K,1.569444445893168
ih,2.07,C13,C13B,1.569444451481104
aa,1.03,B23,B23B,1.569444455206394
co,1.06,A01,A01G,1.569505193503574
qh,2.05,H01,H01J,1.569875380024314
yi,6.03,H01,H01J,1.569961251690984
qg,2.05,C01,C01D,1.570102984085679
qe,2.09,H01,H01B,1.570108613930643
dx,3.01,C02,C02F,1.570373742841184
rq,1.06,A61,A61L,1.570402459707111
am,4.01,B41,B41J,1.570833334699273
ky,1.05,H04,H04W,1.571256039664149
ki,3.02,B01,B01L,1.571275139227509
pk,2.05,G04,G04B,1.571428574621677
bi,6.01,A61,A61Q,1.571428574621677
bp,6.04,C22,C22B,1.571428574621677
tu,3.01,B03,B03D,1.571428574621677
bf,5.04,C22,C22C,1.571428574621677
ve,3.02,F01,F01N,1.571428574621677
si,1.05,B60,B60R,1.571428574621677
dy,1.04,E02,E02B,1.571428574621677
co,1.06,F25,F25J,1.571428574621677
bf,5.04,B62,B62D,1.571428574621677
we,3.02,G01,G01C,1.571428574621677
ni,3.01,G05,G05D,1.571428589522839
rz,3.03,A41,A41D,1.571428596973419
uh,1.03,A23,A23L,1.571975418366492
ia,3.02,A61,A61D,1.572150436230004
ei,1.04,C06,C06C,1.572222229093313
ds,3.02,C07,C07J,1.572297138860449
ep,1.02,C08,C08J,1.572524066781625
vy,3.02,H02,H02J,1.572789603378624
oa,2.11,A62,A62B,1.57291666790843
he,5.03,G11,G11B,1.573412699624896
rt,3.02,G01,G01B,1.573988067451864
ec,1.04,G02,G02C,1.574053034186363
ei,1.04,A01,A01M,1.574074074625969
bq,6.05,C30,C30B,1.575000000186265
dx,3.01,E21,E21B,1.575000003911555
ip,2.07,F16,F16H,1.575000017881393
ry,2.03,A63,A63B,1.575529122725129
pw,2.06,G01,G01S,1.575595263391733
ha,5.03,H03,H03M,1.576190486550331
rx,3.02,H04,H04L,1.57656911178492
ru,3.01,B05,B05B,1.576702509075403
qa,3.01,C23,C23C,1.576704166829586
pj,2.05,C05,C05F,1.576851863414049
pj,2.05,G07,G07B,1.576923079788685
js,6.04,A47,A47C,1.576923079788685
ru,3.01,F16,F16F,1.576923094689846
ky,1.05,C02,C02F,1.577228346839547
ih,2.07,H02,H02P,1.577272729948163
qg,2.05,B42,B42D,1.577380962669849
yy,5.07,H03,H03K,1.57738097384572
cq,1.06,G01,G01G,1.577520273160189
pd,6.02,A01,A01G,1.57771261036396
su,3.02,C09,C09B,1.577823337167501
gc,1.05,H03,H03H,1.578232968226075
fe,5.05,H04,H04W,1.578409112989902
dt,2.03,B21,B21D,1.578431373462081
ei,1.04,A23,A23F,1.57843139860779
ac,2.02,H01,H01P,1.578441591234878
hi,5.01,A23,A23L,1.578559380490333
qq,1.05,C01,C01F,1.578572758007795
ne,3.03,G07,G07D,1.578831825405359
gc,1.05,F16,F16L,1.578947398811579
bp,6.04,H03,H03M,1.579365091398358
ig,2.06,F03,F03G,1.579673510044813
bm,5.07,C08,C08G,1.579877134412527
db,2.08,C25,C25D,1.579965113196522
um,3.01,C04,C04B,1.580071396194398
hy,1.06,A23,A23L,1.580171464243904
ij,2.11,A01,A01M,1.580357160419226
su,3.02,C12,C12M,1.580522948177531
qg,2.05,B21,B21D,1.58134922850877
zd,9,B65,B65B,1.581610451219603
fa,2.01,H01,H01M,1.581633569672704
uk,1.03,H03,H03G,1.581666689366102
fa,2.01,C10,C10L,1.581845241598785
ae,4.05,C11,C11D,1.582547261379659
xq,2.11,C12,C12M,1.582614769460633
pt,3.03,G01,G01C,1.583080817013979
tu,3.01,F16,F16H,1.58333333581686
et,1.02,F02,F02B,1.58333333581686
yq,5.07,C22,C22C,1.58333333581686
ue,2.11,B05,B05B,1.58333333581686
vy,3.02,C10,C10M,1.58333333581686
ia,3.02,F16,F16L,1.58333333581686
ry,2.03,B07,B07B,1.58333333581686
dq,9,G03,G03C,1.58333333581686
eo,6.02,C12,C12P,1.58333333581686
gu,1.06,D06,D06N,1.58333333581686
zm,1.06,D06,D06N,1.58333333581686
le,1.05,H04,H04R,1.58333333581686
ma,3.02,G08,G08G,1.58333333581686
pq,1.01,D04,D04H,1.58333333581686
qc,6.02,G09,G09B,1.58333333581686
wh,3.02,G11,G11B,1.58333333581686
rt,3.02,D04,D04B,1.58333333581686
vj,5.01,H01,H01J,1.58333333581686
oi,3.02,G11,G11B,1.58333333581686
dq,9,H04,H04H,1.58333333581686
cq,1.06,F16,F16D,1.58333333581686
xw,3.03,B01,B01F,1.58333333581686
wm,5.04,C30,C30B,1.58333333581686
wc,3.03,B23,B23K,1.58333333581686
jy,4.05,B64,B64D,1.58333333581686
eu,2.02,D06,D06P,1.583333343267441
vj,5.01,C09,C09C,1.583333343267441
es,2.02,B22,B22D,1.583333343267441
py,3.02,A01,A01D,1.583333343267441
gy,5.02,C01,C01G,1.583333343267441
jy,4.05,B65,B65H,1.583333343267441
bq,6.05,B64,B64G,1.583333343267441
tm,3.01,H03,H03H,1.583333343267441
ex,1.02,E06,E06B,1.583333343267441
uy,1.04,D01,D01G,1.583333343267441
oz,6.02,F28,F28D,1.583333343267441
oe,5.06,G02,G02F,1.583333343267441
py,3.02,F02,F02F,1.583333343267441
jy,4.05,H04,H04H,1.583333343267441
jy,4.05,C01,C01D,1.583333343267441
if,2.11,G01,G01W,1.583333343267441
wc,3.03,G09,G09G,1.583333343267441
su,3.02,H02,H02M,1.583333343267441
js,6.04,H02,H02H,1.583333343267441
db,2.08,F16,F16H,1.583333343267441
ve,3.02,F21,F21V,1.583333343267441
ni,3.01,B62,B62D,1.583333343267441
dw,1.04,B60,B60R,1.583333343267441
qu,1.06,A41,A41D,1.583333343267441
uy,1.04,A47,A47B,1.583333343267441
or,5.09,G11,G11C,1.583333343267441
de,1.06,G03,G03G,1.583333343267441
ep,1.02,B26,B26D,1.583333343267441
iy,1.06,B61,B61L,1.583333343267441
tc,3.02,H01,H01P,1.583333343267441
im,2.01,B03,B03B,1.583333343267441
js,6.04,C23,C23F,1.583333343267441
pc,5.02,H02,H02B,1.583333343267441
rz,3.03,C23,C23C,1.583333343267441
pc,5.02,B23,B23Q,1.583333343267441
oa,2.11,F23,F23D,1.583333343267441
dr,1.06,B62,B62B,1.583333343267441
pa,6.02,B41,B41F,1.583333343267441
ot,6.02,A47,A47K,1.583333343267441
pc,5.02,F01,F01N,1.583333343267441
km,1.06,D06,D06F,1.583333343267441
qq,1.05,G11,G11C,1.583333343267441
wu,5.04,F01,F01N,1.583333343267441
ot,6.02,F21,F21S,1.583333343267441
sa,3.03,H04,H04M,1.583333343267441
oz,6.02,F04,F04B,1.583333343267441
pc,5.02,B63,B63B,1.583333343267441
om,5.05,G02,G02C,1.583333343267441
if,2.11,A62,A62B,1.583333343267441
pj,2.05,G07,G07F,1.583333343267441
ur,1.01,G01,G01F,1.583333343267441
wc,3.03,H01,H01M,1.583333343267441
vi,5.01,C09,C09D,1.583333343267441
ya,3.02,B61,B61D,1.583333343267441
ye,2.02,F01,F01N,1.583333343267441
vm,5.06,D21,D21C,1.583333343267441
wu,5.04,F04,F04D,1.583333343267441
ot,6.02,A47,A47L,1.583333343267441
gy,5.02,B23,B23B,1.583333343267441
am,4.01,C23,C23F,1.583333343267441
oe,5.06,A01,A01G,1.583333343267441
oa,2.11,D01,D01H,1.583333343267441
uk,1.03,G08,G08G,1.583333343267441
om,5.05,H01,H01B,1.583333343267441
dw,1.04,H04,H04H,1.583333343267441
oy,9,B22,B22D,1.583333343267441
sr,2.07,F03,F03D,1.583333346992731
dt,2.03,H04,H04R,1.583333350718021
et,1.02,F16,F16B,1.583333350718021
ig,2.06,B22,B22C,1.583333354443312
bk,6.04,E06,E06B,1.583333358168602
ip,2.07,B04,B04C,1.583333358168602
ha,5.03,C25,C25B,1.583333358168602
ee,1.04,F16,F16L,1.583333358168602
iq,2.02,A23,A23B,1.583333365619183
sy,1.03,C25,C25C,1.583333373069763
dw,1.04,E06,E06B,1.583333373069763
xw,3.03,B64,B64D,1.583333373069763
tu,3.01,B24,B24D,1.583333373069763
gu,1.06,A23,A23B,1.583874462172389
uh,1.03,B08,B08B,1.583890955895185
zm,1.06,H01,H01J,1.583974232897162
ad,4.02,C12,C12M,1.584086814895272
ye,2.02,G01,G01G,1.584246031939983
ns,2.01,C10,C10L,1.584747518412769
ac,2.02,F23,F23N,1.585256427526474
tu,3.01,A61,A61D,1.585453752428293
qc,6.02,A61,A61B,1.585454545915127
ew,1.02,B05,B05D,1.585545740090311
uf,1.03,G03,G03B,1.585897447541356
dm,3.02,C09,C09J,1.585976201109588
aa,1.03,B22,B22D,1.586309533566236
dm,3.02,Y02,Y02A,1.586406708694994
qf,9,H05,H05B,1.586705774068832
cl,9,G08,G08B,1.586767298635095
sa,3.03,B41,B41J,1.586805555969477
ns,2.01,H01,H01C,1.587113688699901
ne,3.03,B05,B05D,1.587500000372529
tm,3.01,G03,G03G,1.587606847751886
ex,1.02,B60,B60G,1.587750213220716
di,5.02,H01,H01J,1.587962965480983
dw,1.04,G01,G01V,1.588088821619749
hi,5.01,G07,G07F,1.588130861520767
yo,3.01,H01,H01B,1.588164261076599
aa,1.03,G08,G08C,1.588383856695145
ba,3.02,A63,A63F,1.588888913393021
cl,9,G01,G01D,1.588935589417815
ry,2.03,F41,F41B,1.589285716414452
dx,3.01,H04,H04B,1.589468903839588
li,3.02,A23,A23K,1.589722617994994
ru,3.01,A47,A47J,1.590000010095537
ei,1.04,G01,G01H,1.590052952058613
up,1.03,C08,C08J,1.590178582817316
er,1.02,C23,C23C,1.590314238332212
dr,1.06,G01,G01L,1.59039291087538
xq,2.11,B08,B08B,1.590591423213482
gy,5.02,B26,B26B,1.590909093618393
qc,6.02,G01,G01S,1.590909108519554
ni,3.01,H02,H02K,1.590928273508325
es,2.02,A23,A23G,1.591173022985458
sy,1.03,G21,G21C,1.591269860509783
aa,1.03,F16,F16H,1.591269861906767
wv,3.03,A01,A01N,1.591369224712253
wc,3.03,G03,G03B,1.5918526109308
dx,3.01,H01,H01J,1.592145533068106
yg,6.04,G01,G01S,1.592330135405064
pj,2.05,C07,C07J,1.592592593282461
ro,1.07,B26,B26D,1.592639297246933
qg,2.05,B41,B41F,1.593253969214857
zq,2.07,H05,H05H,1.593518558889627
yp,3.02,G05,G05B,1.593547543510795
ga,3.02,A21,A21D,1.593589752912521
we,3.02,G05,G05B,1.593611325602978
qg,2.05,B60,B60N,1.59375
yr,2.01,F16,F16L,1.5944444835186
ne,3.03,G02,G02C,1.595085471402854
fe,5.05,G06,G06N,1.595238097012043
pw,2.06,C12,C12R,1.595279652625322
ee,1.04,F04,F04B,1.595454562455416
ru,3.01,B22,B22D,1.595833335071802
zm,1.06,B64,B64C,1.596006145700812
ih,2.07,A23,A23B,1.596203122287989
ih,2.07,A01,A01H,1.596298327669501
pe,5.02,H01,H01R,1.596846886910498
hy,1.06,H03,H03K,1.596876718103886
km,1.06,F02,F02D,1.596982758259401
pk,2.05,G21,G21H,1.597222223877907
ds,3.02,C08,C08K,1.597222227603197
zr,1.05,H01,H01G,1.59722222853452
tc,3.02,B62,B62D,1.59722223225981
qh,2.05,B60,B60T,1.597222235053778
qa,3.01,A47,A47L,1.597222238779068
yy,5.07,A61,A61M,1.597222242504358
ih,2.07,C23,C23F,1.597222257405519
cu,1.06,A01,A01M,1.597814438864589
wu,5.04,A01,A01G,1.598086141049862
wf,1.06,G05,G05B,1.59825870860368
ns,2.01,G21,G21F,1.598276631906629
zc,4.03,B29,B29C,1.598286458291113
pt,3.03,G01,G01J,1.598774217069149
ig,2.06,G06,G06G,1.599427320994437
pt,3.03,G03,G03B,1.599462375044823
ub,1.03,F22,F22B,1.599462375044823
zc,4.03,F21,F21S,1.600000001490116
fy,3.02,H02,H02K,1.600000001490116
eu,2.02,G01,G01M,1.600000001490116
rp,6.04,F21,F21V,1.600000001490116
fe,5.05,B60,B60R,1.600000001490116
pq,1.01,B21,B21B,1.600000001490116
nu,5.08,B07,B07C,1.600000001490116
fs,6.04,G02,G02F,1.600000001490116
bu,1.03,C08,C08K,1.600000001490116
di,5.02,G02,G02F,1.600000001490116
en,9,B29,B29C,1.600000001490116
dt,2.03,F03,F03B,1.600000001490116
mm,6.01,B60,B60N,1.600000001490116
er,1.02,G07,G07G,1.600000005215406
ad,4.02,F21,F21S,1.600000008940697
js,6.04,F04,F04D,1.600000008940697
yg,6.04,F21,F21V,1.600000008940697
ij,2.11,F16,F16F,1.600000016391277
ru,3.01,H01,H01H,1.600000016391277
sa,3.03,H02,H02K,1.600000016391277
om,5.05,H03,H03G,1.600000016391277
ja,1.05,B25,B25J,1.600000016391277
ns,2.01,F16,F16B,1.600000023841858
ht,1.06,C07,C07C,1.600159036461264
bp,6.04,G01,G01L,1.600216463208199
ad,4.02,B65,B65G,1.600541131570935
ij,2.11,C07,C07K,1.600724426563829
le,1.05,A23,A23L,1.600993516389281
pj,2.05,E21,E21B,1.601190488785505
ry,2.03,C23,C23G,1.601190496236086
rt,3.02,A63,A63H,1.601190499961376
gu,1.06,G01,G01M,1.601190507411957
dy,1.04,D21,D21B,1.60126750683412
ik,2.11,B60,B60T,1.602083351463079
vi,5.01,G01,G01B,1.602521936409175
mq,6.01,C08,C08F,1.602564120665193
oa,2.11,H04,H04S,1.602777788415551
cq,1.06,B08,B08B,1.602947776671499
pk,2.05,F25,F25B,1.602982213255018
bk,6.04,C12,C12P,1.603098627179861
mm,6.01,G01,G01K,1.603246778249741
iu,2.03,G06,G06G,1.603254015091807
tc,3.02,C09,C09J,1.604166675359011
bi,6.01,G09,G09G,1.604166677221656
ve,3.02,H01,H01R,1.604166679084301
zq,2.07,G01,G01T,1.604166684672236
fi,1.04,D06,D06M,1.604166691191494
oa,2.11,D01,D01D,1.604290826711804
ik,2.11,C25,C25F,1.604437243193388
cq,1.06,G01,G01M,1.604761919006705
uf,1.03,C09,C09J,1.605448738671839
ea,1.04,A63,A63F,1.605489442590624
hb,5.03,B01,B01L,1.605737535282969
rt,3.02,H03,H03F,1.60596180241555
ns,2.01,F41,F41H,1.606074800947681
ea,1.04,B24,B24B,1.606190506368876
oy,9,C01,C01B,1.60620841011405
iq,2.02,B61,B61C,1.606481492519379
oe,5.06,B23,B23K,1.606589149683714
za,3.02,H01,H01J,1.606708251405507
ye,2.02,A01,A01D,1.606709973886609
qc,6.02,A61,A61M,1.607102843001485
ih,2.07,B02,B02C,1.607142889872193
ku,5.07,G01,G01M,1.607407409697771
bu,1.03,C08,C08J,1.607738099060953
ua,6.03,B82,B82Y,1.607738105580211
ea,1.04,H01,H01C,1.607788088731468
id,2.07,B22,B22C,1.608333349227905
ye,2.02,F02,F02M,1.608530469238758
sd,3.02,H01,H01Q,1.608592048287392
sa,3.03,H03,H03F,1.608695654198527
uh,1.03,H02,H02M,1.608789036981761
oi,3.02,C07,C07H,1.60890976281371
ot,6.02,G01,G01S,1.608974371105433
ti,9,A23,A23K,1.609105542302132
il,2.07,F17,F17C,1.609444446861744
ac,2.02,F22,F22B,1.609498234465718
qg,2.05,B22,B22C,1.609523830935359
ew,1.02,G06,G06G,1.609707096591592
co,1.06,G01,G01P,1.609803948085755
ro,1.07,F25,F25D,1.609970688819885
ei,1.04,G07,G07D,1.610379442572594
ev,1.02,H03,H03G,1.610631157644093
gc,1.05,G03,G03F,1.610714290291071
yp,3.02,C02,C02F,1.610867676325142
id,2.07,C25,C25F,1.610990890301764
ep,1.02,C08,C08K,1.611111111938953
uh,1.03,B25,B25J,1.611111111938953
rz,3.03,H01,H01J,1.611111111938953
ik,2.11,C21,C21C,1.611111111938953
jw,6.02,G05,G05B,1.611111111938953
ox,6.02,F16,F16D,1.611111111938953
vy,3.02,F16,F16L,1.611111111938953
bq,6.05,H03,H03L,1.611111111938953
pj,2.05,G11,G11B,1.611111111938953
py,3.02,C05,C05F,1.611111111938953
dk,5.02,G02,G02F,1.611111111938953
dq,9,F16,F16H,1.611111111938953
lq,3.03,B32,B32B,1.611111111938953
pm,2.05,E01,E01B,1.611111111938953
ei,1.04,A62,A62C,1.611111113801599
hi,5.01,B23,B23K,1.611111119389534
ga,3.02,F24,F24F,1.611111126840115
ij,2.11,H04,H04H,1.611111126840115
ye,2.02,E05,E05B,1.611111126840115
lq,3.03,H03,H03M,1.611111141741276
cq,1.06,G08,G08G,1.611111141741276
dw,1.04,A22,A22C,1.611111141741276
yr,2.01,F42,F42B,1.611111156642437
vy,3.02,A63,A63B,1.611131445504725
sd,3.02,C08,C08J,1.61150236427784
ep,1.02,C40,C40B,1.611682273214683
mm,6.01,C07,C07H,1.611996251624078
dw,1.04,H01,H01R,1.612121229991317
ja,1.05,F21,F21K,1.612500000745058
ai,2.03,F04,F04B,1.612500011920929
if,2.11,C11,C11C,1.61274510063231
lj,3.02,A01,A01K,1.612962965853512
cl,9,G06,G06Q,1.613009000197053
zr,1.05,A23,A23C,1.613023463636637
et,1.02,B23,B23H,1.613406700082123
dq,9,H01,H01F,1.613583640661091
dy,1.04,H01,H01T,1.614197531715035
hb,5.03,C02,C02F,1.614351857453585
ou,1.06,G06,G06Q,1.614357879385352
fe,5.05,C07,C07C,1.614425279200077
da,1.06,H01,H01H,1.614492755383253
ry,2.03,H01,H01R,1.614583333954215
ih,2.07,G01,G01C,1.614691140130162
aa,1.03,C12,C12Q,1.615271050715819
ur,1.01,G05,G05B,1.615910797845572
zd,9,G11,G11C,1.616071430034935
ew,1.02,B25,B25F,1.61631459183991
ro,1.07,B25,B25F,1.61631459183991
pz,2.05,H01,H01T,1.616347325965762
ip,2.07,C08,C08J,1.616476885043085
pc,5.02,F41,F41A,1.616666674613953
za,3.02,E21,E21B,1.616666674613953
if,2.11,B02,B02C,1.616666674613953
eq,3.01,G01,G01C,1.616666678339243
qg,2.05,B28,B28B,1.616666678339243
bp,6.04,H01,H01P,1.616666678339243
iy,1.06,A01,A01C,1.616666689515114
zq,2.07,H01,H01Q,1.616748165339231
im,2.01,B65,B65D,1.616830067709088
sd,3.02,G06,G06N,1.617034767754376
ro,1.07,F24,F24S,1.617045491933823
dw,1.04,C05,C05C,1.617129646241665
wq,5.01,A61,A61N,1.617178365588188
eo,6.02,B01,B01J,1.617204096633941
aa,1.03,G07,G07C,1.617357657756656
qg,2.05,B82,B82B,1.617531893542036
rp,6.04,B25,B25J,1.617543861269951
ui,1.03,C25,C25C,1.617647059261799
tq,3.02,G05,G05B,1.618589758872986
ac,2.02,B64,B64F,1.619047630578279
cq,1.06,G01,G01D,1.619118835777044
jy,4.05,C22,C22B,1.619347542524338
fy,3.02,G03,G03F,1.619958836585283
yp,3.02,C07,C07H,1.619976353365928
ut,6.02,C12,C12N,1.620088935364038
id,2.07,B28,B28D,1.62012012116611
dt,2.03,F15,F15D,1.620238126721233
wu,5.04,H04,H04Q,1.62045456469059
es,2.02,F28,F28F,1.620521236211061
ac,2.02,A01,A01B,1.620580843649805
hq,1.04,D06,D06M,1.620721666608006
pk,2.05,F21,F21V,1.62074969522655
tu,3.01,H03,H03C,1.620833341032267
il,2.07,G01,G01M,1.620833344757557
ja,1.05,B41,B41M,1.620886276476085
km,1.06,A23,A23F,1.621153153479099
hb,5.03,C04,C04B,1.621167883276939
ee,1.04,C01,C01D,1.621428577229381
ot,6.02,G01,G01P,1.621794875711203
ds,3.02,H01,H01J,1.621794883161783
pk,2.05,G01,G01F,1.622425630688667
uu,5.06,C07,C07F,1.623301523737609
dt,2.03,C01,C01C,1.623333342373371
le,1.05,B63,B63B,1.623617162927985
dq,9,C02,C02F,1.623762298375368
ue,2.11,G01,G01Q,1.623891265364364
pu,2.03,C22,C22B,1.624003101140261
vy,3.02,G05,G05G,1.624242449179292
bu,1.03,B29,B29D,1.624444458633661
ba,3.02,B01,B01L,1.624621988274157
jm,5.04,G01,G01N,1.624956443440169
uq,5.07,C22,C22C,1.625
zm,1.06,F27,F27D,1.625
mq,6.01,H02,H02J,1.625
ub,1.03,B62,B62K,1.625
wm,5.04,H02,H02G,1.625
zm,1.06,E04,E04C,1.625
oy,9,B23,B23B,1.625
he,5.03,H04,H04B,1.625
ii,2.04,F03,F03B,1.625
ac,2.02,B26,B26B,1.625
ha,5.03,B64,B64C,1.625
yi,6.03,B32,B32B,1.625
oa,2.11,F01,F01K,1.625
ia,3.02,C25,C25D,1.625
ma,3.02,H02,H02K,1.625
ub,1.03,D06,D06B,1.625
bi,6.01,G11,G11B,1.625
or,5.09,H02,H02K,1.625
gu,1.06,E04,E04C,1.625
sa,3.03,C13,C13B,1.625
nu,5.08,C09,C09G,1.625
iq,2.02,B09,B09C,1.625
rb,2.02,B63,B63G,1.625
py,3.02,H03,H03H,1.625
ij,2.11,B63,B63B,1.625
dq,9,D06,D06F,1.625
tu,3.01,F41,F41A,1.625
tu,3.01,E04,E04C,1.625
wu,5.04,B29,B29D,1.625
fs,6.04,A63,A63B,1.625
bi,6.01,C23,C23C,1.625
oy,9,G05,G05B,1.625
py,3.02,H04,H04S,1.625
eq,3.01,G02,G02F,1.625
gu,1.06,C23,C23F,1.625
pi,1.06,C01,C01B,1.625000001862645
jy,4.05,B03,B03B,1.62500000372529
ya,3.02,H02,H02H,1.62500000372529
qg,2.05,F04,F04C,1.625000005587935
ew,1.02,B22,B22C,1.625000005587935
km,1.06,H04,H04Q,1.625000007450581
ev,1.02,A43,A43D,1.625000014901161
ep,1.02,B60,B60P,1.625000014901161
pm,2.05,F16,F16M,1.625000018626451
dr,1.06,F16,F16L,1.625000018626451
um,3.01,A42,A42B,1.625000022351742
eu,2.02,G08,G08G,1.625000029802322
xe,4.01,A23,A23L,1.625000040978193
ac,2.02,B22,B22F,1.625457894522697
dx,3.01,C23,C23C,1.625543938949704
nn,3.03,A01,A01H,1.625591014511883
lj,3.02,C07,C07C,1.626867752987891
de,1.06,C10,C10M,1.626907480880618
hf,6.03,G05,G05D,1.626984138041735
ja,1.05,A47,A47C,1.627041798084974
hq,1.04,H03,H03M,1.627222825307399
qq,1.05,B63,B63B,1.627777786925435
im,2.01,G02,G02F,1.627777792513371
aq,3.02,A23,A23J,1.627795832231641
ph,6.02,A61,A61B,1.628024190664291
am,4.01,C23,C23C,1.628317452967167
ii,2.04,B26,B26D,1.628387093544006
ih,2.07,E02,E02B,1.628439195454121
dt,2.03,C03,C03C,1.628709746524692
ei,1.04,H05,H05G,1.628789558075368
er,1.02,H02,H02M,1.629152179695666
pz,2.05,F16,F16J,1.629166680853814
uy,1.04,F01,F01N,1.629278419539332
bi,6.01,H01,H01Q,1.629480749834329
jy,4.05,A47,A47G,1.629629641771317
zr,1.05,C08,C08L,1.629861123859882
co,1.06,B65,B65B,1.62992942892015
ya,3.02,C10,C10M,1.630000045523047
de,1.06,H01,H01J,1.630084386328235
bi,6.01,C09,C09K,1.63010204071179
ns,2.01,G01,G01H,1.630110152531415
ev,1.02,C07,C07H,1.630134017264936
sy,1.03,A01,A01D,1.630204557441175
da,1.06,C06,C06B,1.630252104252577
oo,3.03,G11,G11B,1.630434782709926
iu,2.03,A23,A23B,1.630555562674999
ru,3.01,F16,F16L,1.630555579438806
ev,1.02,B60,B60L,1.630555592942983
ry,2.03,G07,G07C,1.630835964810103
az,3.02,C07,C07J,1.631011194549501
ne,3.03,C09,C09J,1.631149457767606
hq,1.04,F16,F16F,1.631351818796247
ij,2.11,F01,F01N,1.631444005295634
xa,5.04,F16,F16K,1.631547622382641
ew,1.02,G06,G06E,1.631605244241655
bv,5.01,H04,H04N,1.631709036882967
ff,3.02,A61,A61J,1.631818197667599
rb,2.02,F41,F41H,1.631854286417365
ea,1.04,C23,C23G,1.631914901547134
dr,1.06,C03,C03C,1.632096338551491
bm,5.07,G06,G06T,1.632936512120068
uy,1.04,A23,A23J,1.633242856711149
ih,2.07,G01,G01R,1.633333347737789
oz,6.02,G06,G06N,1.633447129279375
ii,2.04,G03,G03H,1.633465619757771
ra,2.11,H01,H01S,1.633837481960654
uk,1.03,B60,B60H,1.634259266778827
qf,9,C22,C22B,1.634661179035902
pu,2.03,F04,F04F,1.634848486166447
da,1.06,A61,A61J,1.634965501725674
xa,5.04,A61,A61L,1.635158547200263
wm,5.04,B60,B60Q,1.635714288800955
yp,3.02,B82,B82Y,1.63592690997757
im,2.01,C12,C12M,1.636049426160753
cq,1.06,H01,H01P,1.636494267731905
ns,2.01,B23,B23B,1.636526007205248
ut,6.02,A47,A47L,1.636675883084536
uy,1.04,C03,C03B,1.636882697232068
yr,2.01,F01,F01D,1.637121245265007
dq,9,C11,C11B,1.637135149911046
zr,1.05,F03,F03B,1.638095274567604
km,1.06,H04,H04J,1.638888895511627
fe,5.05,G11,G11B,1.638888899236917
we,3.02,H02,H02K,1.638888902962208
re,1.05,F26,F26B,1.638888902962208
ei,1.04,B60,B60J,1.638888906687498
po,1.01,G16,G16H,1.639087334740907
uk,1.03,F42,F42B,1.639110684860498
ha,5.03,H04,H04H,1.639204549603164
gy,5.02,B61,B61L,1.639206357300282
jm,5.04,B01,B01J,1.639285719022155
ev,1.02,B60,B60Q,1.639598167035729
aa,1.03,F16,F16D,1.639682585373521
jy,4.05,B05,B05D,1.640055106952786
cu,1.06,A21,A21D,1.640652416506782
uh,1.03,B42,B42D,1.640873029828072
uk,1.03,C08,C08B,1.64091339870356
ec,1.04,A45,A45D,1.641129031777382
ub,1.03,F23,F23C,1.641666673123837
ja,1.05,G05,G05F,1.641666699200869
pc,5.02,A61,A61C,1.641785527579486
id,2.07,A23,A23C,1.64206351339817
ex,1.02,C22,C22C,1.642063520848751
fe,5.05,G01,G01N,1.642544719856232
ep,1.02,F42,F42B,1.642717103473842
ma,3.02,A23,A23G,1.642761755269021
vj,5.01,F16,F16D,1.642857149243355
ka,4.01,G03,G03B,1.642857149243355
bk,6.04,F16,F16M,1.642857149243355
ut,6.02,G09,G09B,1.642857149243355
oz,6.02,B41,B41C,1.642857149243355
ua,6.03,G03,G03B,1.642857149243355
yg,6.04,A61,A61F,1.642857164144516
im,2.01,F04,F04D,1.642857164144516
oz,6.02,A23,A23D,1.642857164144516
qu,1.06,F03,F03B,1.642857171595097
ns,2.01,F25,F25B,1.642920046579093
ei,1.04,C08,C08H,1.643053798936307
hf,6.03,A61,A61F,1.643224072642624
yi,6.03,G01,G01C,1.643539568409324
db,2.08,B04,B04B,1.643720308318734
ub,1.03,H05,H05F,1.644017107784748
if,2.11,B42,B42D,1.644027279689908
ii,2.04,G01,G01W,1.644047625362873
za,3.02,D01,D01F,1.644119781441987
jb,5.07,H01,H01M,1.644180279225111
vj,5.01,G08,G08G,1.644197566434741
ra,2.11,G01,G01S,1.644336249679327
gc,1.05,C09,C09D,1.644444450736046
ga,3.02,G02,G02F,1.645171975716949
iq,2.02,A46,A46B,1.645292218774557
un,1.03,C12,C12P,1.645404825918376
zd,9,G10,G10L,1.645424855872989
es,2.02,F02,F02C,1.645833343267441
ig,2.06,H03,H03J,1.645833350718021
uy,1.04,A47,A47J,1.645833350718021
lq,3.03,B82,B82Y,1.646011397242546
vi,5.01,A43,A43B,1.646764358971268
ub,1.03,F24,F24C,1.646969713270664
hi,5.01,C07,C07D,1.647020631935447
tu,3.01,D04,D04B,1.647435910999775
ve,3.02,C08,C08F,1.647725088521838
ba,3.02,H01,H01R,1.647992566227913
de,1.06,G01,G01G,1.648148149251938
ct,9,C08,C08B,1.648609679192305
gc,1.05,A23,A23L,1.648770622909069
ei,1.04,E04,E04B,1.648809524253011
xe,4.01,H03,H03K,1.648809537291527
km,1.06,H01,H01Q,1.648915664292872
ui,1.03,F04,F04F,1.648989917710423
or,5.09,A01,A01N,1.649350665509701
pk,2.05,F21,F21K,1.649470910429955
uh,1.03,G05,G05B,1.649597357958555
ea,1.04,G07,G07C,1.649947511032224
de,1.06,H01,H01R,1.650000000372529
ne,3.03,H02,H02G,1.650000005960464
ai,2.03,G03,G03C,1.650000005960464
ip,2.07,F16,F16K,1.650000013411045
ye,2.02,B41,B41M,1.650000018998981
qg,2.05,B23,B23C,1.650000020861626
pm,2.05,B60,B60G,1.650000024586916
ew,1.02,B33,B33Y,1.650000033900142
vx,5.01,H05,H05B,1.650432912632823
db,2.08,Y02,Y02A,1.650545274605975
zc,4.03,B01,B01F,1.65056667290628
pc,5.02,C04,C04B,1.6508117178455
hf,6.03,G06,G06K,1.651116125285625
qq,1.05,G10,G10L,1.651226568967104
dt,2.03,C09,C09D,1.651455043815076
ec,1.04,G06,G06K,1.651747907977551
ai,2.03,C25,C25B,1.65256411395967
qg,2.05,C06,C06B,1.652696092613041
wu,5.04,C10,C10M,1.652777777984738
ev,1.02,D06,D06F,1.652777779847383
uf,1.03,G01,G01M,1.652777795679867
xe,4.01,A23,A23K,1.652777813374996
qq,1.05,F23,F23J,1.652777820825577
rb,2.02,B01,B01J,1.652857935987413
dm,3.02,C10,C10L,1.652894387952983
ni,3.01,G05,G05B,1.653382131829858
tu,3.01,C23,C23F,1.653409093618393
ja,1.05,B64,B64G,1.654012367129326
qa,3.01,F25,F25D,1.654121863655746
ga,3.02,A41,A41D,1.654166689142585
gu,1.06,F27,F27D,1.65441176481545
ih,2.07,B60,B60K,1.654513906687498
ub,1.03,F42,F42D,1.654513910412788
cl,9,G02,G02B,1.654867520555854
ih,2.07,G03,G03F,1.654967924579978
xa,5.04,C07,C07H,1.655207516625524
rz,3.03,C09,C09K,1.655261097475886
rz,3.03,G11,G11C,1.655303031206131
py,3.02,C08,C08C,1.655357149429619
qe,2.09,D21,D21H,1.655357183888555
qe,2.09,C09,C09C,1.655397313646972
su,3.02,G01,G01T,1.655555557459593
ac,2.02,B23,B23H,1.655952403321862
pt,3.03,G01,G01K,1.656051597557962
vy,3.02,A23,A23L,1.656154052354395
iq,2.02,B44,B44D,1.656746048480272
hb,5.03,A61,A61F,1.656913665123284
et,1.02,B64,B64G,1.657142877578735
dw,1.04,G01,G01T,1.657644847873598
xq,2.11,H03,H03H,1.657738115638494
pu,2.03,H02,H02S,1.657870395574719
eu,2.02,G01,G01T,1.657873380929232
ig,2.06,A45,A45D,1.657897274941206
yr,2.01,H03,H03C,1.65806882455945
sy,1.03,D06,D06M,1.658910201862454
py,3.02,C07,C07B,1.659055081196129
qg,2.05,B23,B23Q,1.659090921282768
es,2.02,G01,G01W,1.659343461040407
sy,1.03,H03,H03J,1.659722247160971
rt,3.02,B01,B01L,1.660079653607681
qe,2.09,H01,H01F,1.660161514300853
im,2.01,B64,B64D,1.660416680388153
ex,1.02,A61,A61L,1.660719225183129
nu,5.08,H03,H03L,1.661111112684011
ex,1.02,F21,F21K,1.661111112684011
vx,5.01,C12,C12N,1.661509582714643
zr,1.05,G21,G21F,1.661538489162922
ev,1.02,F02,F02M,1.661962375044823
gc,1.05,C12,C12R,1.661976439878345
bf,5.04,H04,H04M,1.66233766824007
fy,3.02,G21,G21K,1.662337690591812
pu,2.03,H03,H03M,1.662443422712386
id,2.07,H03,H03L,1.662500020116568
pm,2.05,F23,F23G,1.662500029429793
ur,1.01,C07,C07H,1.662678881082684
cq,1.06,B60,B60N,1.663636358454823
zd,9,B25,B25J,1.664337636902928
ae,4.05,B09,B09C,1.664619989693165
ei,1.04,G01,G01G,1.665223043644801
gy,5.02,A61,A61H,1.665580634027719
ne,3.03,F26,F26B,1.665625005960464
ec,1.04,A01,A01K,1.665904862806201
uq,5.07,G07,G07F,1.665945211425424
fa,2.01,G08,G08B,1.666035370901227
et,1.02,F01,F01D,1.666111132130027
co,1.06,G09,G09G,1.666646165773273
di,5.02,D21,D21H,1.66666667163372
bm,5.07,A63,A63F,1.66666667163372
si,1.05,G09,G09G,1.66666667163372
pu,2.03,A46,A46B,1.66666667163372
za,3.02,B29,B29D,1.66666667163372
bq,6.05,B65,B65B,1.66666667163372
bp,6.04,G07,G07C,1.66666667163372
bf,5.04,C02,C02F,1.66666667163372
ru,3.01,C03,C03B,1.66666667163372
ia,3.02,E04,E04F,1.66666667163372
ec,1.04,C09,C09G,1.66666667163372
mm,6.01,F02,F02D,1.66666667163372
km,1.06,B23,B23Q,1.66666667163372
bk,6.04,A61,A61C,1.66666667163372
et,1.02,B06,B06B,1.66666667163372
js,6.04,G03,G03B,1.66666667163372
ix,2.07,B32,B32B,1.66666667163372
ha,5.03,A23,A23G,1.66666667163372
et,1.02,B02,B02C,1.66666667163372
ij,2.11,F16,F16G,1.66666667163372
ve,3.02,B64,B64F,1.66666667163372
ju,4.01,G01,G01R,1.66666667163372
ku,5.07,H04,H04H,1.66666667163372
xe,4.01,C11,C11D,1.66666667163372
yi,6.03,G11,G11C,1.66666667163372
ip,2.07,H02,H02H,1.66666667163372
co,1.06,F16,F16C,1.66666667163372
lq,3.03,B60,B60R,1.66666667163372
dy,1.04,C10,C10K,1.66666667163372
tu,3.01,C03,C03B,1.66666667163372
jm,5.04,G06,G06T,1.66666667163372
pm,2.05,B62,B62B,1.66666667163372
jb,5.07,C09,C09D,1.66666667163372
fs,6.04,F16,F16H,1.66666667163372
rt,3.02,B64,B64F,1.66666667163372
ya,3.02,B24,B24B,1.66666667163372
oa,2.11,F23,F23G,1.66666667163372
yi,6.03,H01,H01P,1.66666667163372
rt,3.02,D03,D03D,1.66666667163372
mm,6.01,B25,B25J,1.66666667163372
ii,2.04,E05,E05B,1.66666667163372
jb,5.07,H01,H01J,1.66666667163372
zr,1.05,H04,H04R,1.66666667163372
js,6.04,G01,G01L,1.66666667163372
ah,4.01,G01,G01B,1.66666667163372
pj,2.05,A23,A23C,1.66666667163372
ig,2.06,E02,E02D,1.66666667163372
ep,1.02,C11,C11B,1.66666667163372
ki,3.02,C22,C22C,1.66666667163372
zq,2.07,E02,E02D,1.66666667163372
uu,5.06,B41,B41F,1.66666667163372
ne,3.03,F41,F41C,1.66666667163372
rp,6.04,H02,H02M,1.66666667163372
ox,6.02,B60,B60R,1.66666667163372
ka,4.01,B05,B05D,1.66666667163372
ot,6.02,F24,F24F,1.66666667163372
ua,6.03,G03,G03F,1.66666667163372
hy,1.06,G01,G01S,1.66666667163372
za,3.02,F02,F02M,1.66666667163372
wc,3.03,B05,B05B,1.66666667163372
gm,3.03,B60,B60R,1.66666667163372
gy,5.02,G01,G01K,1.66666667163372
ui,1.03,A47,A47J,1.666666679084301
vm,5.06,G09,G09B,1.666666679084301
op,3.03,B29,B29C,1.666666686534882
pa,6.02,H02,H02H,1.666666686534882
dy,1.04,F02,F02N,1.666666686534882
aq,3.02,A47,A47L,1.666666686534882
bq,6.05,H02,H02S,1.666666686534882
bq,6.05,C21,C21C,1.666666686534882
dt,2.03,F16,F16D,1.666666686534882
ua,6.03,H02,H02G,1.666666686534882
co,1.06,F16,F16H,1.666666686534882
nn,3.03,A45,A45D,1.666666686534882
bk,6.04,F21,F21S,1.666666686534882
pc,5.02,B62,B62J,1.666666686534882
dw,1.04,E04,E04C,1.666666686534882
ew,1.02,F02,F02P,1.666666686534882
mu,4.01,H04,H04M,1.666666686534882
oa,2.11,F24,F24D,1.666666686534882
uu,5.06,A41,A41D,1.666666686534882
xw,3.03,A62,A62B,1.666666686534882
tq,3.02,A41,A41D,1.666666686534882
zk,9,H02,H02K,1.666666686534882
js,6.04,F02,F02M,1.666666686534882
oe,5.06,F42,F42B,1.666666686534882
ja,1.05,F24,F24D,1.666666686534882
ne,3.03,B31,B31D,1.666666686534882
cu,1.06,A62,A62C,1.666666686534882
ne,3.03,B63,B63H,1.666666686534882
rp,6.04,F41,F41A,1.666666686534882
ka,4.01,B60,B60R,1.666666686534882
cq,1.06,F16,F16J,1.666666686534882
qq,1.05,H04,H04J,1.666666686534882
iy,1.06,B23,B23K,1.666666686534882
wm,5.04,G03,G03B,1.666666686534882
ei,1.04,F22,F22B,1.666666686534882
pz,2.05,F01,F01C,1.666666686534882
mm,6.01,C21,C21C,1.666666686534882
ru,3.01,A47,A47F,1.666666686534882
pc,5.02,F16,F16D,1.666666686534882
ka,4.01,E04,E04F,1.666666686534882
za,3.02,G01,G01M,1.666666686534882
ru,3.01,B02,B02C,1.666666686534882
mm,6.01,G05,G05F,1.666666686534882
oz,6.02,B63,B63H,1.666666686534882
fi,1.04,H04,H04M,1.666666686534882
hb,5.03,C08,C08K,1.666666686534882
im,2.01,F01,F01K,1.666666686534882
ph,6.02,F02,F02P,1.666666686534882
mq,6.01,A23,A23D,1.666666686534882
bq,6.05,B26,B26D,1.666666686534882
pd,6.02,H04,H04M,1.666666686534882
pc,5.02,E04,E04D,1.666666686534882
pq,1.01,G02,G02C,1.666666686534882
ru,3.01,F16,F16B,1.666666686534882
tc,3.02,E04,E04H,1.666666686534882
ua,6.03,H02,H02H,1.666666686534882
ne,3.03,A43,A43D,1.666666686534882
pc,5.02,H02,H02K,1.666666686534882
uf,1.03,B23,B23H,1.666666686534882
ma,3.02,C21,C21D,1.666666686534882
ns,2.01,B41,B41C,1.666666690260172
dt,2.03,B64,B64D,1.666666693985462
pu,2.03,A01,A01K,1.666666697710752
bi,6.01,G08,G08B,1.666666701436043
rt,3.02,E01,E01C,1.666666701436043
hi,5.01,F25,F25D,1.666666716337204
pm,2.05,B21,B21K,1.666666716337204
zd,9,B41,B41F,1.666666716337204
ha,5.03,F25,F25D,1.666666716337204
wu,5.04,B65,B65G,1.666666716337204
um,3.01,B41,B41F,1.666666716337204
lj,3.02,H02,H02P,1.666666716337204
qu,1.06,B62,B62K,1.666666716337204
tm,3.01,B62,B62K,1.666666716337204
yu,3.03,B62,B62K,1.666666716337204
ue,2.11,C30,C30B,1.667153695598245
es,2.02,F28,F28D,1.667926168534905
aa,1.03,G03,G03H,1.668300686404109
dy,1.04,H03,H03B,1.668356338981539
ij,2.11,A61,A61H,1.668371305335313
my,5.01,H04,H04B,1.668478261679411
ve,3.02,H03,H03H,1.668560611084104
zr,1.05,B32,B32B,1.669131833128631
da,1.06,G01,G01V,1.669234351720661
ee,1.04,A23,A23D,1.669436215423048
ik,2.11,F25,F25B,1.669694409240037
id,2.07,B30,B30B,1.669973587617278
fs,6.04,G06,G06T,1.670207673683763
ei,1.04,H01,H01T,1.670548672787845
ev,1.02,A21,A21D,1.67057518218644
nq,5.01,C07,C07F,1.670698944479227
ua,6.03,A01,A01K,1.671276599168777
ya,3.02,B65,B65B,1.671313379891217
uf,1.03,F03,F03B,1.671428583562374
tc,3.02,H04,H04Q,1.671717176679522
am,4.01,A61,A61M,1.672219109255821
uk,1.03,A63,A63F,1.672420676331967
yp,3.02,C08,C08L,1.672489804215729
es,2.02,B61,B61D,1.672619063407183
ni,3.01,H04,H04Q,1.6727777980268
pn,1.01,A61,A61C,1.673612699378282
yo,3.01,A01,A01G,1.673826604615897
nu,5.08,G02,G02C,1.674242436885834
hl,3.03,G01,G01S,1.674323363229632
rz,3.03,A61,A61H,1.674480110406876
ih,2.07,G08,G08G,1.674537065438926
ea,1.04,F42,F42B,1.674626387655735
pn,1.01,G06,G06G,1.674776887521148
wm,5.04,C22,C22C,1.675000000745058
et,1.02,C09,C09G,1.675000000745058
qh,2.05,B60,B60R,1.675000000745058
sa,3.03,G01,G01M,1.675000004470348
ew,1.02,C21,C21D,1.675000011920929
wu,5.04,H01,H01P,1.675000011920929
ev,1.02,B23,B23P,1.675210202345625
es,2.02,C03,C03B,1.675281958654523
ia,3.02,G06,G06N,1.675349856726825
tu,3.01,C30,C30B,1.675712236668915
ox,6.02,A61,A61F,1.675934392958879
ry,2.03,C09,C09J,1.675951104611158
ui,1.03,F17,F17D,1.676190495491028
ui,1.03,C25,C25F,1.676190495491028
ma,3.02,C07,C07J,1.676271111704409
ql,9,H04,H04W,1.676444098353386
ja,1.05,G03,G03B,1.676470608450472
ut,6.02,G01,G01V,1.677020207047462
pu,2.03,E02,E02D,1.67708333954215
gm,3.03,G06,G06T,1.677104381844401
vx,5.01,C08,C08J,1.677489191293716
oa,2.11,A62,A62D,1.677492881193757
js,6.04,C07,C07F,1.677631579339504
ut,6.02,H03,H03M,1.677763419225812
lj,3.02,C08,C08K,1.677777782082558
di,5.02,A63,A63H,1.677777782082558
ai,2.03,H03,H03G,1.677777785807848
ea,1.04,G05,G05F,1.67777781188488
ep,1.02,A61,A61G,1.677941196598113
rb,2.02,H05,H05B,1.678125016391277
tm,3.01,C08,C08G,1.678825748153031
um,3.01,G11,G11B,1.679710149299353
si,1.05,G03,G03B,1.680194817483425
pf,6.02,A61,A61K,1.680203139781952
qa,3.01,C11,C11B,1.68028826918453
lq,3.03,A61,A61L,1.680402935482562
oe,5.06,G01,G01V,1.680555563420057
oa,2.11,A47,A47C,1.680555567145348
ev,1.02,C09,C09K,1.681007143575698
aa,1.03,B25,B25J,1.68104904377833
id,2.07,E21,E21C,1.681159425526857
hb,5.03,E21,E21B,1.681348930578679
ne,3.03,C25,C25C,1.681372554041445
zc,4.03,H02,H02K,1.681434603407979
ht,1.06,A61,A61Q,1.682069007307291
ni,3.01,A61,A61D,1.682132594287395
cu,1.06,A63,A63F,1.682352971751243
ia,3.02,C10,C10G,1.682539686560631
aa,1.03,G01,G01G,1.682795710861683
es,2.02,A61,A61L,1.683121679117903
tq,3.02,H01,H01M,1.683199444785714
hq,1.04,G21,G21K,1.683300273492932
uu,5.06,F24,F24F,1.683333337306976
ua,6.03,C02,C02F,1.683333337306976
gu,1.06,B24,B24D,1.683333344757557
ot,6.02,B65,B65H,1.683333344757557
xa,5.04,H03,H03K,1.683333348482847
cu,1.06,C11,C11B,1.683478668099269
ns,2.01,D04,D04H,1.683500723913312
ix,2.07,B09,B09C,1.683928579092026
ru,3.01,C11,C11B,1.683981985319406
db,2.08,C03,C03B,1.684065939392895
ep,1.02,B81,B81B,1.684283958282322
gu,1.06,C30,C30B,1.68452381528914
db,2.08,G21,G21F,1.68464055005461
dw,1.04,C03,C03B,1.684640554245561
hq,1.04,H02,H02H,1.684848519042134
jy,4.05,B29,B29D,1.685185190290213
re,1.05,H05,H05B,1.685185201466084
ik,2.11,B21,B21J,1.685185234993696
ij,2.11,B21,B21J,1.685185234993696
ig,2.06,C09,C09C,1.685590554028749
qg,2.05,G01,G01V,1.685714289546013
qh,2.05,H01,H01H,1.685714300721884
ij,2.11,F21,F21V,1.68571431003511
ff,3.02,G11,G11B,1.685897456482053
iq,2.02,C11,C11B,1.686080612242222
nu,5.08,B24,B24D,1.686666671186686
tc,3.02,B23,B23K,1.686666671186686
pe,5.02,C10,C10M,1.686684790533036
po,1.01,C07,C07C,1.687152549624443
tu,3.01,C08,C08H,1.687208922114223
ep,1.02,F21,F21V,1.687312350142747
aa,1.03,A47,A47J,1.6875
if,2.11,F16,F16M,1.6875
im,2.01,B63,B63C,1.687500007450581
ui,1.03,F02,F02G,1.688034191727638
zd,9,H04,H04H,1.688034191727638
oo,3.03,A61,A61K,1.688102254178375
zm,1.06,G01,G01J,1.688254016684368
cq,1.06,B22,B22F,1.6883737037424
ui,1.03,H02,H02P,1.688405817374587
ev,1.02,B24,B24B,1.688405847176909
jb,5.07,A61,A61C,1.688531829044223
ji,5.01,G07,G07F,1.688545564189553
bp,6.04,H04,H04J,1.688616950064898
dw,1.04,G10,G10L,1.68888889439404
le,1.05,G03,G03B,1.689090921543539
km,1.06,H01,H01H,1.689331507775933
pe,5.02,H01,H01Q,1.689402773045003
xy,1.01,C02,C02F,1.689411993138492
xe,4.01,C09,C09C,1.689652059227228
vi,5.01,G11,G11B,1.690427421126515
io,2.07,A61,A61K,1.690471383510157
xe,4.01,H04,H04W,1.690476197749376
uy,1.04,C10,C10J,1.690476216375828
ju,4.01,C07,C07H,1.69076482206583
ep,1.02,B01,B01F,1.69079463952221
wc,3.03,G10,G10K,1.690909095108509
ry,2.03,G01,G01P,1.691666670143604
rt,3.02,H02,H02G,1.691666670143604
fa,2.01,C25,C25D,1.691666672006249
uk,1.03,E06,E06B,1.691944462247193
hb,5.03,B01,B01J,1.691957041621208
wu,5.04,H03,H03F,1.69274359755218
pk,2.05,H01,H01H,1.692857164889574
qf,9,G01,G01P,1.692989449948072
wf,1.06,C12,C12P,1.693004441738594
pm,2.05,B21,B21F,1.693229173775762
or,5.09,B01,B01J,1.693452387116849
zq,2.07,G06,G06T,1.693480489775538
iu,2.03,A01,A01K,1.693530556745827
ai,2.03,C12,C12Q,1.693636632058769
qa,3.01,A21,A21D,1.693797215586528
ub,1.03,A23,A23G,1.693866649642587
eq,3.01,H04,H04B,1.694039087742567
uh,1.03,C23,C23F,1.694110004696995
mc,1.06,A01,A01H,1.694181153550744
iu,2.03,G21,G21D,1.694444447755814
ip,2.07,H02,H02K,1.694444447755814
zc,4.03,F04,F04B,1.694444455206394
sy,1.03,B21,B21B,1.694444455206394
ye,2.02,B25,B25B,1.694444462656975
jo,5.04,C09,C09K,1.69444446451962
lq,3.03,G11,G11B,1.694444485008717
uy,1.04,G01,G01P,1.694595445878804
cu,1.06,H05,H05B,1.695192623883486
le,1.05,A01,A01M,1.695454556494951
ah,4.01,C12,C12M,1.6955307405442
re,1.05,F27,F27D,1.69607843644917
hl,3.03,C08,C08J,1.696078451350331
ui,1.03,H04,H04H,1.696248207241297
ky,1.05,A01,A01N,1.696428574621677
nu,5.08,B09,B09C,1.696428574621677
ee,1.04,B64,B64C,1.696517414413393
um,3.01,B29,B29C,1.69680235045962
pu,2.03,C07,C07F,1.69691275106743
ur,1.01,G01,G01B,1.696976791135967
gu,1.06,C10,C10L,1.697354817879386
ya,3.02,H01,H01P,1.697417322546244
ih,2.07,B03,B03D,1.69761909916997
fy,3.02,B01,B01J,1.697962570935488
yr,2.01,B01,B01D,1.698105758521706
wu,5.04,A47,A47C,1.698412720113993
im,2.01,B06,B06B,1.699404768645763
ah,4.01,C08,C08H,1.699703930411488
ex,1.02,H02,H02K,1.699707614257932
my,5.01,A63,A63B,1.700000002980232
ai,2.03,F01,F01N,1.700000002980232
dm,3.02,G21,G21F,1.700000002980232
db,2.08,B23,B23P,1.700000002980232
ku,5.07,H02,H02M,1.700000002980232
ha,5.03,C11,C11B,1.700000002980232
xw,3.03,G09,G09F,1.700000002980232
ik,2.11,B23,B23D,1.700000002980232
wm,5.04,D01,D01F,1.700000002980232
eu,2.02,G03,G03F,1.700000002980232
uu,5.06,H02,H02G,1.700000002980232
js,6.04,B23,B23K,1.700000002980232
ne,3.03,B22,B22C,1.700000002980232
jy,4.05,E04,E04B,1.700000002980232
xa,5.04,F16,F16D,1.700000002980232
tq,3.02,B62,B62D,1.700000002980232
zc,4.03,B60,B60R,1.700000002980232
fy,3.02,E21,E21B,1.700000002980232
jm,5.04,G01,G01R,1.700000002980232
mm,6.01,H04,H04H,1.700000002980232
ii,2.04,F04,F04C,1.700000002980232
ki,3.02,E01,E01C,1.700000002980232
iq,2.02,C10,C10J,1.7000000057742
ae,4.05,G01,G01P,1.700000017881393
gm,3.03,C10,C10L,1.700000017881393
ya,3.02,H02,H02J,1.700000025331974
km,1.06,C05,C05F,1.700123047456145
cl,9,C12,C12N,1.700736369937658
ew,1.02,F25,F25B,1.700924105942249
dr,1.06,H04,H04Q,1.701091293245554
ox,6.02,G05,G05B,1.701149430125952
ue,2.11,B60,B60Q,1.701309099327773
yo,3.01,G01,G01R,1.701490127015859
my,5.01,G11,G11C,1.701680673286319
es,2.02,A01,A01G,1.701893072109669
az,3.02,E21,E21B,1.701923079788685
iq,2.02,A63,A63G,1.701961351558566
aa,1.03,A01,A01K,1.702645538374782
qq,1.05,B60,B60L,1.702777788043022
pc,5.02,H01,H01H,1.703178931958973
wh,3.02,A43,A43B,1.703296755906194
fy,3.02,A24,A24B,1.70347223430872
ja,1.05,B02,B02C,1.703571455553174
ih,2.07,F42,F42B,1.703703738749027
ia,3.02,C08,C08F,1.703756757080555
io,2.07,H04,H04R,1.704088690690696
dk,5.02,A23,A23C,1.70419255271554
mq,6.01,A01,A01N,1.704294233582914
es,2.02,G02,G02C,1.704411769285798
wm,5.04,G01,G01C,1.704537211218849
dr,1.06,B41,B41M,1.704641356132925
ii,2.04,F24,F24D,1.705357149243355
iq,2.02,B61,B61F,1.705555584281683
ue,2.11,B64,B64C,1.705654778517783
qj,2.05,B05,B05D,1.705938700586557
ma,3.02,B65,B65B,1.70620966819115
bf,5.04,A61,A61M,1.70656865905039
ac,2.02,C21,C21D,1.706666670739651
fa,2.01,H04,H04B,1.706944464705884
oz,6.02,H01,H01B,1.707042256370187
dk,5.02,G05,G05D,1.707143655978143
ac,2.02,G01,G01W,1.707440501078963
ry,2.03,G03,G03G,1.708028465509415
de,1.06,B65,B65D,1.70833333581686
xa,5.04,B41,B41J,1.708333343267441
ea,1.04,G07,G07D,1.708333343267441
pa,6.02,G02,G02C,1.708333343267441
di,5.02,G09,G09F,1.708333354443312
hl,3.03,A61,A61G,1.708333354443312
uy,1.04,H02,H02S,1.708333355374634
fa,2.01,C08,C08G,1.708333369344473
il,2.07,B63,B63G,1.708333376795053
oa,2.11,B66,B66B,1.708712137304246
yr,2.01,G08,G08C,1.708730196580291
ya,3.02,B05,B05D,1.708747295197099
sa,3.03,A01,A01G,1.708916926756501
dq,9,A23,A23G,1.709211544133723
pt,3.03,B62,B62D,1.709503307938576
sy,1.03,B64,B64B,1.709523867815733
bf,5.04,A01,A01N,1.709549706662074
jw,6.02,G06,G06K,1.710144933313131
ex,1.02,F01,F01D,1.710555600002408
fi,1.04,G01,G01J,1.710556906182319
ub,1.03,G07,G07C,1.710615799296647
hb,5.03,G01,G01C,1.710752691142261
mu,4.01,C03,C03C,1.710869568400085
pe,5.02,C01,C01B,1.710869576316327
bk,6.04,C12,C12Q,1.710931240115315
qq,1.05,H01,H01F,1.71111112087965
ih,2.07,G01,G01F,1.711494293063879
uf,1.03,G01,G01L,1.712296765297651
dt,2.03,F27,F27D,1.712500017136335
sa,3.03,C12,C12M,1.712592141586356
ii,2.04,D06,D06B,1.713131349533796
ha,5.03,F21,F21V,1.713492099195719
dt,2.03,H01,H01G,1.714015165343881
im,2.01,C05,C05F,1.714052313938737
pm,2.05,F23,F23C,1.714120417833328
js,6.04,A23,A23G,1.714285723865032
zr,1.05,E04,E04H,1.714285727590322
ui,1.03,C08,C08B,1.714335975237191
ex,1.02,C25,C25D,1.714530829340219
bq,6.05,H05,H05H,1.71468255110085
wu,5.04,G01,G01D,1.71515154838562
sd,3.02,C08,C08F,1.715168207418174
si,1.05,H01,H01Q,1.715429624542594
re,1.05,C25,C25D,1.715773830190301
re,1.05,B03,B03B,1.716183623299003
oa,2.11,B05,B05C,1.716521758586168
oa,2.11,A23,A23G,1.716666672378778
ac,2.02,C25,C25C,1.716666672378778
et,1.02,E02,E02B,1.716666672378778
lj,3.02,G03,G03F,1.716666676104069
pu,2.03,B07,B07C,1.716666679829359
hb,5.03,H02,H02N,1.716666679829359
ew,1.02,B26,B26B,1.71666668727994
mm,6.01,H05,H05B,1.71666668727994
ka,4.01,D01,D01F,1.716666702181101
ka,4.01,G01,G01J,1.716902917716652
er,1.02,B64,B64G,1.717107590287924
xa,5.04,B60,B60K,1.717261910438538
ac,2.02,A23,A23L,1.717316035181284
de,1.06,B27,B27N,1.717741928994656
db,2.08,F01,F01K,1.718750013038516
ku,5.07,C08,C08J,1.719298250973225
bf,5.04,C08,C08G,1.719298258423805
ru,3.01,F16,F16K,1.719827592372894
er,1.02,E21,E21B,1.719928160309792
bu,1.03,A63,A63F,1.720619179308414
vx,5.01,B60,B60R,1.720833338797092
ha,5.03,G08,G08B,1.720833351835608
tm,3.01,H02,H02P,1.720833351835608
ya,3.02,B23,B23P,1.720897296443582
km,1.06,G01,G01T,1.721561775077134
ei,1.04,G07,G07C,1.721971298567951
ep,1.02,E04,E04D,1.722222223877907
un,1.03,F25,F25J,1.722222223877907
fa,2.01,F21,F21V,1.722222227603197
if,2.11,B61,B61C,1.722222227603197
yq,5.07,E01,E01B,1.722222238779068
ik,2.11,B21,B21C,1.722222238779068
dt,2.03,C23,C23G,1.722222238779068
ub,1.03,B60,B60J,1.722222242504358
ih,2.07,A41,A41D,1.722222242504358
sy,1.03,D03,D03D,1.722222242504358
fa,2.01,F21,F21S,1.722222242504358
ja,1.05,A63,A63B,1.722222242504358
tu,3.01,C13,C13B,1.722222242504358
iu,2.03,E01,E01B,1.72222226858139
pm,2.05,F02,F02P,1.722343006404117
hf,6.03,G01,G01N,1.722635147860274
tm,3.01,G01,G01F,1.722916670143604
dt,2.03,F23,F23L,1.723611144348979
es,2.02,G01,G01H,1.724412862444296
aa,1.03,F16,F16C,1.724494993686676
ye,2.02,F16,F16F,1.72480964846909
nu,5.08,B60,B60T,1.725000001490116
zr,1.05,H04,H04Q,1.725000001490116
xa,5.04,G01,G01V,1.725000001490116
ew,1.02,F02,F02M,1.725000007078052
vi,5.01,B29,B29C,1.725000020116568
qu,1.06,F02,F02M,1.725000035017729
xq,2.11,A23,A23L,1.725185822113417
ii,2.04,G02,G02C,1.725571965798736
ae,4.05,C07,C07H,1.725631711538881
id,2.07,C05,C05D,1.725694481283426
ig,2.06,F26,F26B,1.725976817309856
vs,5.01,G06,G06N,1.726112265605479
de,1.06,A63,A63F,1.726190485060215
ve,3.02,B24,B24B,1.726190492510796
ro,1.07,A42,A42B,1.726190492510796
yp,3.02,H05,H05K,1.726190507411957
im,2.01,C23,C23F,1.726190518587828
ii,2.04,B64,B64G,1.726388899609447
vi,5.01,A61,A61L,1.726581295020878
dx,3.01,C12,C12M,1.726635595085099
ki,3.02,B05,B05B,1.726702528074384
uq,5.07,C07,C07K,1.726816245354712
qu,1.06,F02,F02D,1.726984143257141
zm,1.06,G06,G06N,1.727404196746647
il,2.07,B01,B01D,1.727564129978418
eq,3.01,G01,G01G,1.727777784690261
uh,1.03,G10,G10L,1.728267855942249
ja,1.05,C07,C07B,1.728435462806374
hq,1.04,H02,H02S,1.72863250086084
aa,1.03,C11,C11B,1.728756342083216
ex,1.02,F04,F04D,1.729166679084301
qa,3.01,A23,A23J,1.729341058060527
pt,3.03,G01,G01V,1.729473313316703
es,2.02,G21,G21C,1.730106224305928
jb,5.07,A61,A61M,1.730429308488965
db,2.08,H03,H03M,1.730619387701154
hy,1.06,B01,B01D,1.730906193610281
zd,9,C08,C08F,1.731442391406745
gy,5.02,B82,B82Y,1.731612704927102
xy,1.01,G01,G01D,1.732001446187496
jo,5.04,C07,C07K,1.732112944824621
uq,5.07,C09,C09B,1.732258066534996
ga,3.02,D01,D01F,1.73235295759514
ex,1.02,C12,C12M,1.732870412059128
qf,9,C07,C07F,1.732984180096537
zm,1.06,F16,F16C,1.733333341777325
qj,2.05,A62,A62B,1.733333349227905
oz,6.02,H02,H02N,1.733333349227905
dw,1.04,C05,C05B,1.733333356678486
ju,4.01,A01,A01M,1.733333356678486
sy,1.03,H01,H01T,1.733660141006112
hl,3.03,B82,B82Y,1.733818016247824
dr,1.06,H01,H01Q,1.734006738290191
ub,1.03,B23,B23C,1.734127005562186
uh,1.03,H03,H03M,1.734162714332342
ki,3.02,C09,C09D,1.734215869102627
id,2.07,D06,D06M,1.734256032388657
ia,3.02,C40,C40B,1.734445313108154
qu,1.06,G01,G01J,1.734703636495396
ji,5.01,A61,A61H,1.73484644247219
ni,3.01,G07,G07F,1.735119068995118
le,1.05,G01,G01T,1.735277216881514
hb,5.03,G01,G01B,1.735575453145429
sy,1.03,H02,H02H,1.736056069843471
aa,1.03,C09,C09D,1.736111126840115
ih,2.07,B65,B65G,1.736580108292401
oi,3.02,A61,A61F,1.73693167977035
dw,1.04,A01,A01C,1.737039369065315
am,4.01,G09,G09G,1.7371666720137
hb,5.03,A01,A01N,1.737673444673419
gy,5.02,B01,B01F,1.737862451002002
eu,2.02,G01,G01C,1.738095242530107
qh,2.05,B23,B23B,1.738095246255398
am,4.01,B03,B03D,1.738095246255398
wm,5.04,B65,B65H,1.738095261156559
ee,1.04,B60,B60L,1.73809526860714
sa,3.03,C08,C08F,1.738903098739684
yp,3.02,G02,G02F,1.739037735387683
we,3.02,G01,G01R,1.739134836941957
sy,1.03,F16,F16H,1.739418042823672
hb,5.03,G02,G02F,1.739688171073794
ec,1.04,C11,C11C,1.739727525040507
rx,3.02,C07,C07D,1.739951012888923
pt,3.03,G11,G11B,1.740101033356041
up,1.03,G01,G01C,1.740689216880128
ya,3.02,C09,C09K,1.740854485193267
fe,5.05,H04,H04N,1.741400079801679
oa,2.11,G10,G10H,1.741530889179558
ii,2.04,D04,D04B,1.741666670888662
pn,1.01,G09,G09F,1.741666674613953
iq,2.02,F01,F01B,1.741666674613953
fi,1.04,C03,C03B,1.741796435788274
za,3.02,F21,F21V,1.741883121430874
pe,5.02,B01,B01J,1.74206050299108
we,3.02,C09,C09D,1.742798048071563
ti,9,A61,A61M,1.743095470126718
pt,3.03,H03,H03F,1.743297107983381
li,3.02,A01,A01N,1.743519192561507
un,1.03,G05,G05B,1.743587682954967
ij,2.11,C09,C09B,1.744047630578279
up,1.03,C30,C30B,1.744298244360834
gu,1.06,G01,G01V,1.744318194687366
wv,3.03,A61,A61N,1.74443657649681
ub,1.03,E04,E04C,1.744444448500872
dq,9,A23,A23K,1.744642152450979
mu,4.01,A23,A23G,1.744732667692006
um,3.01,G02,G02C,1.745398571249098
qh,2.05,G03,G03F,1.745436551980674
za,3.02,H04,H04H,1.745454549789429
de,1.06,C13,C13B,1.745454553514719
fa,2.01,G05,G05F,1.745584106072783
ij,2.11,B01,B01F,1.745728807523847
er,1.02,H02,H02N,1.746065691113472
nq,5.01,H04,H04B,1.746153869666159
dr,1.06,G01,G01F,1.74652780406177
pm,2.05,F25,F25C,1.746645044535398
za,3.02,C12,C12M,1.747608485398814
ig,2.06,B60,B60K,1.747619073837996
er,1.02,B64,B64C,1.747664852067828
zq,2.07,H05,H05K,1.747799946460873
ei,1.04,H03,H03F,1.747827004874125
ae,4.05,C08,C08J,1.748400347772986
ew,1.02,E02,E02F,1.748717956244946
hq,1.04,C23,C23G,1.748733562417328
zm,1.06,H04,H04B,1.748782477341592
gu,1.06,A47,A47C,1.749017095193267
tc,3.02,A23,A23K,1.749446586705744
yy,5.07,H01,H01M,1.749683328904212
ik,2.11,G01,G01Q,1.749845100566745
bp,6.04,G08,G08G,1.75
tu,3.01,G03,G03B,1.75
rt,3.02,A62,A62B,1.75
vi,5.01,F16,F16H,1.75
zc,4.03,G03,G03C,1.75
nu,5.08,D03,D03D,1.75
uu,5.06,F02,F02B,1.75
ne,3.03,D03,D03D,1.75
oi,3.02,H05,H05B,1.75
dr,1.06,F16,F16H,1.75
uy,1.04,B61,B61D,1.75
js,6.04,H01,H01P,1.75
oe,5.06,H01,H01F,1.75
iu,2.03,E01,E01C,1.75
xq,2.11,F15,F15B,1.75
ds,3.02,B65,B65D,1.75
uu,5.06,C22,C22C,1.75
ju,4.01,H04,H04Q,1.75
nu,5.08,C08,C08C,1.75
et,1.02,C22,C22F,1.75
ph,6.02,G05,G05D,1.75
de,1.06,B21,B21C,1.75
bp,6.04,G05,G05D,1.75
pn,1.01,H02,H02H,1.75
ve,3.02,B22,B22D,1.75
ia,3.02,G01,G01M,1.75
py,3.02,H03,H03G,1.75
ot,6.02,H01,H01H,1.75
pq,1.01,D01,D01F,1.75
oy,9,F02,F02M,1.75
eo,6.02,A23,A23L,1.75
nu,5.08,B05,B05C,1.75
ia,3.02,H03,H03G,1.75
ff,3.02,C01,C01B,1.75
tu,3.01,F21,F21L,1.75
ya,3.02,F03,F03D,1.75
nu,5.08,H03,H03J,1.75
iu,2.03,A24,A24C,1.75
et,1.02,B03,B03B,1.75
my,5.01,H02,H02P,1.75
zr,1.05,F02,F02M,1.75
db,2.08,H04,H04S,1.75
nu,5.08,B43,B43L,1.75
oy,9,B62,B62B,1.75
iy,1.06,G03,G03F,1.75
nu,5.08,B23,B23D,1.75
et,1.02,C14,C14C,1.75
qg,2.05,F23,F23D,1.75
vx,5.01,C04,C04B,1.75
ba,3.02,H02,H02P,1.75
xw,3.03,H02,H02J,1.75
pf,6.02,A61,A61Q,1.75
ve,3.02,G01,G01D,1.75
en,9,A47,A47J,1.75
if,2.11,A01,A01F,1.75
iy,1.06,G01,G01B,1.75
wm,5.04,B60,B60R,1.75
oy,9,F16,F16F,1.75
ry,2.03,H02,H02H,1.75
bm,5.07,G08,G08B,1.75
om,5.05,C08,C08J,1.75
mq,6.01,B32,B32B,1.75
pa,6.02,H01,H01P,1.75
eu,2.02,C04,C04B,1.75
wu,5.04,F02,F02D,1.75
pn,1.01,C09,C09J,1.75
qf,9,F02,F02F,1.75
iu,2.03,B26,B26D,1.75
ot,6.02,H02,H02P,1.75
pa,6.02,B66,B66B,1.75
nu,5.08,B03,B03B,1.75
if,2.11,B07,B07B,1.75
nu,5.08,C12,C12G,1.75
id,2.07,B07,B07B,1.75
ro,1.07,E05,E05B,1.75
gu,1.06,B67,B67D,1.75
fy,3.02,B26,B26D,1.75
en,9,G11,G11C,1.75
nu,5.08,C14,C14C,1.75
xq,2.11,G03,G03C,1.75
fa,2.01,G21,G21F,1.75
nu,5.08,G05,G05G,1.75
qh,2.05,A63,A63B,1.75
js,6.04,A61,A61G,1.75
nn,3.03,B21,B21D,1.75
uy,1.04,F21,F21K,1.75
ot,6.02,B62,B62B,1.75
pi,1.06,B21,B21C,1.75
bm,5.07,H05,H05K,1.75
ha,5.03,F16,F16H,1.75
ky,1.05,C06,C06B,1.75
vj,5.01,C02,C02F,1.75
de,1.06,G21,G21C,1.75
wm,5.04,B29,B29D,1.75
ya,3.02,B41,B41M,1.75
ij,2.11,B41,B41F,1.75
bk,6.04,C09,C09J,1.75
pt,3.03,A01,A01M,1.75
ph,6.02,B61,B61L,1.75
pa,6.02,B66,B66C,1.75
tu,3.01,B07,B07B,1.75
et,1.02,B60,B60J,1.75
zm,1.06,F15,F15B,1.75
ew,1.02,B60,B60J,1.75
ya,3.02,B22,B22D,1.75
wc,3.03,B65,B65D,1.75
su,3.02,C09,C09C,1.75
nn,3.03,B60,B60R,1.75
eq,3.01,B23,B23K,1.75
qq,1.05,F04,F04D,1.75
ua,6.03,B62,B62D,1.75
uk,1.03,H04,H04H,1.75
ot,6.02,F16,F16H,1.75
eu,2.02,C08,C08G,1.75
ya,3.02,F01,F01N,1.75
id,2.07,B60,B60M,1.750000007450581
uy,1.04,C21,C21D,1.750000007450581
yo,3.01,H01,H01R,1.750000007450581
pj,2.05,A47,A47K,1.750000007450581
pq,1.01,G08,G08G,1.750000007450581
ih,2.07,G01,G01D,1.750000007450581
fi,1.04,H04,H04Q,1.750000007450581
dm,3.02,E05,E05F,1.750000014901161
nu,5.08,A47,A47G,1.750000014901161
nn,3.03,H04,H04J,1.750000014901161
hq,1.04,F24,F24D,1.750000014901161
zd,9,B60,B60L,1.750000014901161
wm,5.04,F41,F41A,1.750000014901161
ub,1.03,E01,E01C,1.750000014901161
yq,5.07,B29,B29C,1.750000014901161
mq,6.01,C09,C09J,1.750000014901161
de,1.06,F16,F16L,1.750000014901161
ac,2.02,B07,B07C,1.750000014901161
om,5.05,G05,G05D,1.750000014901161
nq,5.01,A61,A61Q,1.750000014901161
ac,2.02,H03,H03J,1.750000014901161
ew,1.02,D21,D21H,1.750000014901161
rt,3.02,G01,G01M,1.750000014901161
iq,2.02,B41,B41B,1.750000014901161
pa,6.02,G01,G01K,1.750000014901161
ye,2.02,E04,E04H,1.750000014901161
uf,1.03,F16,F16C,1.750000022351742
bd,1.06,G11,G11B,1.750000022351742
pu,2.03,A47,A47C,1.750000022351742
uu,5.06,H03,H03H,1.750000022351742
di,5.02,A43,A43B,1.750000022351742
bk,6.04,E01,E01C,1.750000029802322
ee,1.04,B60,B60T,1.750000029802322
ip,2.07,F01,F01D,1.750000029802322
ex,1.02,B23,B23D,1.750000044703484
pn,1.01,B24,B24B,1.751540620345622
ex,1.02,B01,B01L,1.751896022120491
es,2.02,B22,B22F,1.752238776534796
xa,5.04,C12,C12N,1.752327000722289
ra,2.11,C25,C25D,1.752913758624345
uk,1.03,B21,B21B,1.752976192161441
qf,9,B22,B22C,1.752976197749376
rz,3.03,G05,G05D,1.752991709858179
ub,1.03,F24,F24H,1.753205146640539
ii,2.04,G01,G01Q,1.75324584171176
es,2.02,F02,F02M,1.75333334133029
fy,3.02,A01,A01K,1.753358627669513
cn,5.01,H04,H04W,1.75355776399374
fi,1.04,C09,C09J,1.75357143394649
sd,3.02,G11,G11C,1.754112558439374
hb,5.03,B05,B05D,1.754424778744578
aa,1.03,G04,G04F,1.754983485676348
yr,2.01,F04,F04D,1.75555557012558
tm,3.01,C04,C04B,1.755734098143876
ha,5.03,H04,H04J,1.755741499364376
zd,9,B26,B26D,1.756129033863544
ro,1.07,G06,G06G,1.7564876396209
pq,1.01,H04,H04H,1.756880387663841
cu,1.06,G10,G10L,1.757142892107368
ub,1.03,F41,F41C,1.757575780153275
di,5.02,G05,G05D,1.757936529815197
db,2.08,B28,B28B,1.758333348669112
qa,3.01,G01,G01B,1.758487649261951
pu,2.03,G03,G03C,1.758888899814337
ei,1.04,B65,B65G,1.758985721040517
et,1.02,G21,G21K,1.759259276092052
uh,1.03,B65,B65D,1.759803921915591
cu,1.06,A45,A45D,1.760204081423581
aa,1.03,A61,A61C,1.76028792373836
nu,5.08,G01,G01T,1.760511534521356
aa,1.03,H01,H01F,1.760912726633251
aq,3.02,G06,G06T,1.760974591132253
if,2.11,H03,H03C,1.761111125349998
eq,3.01,C08,C08L,1.761111125349998
qh,2.05,C01,C01F,1.761428587138653
ds,3.02,G06,G06N,1.761718899011612
pu,2.03,B64,B64F,1.761904766783118
bq,6.05,A61,A61C,1.761904790997505
pk,2.05,F23,F23G,1.761904790997505
ro,1.07,G04,G04G,1.761904835700989
iq,2.02,D05,D05C,1.761958579998463
yp,3.02,A23,A23L,1.762437081430107
uk,1.03,G04,G04B,1.762500014156103
ai,2.03,B08,B08B,1.762578615918756
oa,2.11,E02,E02F,1.763053650036454
ea,1.04,H04,H04J,1.763064716476947
pe,5.02,B62,B62D,1.763757923617959
sy,1.03,C22,C22B,1.764316253364086
rz,3.03,G10,G10L,1.764379097148776
uy,1.04,B07,B07C,1.764814822003245
uh,1.03,B82,B82B,1.764854536391795
dy,1.04,Y02,Y02A,1.765085892751813
ub,1.03,B66,B66B,1.765151515603065
zm,1.06,G01,G01R,1.765400202479213
xy,1.01,A61,A61N,1.765617311582901
jo,5.04,H01,H01L,1.765873039141297
pk,2.05,B64,B64C,1.766544603742659
ea,1.04,C06,C06D,1.766666673123837
et,1.02,F23,F23C,1.766666673123837
ut,6.02,A23,A23C,1.766666673123837
vj,5.01,B64,B64D,1.766666673123837
am,4.01,G09,G09B,1.766666674986482
pu,2.03,G08,G08G,1.766666680574417
vi,5.01,F16,F16K,1.766666680574417
ew,1.02,F24,F24C,1.766666688024998
ye,2.02,A43,A43B,1.76666671037674
ae,4.05,C04,C04B,1.76677313586697
nn,3.03,C07,C07J,1.766906815581024
pc,5.02,C08,C08K,1.767128234729171
hi,5.01,G01,G01C,1.767857173457742
km,1.06,C01,C01B,1.768109682947397
ee,1.04,C05,C05F,1.768374496139586
vy,3.02,H03,H03F,1.768735955702141
xe,4.01,C22,C22B,1.768849243409932
dr,1.06,G01,G01K,1.768929314799607
ye,2.02,C08,C08K,1.769191954284906
mq,6.01,B01,B01J,1.769239135086536
cq,1.06,F17,F17C,1.769444447010756
vy,3.02,G03,G03H,1.769488567486405
id,2.07,G02,G02C,1.769548188894987
gy,5.02,A23,A23C,1.769841280765831
dq,9,G02,G02F,1.770370379090309
pw,2.06,G11,G11C,1.770469675306231
ig,2.06,B65,B65D,1.77055649459362
yp,3.02,H02,H02P,1.770833348855376
ex,1.02,B41,B41M,1.770833363058046
yp,3.02,G11,G11C,1.770932559855282
cu,1.06,G07,G07F,1.7712193261832
pj,2.05,B82,B82Y,1.771256079897285
ij,2.11,A41,A41D,1.771390388719738
gc,1.05,F16,F16K,1.77142857760191
zr,1.05,G01,G01R,1.771428614854813
ta,1.06,H04,H04N,1.771825410425663
ex,1.02,A43,A43B,1.772222246974707
uh,1.03,B05,B05B,1.772222246974707
tu,3.01,C12,C12G,1.772619090974331
fs,6.04,C08,C08G,1.772727273404598
pq,1.01,B42,B42D,1.772727273404598
rt,3.02,G08,G08C,1.772754948586226
sa,3.03,B65,B65B,1.772870012093335
ai,2.03,A01,A01H,1.773076926823705
zc,4.03,B24,B24B,1.773255813866854
zr,1.05,B05,B05B,1.773394261021167
ka,4.01,G01,G01F,1.773809552192688
ee,1.04,B05,B05C,1.774173301178962
ma,3.02,B60,B60N,1.774242423474789
if,2.11,D06,D06M,1.774587942287326
re,1.05,B01,B01F,1.774758484214544
km,1.06,B66,B66B,1.775000013411045
hb,5.03,A61,A61L,1.775203976780176
id,2.07,B24,B24B,1.775396835524589
co,1.06,B65,B65D,1.775402687955648
ui,1.03,B21,B21D,1.775490220636129
py,3.02,H03,H03F,1.776811603456736
ot,6.02,G07,G07C,1.776944454759359
ue,2.11,C12,C12N,1.777725180028938
im,2.01,A23,A23K,1.777777777984738
db,2.08,G10,G10H,1.777777779847383
dw,1.04,B27,B27N,1.777777783572674
iq,2.02,F23,F23Q,1.777777783572674
mu,4.01,C09,C09D,1.777777785435319
gy,5.02,A63,A63H,1.777777791023254
ja,1.05,F03,F03D,1.777777791023254
es,2.02,F04,F04D,1.777777791023254
dt,2.03,F24,F24C,1.777777798473835
zr,1.05,H01,H01Q,1.777777798473835
pe,5.02,C02,C02F,1.777777798473835
pw,2.06,H01,H01B,1.777777798473835
vy,3.02,G21,G21C,1.777777807787061
yr,2.01,E04,E04B,1.777777813374996
xa,5.04,A61,A61F,1.778074608882889
tc,3.02,C03,C03C,1.778221897780895
zm,1.06,A01,A01H,1.778282302431762
dq,9,G01,G01D,1.778654985129833
ja,1.05,A61,A61H,1.779289222322404
qa,3.01,C02,C02F,1.780074819922447
dk,5.02,A47,A47C,1.780158754438162
hq,1.04,D21,D21C,1.780208919197321
si,1.05,H02,H02K,1.780687874183059
ma,3.02,B41,B41J,1.781060606706887
qd,6.02,C07,C07D,1.781084679067135
ju,4.01,C08,C08F,1.78125
nu,5.08,B64,B64D,1.78125
ik,2.11,C22,C22B,1.781339031644166
pi,1.06,B09,B09C,1.781498016789556
xw,3.03,G10,G10L,1.781662503257394
uu,5.06,C10,C10L,1.781746041029692
le,1.05,C12,C12R,1.781746045220643
zr,1.05,B08,B08B,1.782880008220673
ex,1.02,A01,A01D,1.783143960870802
oy,9,F28,F28D,1.783333335071802
tu,3.01,C01,C01D,1.783333335071802
wm,5.04,H03,H03M,1.783333338797092
cq,1.06,B63,B63B,1.783333344385028
uu,5.06,H01,H01H,1.783333346247673
om,5.05,A47,A47C,1.783333346247673
pz,2.05,B60,B60C,1.783333346247673
ip,2.07,C01,C01C,1.783333379775286
ka,4.01,B01,B01D,1.784111684188247
ya,3.02,B01,B01L,1.784228888223879
et,1.02,C05,C05G,1.784294899553061
ma,3.02,C11,C11D,1.784690015949309
yi,6.03,A61,A61F,1.784910880960524
gy,5.02,A01,A01K,1.785007151775062
zd,9,C09,C09J,1.785364156588912
mr,6.01,H04,H04B,1.785714287310839
xq,2.11,C09,C09C,1.785714287310839
ep,1.02,B65,B65B,1.785714294761419
ve,3.02,B65,B65D,1.787037037312984
qh,2.05,A61,A61C,1.787037041038275
tm,3.01,G01,G01R,1.78709550620988
pe,5.02,C12,C12N,1.787638283101842
pn,1.01,G01,G01T,1.787809234345332
un,1.03,G06,G06Q,1.787896053865552
sy,1.03,B82,B82B,1.787930166115984
da,1.06,G01,G01T,1.788052423158661
ub,1.03,C06,C06C,1.788888920098543
wf,1.06,G09,G09G,1.788888938724995
zd,9,B05,B05C,1.789206392131746
am,4.01,B29,B29C,1.78999999910593
pd,6.02,G11,G11C,1.790909126400948
ns,2.01,C22,C22B,1.791340183001012
pc,5.02,B60,B60K,1.79166666790843
ip,2.07,F01,F01N,1.79166667163372
dx,3.01,D21,D21H,1.79166667163372
iq,2.02,G04,G04R,1.79166667163372
iq,2.02,F24,F24B,1.79166667163372
ku,5.07,G07,G07F,1.79166667163372
ij,2.11,F17,F17C,1.79166667163372
rt,3.02,E04,E04C,1.79166667163372
ee,1.04,D06,D06L,1.79166667163372
ep,1.02,B44,B44C,1.791666686534882
bq,6.05,E02,E02D,1.791666686534882
im,2.01,F17,F17D,1.791666686534882
ik,2.11,B07,B07C,1.791666686534882
aa,1.03,B63,B63G,1.791666697710752
te,1.05,A63,A63F,1.791666701436043
im,2.01,F42,F42B,1.791666701436043
hl,3.03,G11,G11B,1.791666701436043
hy,1.06,G03,G03G,1.791809159331024
ex,1.02,A23,A23L,1.791911777108908
ds,3.02,H04,H04B,1.792307699099183
bu,1.03,H03,H03F,1.792676772922277
po,1.01,A63,A63F,1.792676785960793
da,1.06,H03,H03F,1.792744843289256
ka,4.01,A01,A01C,1.793371660634875
xa,5.04,B01,B01J,1.794246047735214
sd,3.02,B01,B01J,1.794531367719173
ru,3.01,G07,G07C,1.794703368097544
nu,5.08,F02,F02C,1.795454546809196
ep,1.02,B60,B60G,1.795473922975361
uy,1.04,C12,C12G,1.795770227909088
pq,1.01,B61,B61L,1.796428587287664
dy,1.04,A62,A62B,1.796717196702957
ma,3.02,C08,C08H,1.79678363725543
ru,3.01,F02,F02C,1.796875001396984
ma,3.02,G01,G01C,1.796918775886297
zr,1.05,C25,C25B,1.797090518288314
za,3.02,H01,H01S,1.797613599337637
ve,3.02,G09,G09F,1.797619048506022
pz,2.05,B64,B64G,1.797619048506022
ra,2.11,A23,A23G,1.797916676849127
yp,3.02,B01,B01F,1.797977631445974
co,1.06,B22,B22F,1.798544897465035
ik,2.11,C09,C09C,1.799469724297523
tc,3.02,A63,A63F,1.799569441005588
gu,1.06,B05,B05B,1.800000000745058
ur,1.01,G03,G03B,1.800000000745058
mm,6.01,G01,G01J,1.800000004470348
ai,2.03,F15,F15C,1.800000011920929
mu,4.01,C05,C05B,1.800000015646219
ew,1.02,A63,A63D,1.80000002682209
ns,2.01,A61,A61Q,1.800275302957743
km,1.06,C23,C23C,1.800418494269252
im,2.01,H02,H02J,1.80062694568187
lj,3.02,C12,C12Q,1.80071244481951
dr,1.06,C23,C23C,1.800731237046421
pm,2.05,D21,D21B,1.800746299792081
rt,3.02,C01,C01B,1.8008117005229
si,1.05,G08,G08B,1.801190502941608
ya,3.02,G05,G05D,1.801322776824236
ye,2.02,C25,C25D,1.801388926804066
qa,3.01,B60,B60N,1.801515149883926
oi,3.02,A63,A63F,1.801623396575451
oa,2.11,A46,A46B,1.801666690036654
pu,2.03,B22,B22C,1.801851879805326
wm,5.04,H01,H01R,1.802489191293716
rb,2.02,H04,H04Q,1.802525259554386
pe,5.02,B60,B60L,1.802662059664726
pe,5.02,A63,A63F,1.802705531008542
bq,6.05,B09,B09C,1.8031135648489
dw,1.04,F02,F02C,1.80347227700986
rq,1.06,A23,A23B,1.803571430966258
um,3.01,G01,G01F,1.803815638646483
db,2.08,A41,A41D,1.804652031511068
pi,1.06,A23,A23D,1.805137731134892
bu,1.03,G01,G01D,1.80542224785313
lq,3.03,G02,G02F,1.805555555969477
pn,1.01,E04,E04F,1.805555555969477
bk,6.04,F02,F02C,1.805555555969477
im,2.01,F21,F21V,1.805555555969477
li,3.02,G10,G10K,1.805555555969477
hl,3.03,C04,C04B,1.805555570870638
iq,2.02,F01,F01C,1.805555582046509
ik,2.11,C11,C11D,1.805555605329573
li,3.02,A61,A61H,1.805753334891051
ik,2.11,G01,G01T,1.806306678801775
bq,6.05,F02,F02C,1.806318689137697
es,2.02,C07,C07H,1.806369415484369
dt,2.03,H05,H05H,1.80637111980468
ik,2.11,B60,B60C,1.806517107412219
uf,1.03,G21,G21G,1.806944452226162
tu,3.01,H03,H03H,1.807356594130397
ay,3.01,C12,C12M,1.807688819477335
ig,2.06,B05,B05B,1.808071649167687
iq,2.02,B63,B63C,1.808134926483035
my,5.01,G06,G06T,1.808204950764775
qh,2.05,F25,F25B,1.808209800161421
ij,2.11,A01,A01D,1.808333344757557
ew,1.02,G01,G01H,1.808356679044664
pm,2.05,G07,G07D,1.808492086827755
mm,6.01,G07,G07B,1.808823529630899
za,3.02,G01,G01C,1.808823544532061
td,3.02,C23,C23C,1.808873001486063
fy,3.02,H04,H04B,1.808898327872157
ry,2.03,C12,C12P,1.809115155600011
yp,3.02,G11,G11B,1.809294879436493
xw,3.03,B65,B65G,1.809523820877075
om,5.05,F16,F16L,1.809523820877075
dm,3.02,B60,B60W,1.809523820877075
uu,5.06,A23,A23C,1.809523835778236
ik,2.11,F41,F41H,1.809722241014242
aa,1.03,G06,G06E,1.810044586192816
qc,6.02,G07,G07D,1.810144957154989
cq,1.06,F04,F04B,1.810336574912071
ki,3.02,G01,G01J,1.810709385666996
es,2.02,F16,F16K,1.811054524965584
sy,1.03,D01,D01F,1.811069326708093
pu,2.03,A61,A61Q,1.811111116781831
ja,1.05,G09,G09F,1.811111144721508
er,1.02,B60,B60K,1.811796560883522
ii,2.04,G10,G10K,1.812121223658323
ou,1.06,A61,A61K,1.812498827232048
hb,5.03,H02,H02K,1.8125
if,2.11,B26,B26D,1.8125
xa,5.04,C11,C11D,1.8125
ea,1.04,F24,F24H,1.8125
wm,5.04,H01,H01B,1.8125
tc,3.02,G11,G11C,1.8125
wm,5.04,G01,G01J,1.812500005587935
ih,2.07,B22,B22C,1.812500014901161
iy,1.06,G06,G06K,1.812500020489097
we,3.02,A61,A61C,1.812549872323871
we,3.02,C08,C08G,1.812702232506126
ja,1.05,B22,B22D,1.812745125964284
km,1.06,B01,B01F,1.813875845982693
sy,1.03,B41,B41N,1.81427652714774
cq,1.06,B65,B65B,1.814304480096325
bu,1.03,H03,H03M,1.814334590453655
ac,2.02,C30,C30B,1.815113441087306
ru,3.01,B26,B26D,1.815425217151642
js,6.04,B01,B01J,1.815656580030918
vy,3.02,B60,B60R,1.815873049199581
ei,1.04,B41,B41N,1.816306793596596
ia,3.02,H03,H03M,1.816489370539784
db,2.08,F16,F16J,1.816666670143604
xa,5.04,G11,G11C,1.816666670143604
pm,2.05,B67,B67D,1.816666670143604
ht,1.06,H04,H04M,1.816666685044765
pk,2.05,F28,F28D,1.816666685044765
km,1.06,C03,C03C,1.816816403763369
vx,5.01,B29,B29C,1.817261911928654
fa,2.01,A61,A61F,1.817261916585267
cu,1.06,H01,H01M,1.817284761695191
yu,3.03,G06,G06Q,1.817708350718021
ve,3.02,C07,C07J,1.817775029921904
pm,2.05,A61,A61H,1.818015887401998
wv,3.03,G03,G03F,1.818085585720837
ff,3.02,A01,A01N,1.818259124644101
ds,3.02,A63,A63B,1.81845239829272
ue,2.11,B64,B64D,1.818750011734664
ml,9,C12,C12Q,1.818845596164465
zq,2.07,H02,H02P,1.818877616897225
le,1.05,G01,G01P,1.818935215473175
ub,1.03,G16,G16H,1.81905431766063
sy,1.03,A43,A43D,1.819444447755814
ea,1.04,C10,C10J,1.819640062749386
gc,1.05,C12,C12P,1.820302950683981
hi,5.01,A61,A61M,1.820364376530051
zr,1.05,F24,F24F,1.820436552166939
fa,2.01,D21,D21H,1.820512846112251
ac,2.02,B63,B63B,1.820665448904037
mc,1.06,B01,B01J,1.820803605020046
hf,6.03,C07,C07D,1.820873509859666
vx,5.01,G05,G05D,1.821428574621677
ik,2.11,B41,B41F,1.82142860814929
nq,5.01,C12,C12N,1.821480075828731
ub,1.03,A61,A61H,1.821685923263431
oa,2.11,A61,A61J,1.821693152654916
ij,2.11,D21,D21C,1.821726206690073
uy,1.04,C05,C05F,1.821893252898008
es,2.02,F25,F25B,1.821969699114561
iy,1.06,C08,C08L,1.82202382106334
vx,5.01,C07,C07K,1.822520602028817
id,2.07,G01,G01H,1.822751339524984
il,2.07,A61,A61B,1.822764669544995
ih,2.07,B08,B08B,1.82289888523519
am,4.01,G01,G01W,1.823412720113993
ru,3.01,A01,A01M,1.823910851031542
gc,1.05,G02,G02F,1.824107144959271
pm,2.05,B60,B60P,1.825000025331974
rb,2.02,B60,B60G,1.825126551091671
qa,3.01,G05,G05B,1.825577675364912
dx,3.01,G06,G06N,1.826395396608859
tm,3.01,H04,H04M,1.826643397565931
ne,3.03,A23,A23G,1.826739064883441
zq,2.07,C25,C25D,1.826884942129254
ox,6.02,G06,G06T,1.827546296641231
id,2.07,G10,G10L,1.827565024606884
gc,1.05,C12,C12Q,1.827682254370302
ai,2.03,H01,H01F,1.828154677059501
ii,2.04,B60,B60W,1.828232337720692
aa,1.03,H01,H01H,1.828236886300147
uk,1.03,B41,B41F,1.828439180739224
ig,2.06,G01,G01Q,1.828460343531333
yo,3.01,C09,C09B,1.828463262878358
qq,1.05,G01,G01D,1.828683173749596
im,2.01,G10,G10L,1.829018153715879
ev,1.02,A61,A61H,1.829451982630417
cq,1.06,B65,B65G,1.829491348005831
qf,9,B29,B29B,1.829565801657736
ae,4.05,C12,C12Q,1.829715996980667
mc,1.06,C12,C12M,1.829843374202028
uk,1.03,C10,C10L,1.830154161900282
dw,1.04,H01,H01S,1.830335192847997
aa,1.03,A63,A63B,1.830667725997046
ne,3.03,A01,A01M,1.830833371728659
xy,1.01,B01,B01J,1.830880868015811
pn,1.01,H04,H04H,1.831200572662055
za,3.02,A63,A63B,1.831262946128845
ur,1.01,G01,G01J,1.831301223952323
da,1.06,C08,C08K,1.831452150363475
bv,5.01,G06,G06N,1.83181341108866
iu,2.03,C11,C11C,1.832426306791604
un,1.03,B32,B32B,1.832464348524809
ry,2.03,C01,C01D,1.832828318700194
sa,3.03,B32,B32B,1.833134938031435
xw,3.03,H04,H04R,1.83333333581686
iu,2.03,A21,A21B,1.83333333581686
wu,5.04,A61,A61G,1.83333333581686
ad,4.02,C12,C12F,1.833333343267441
gy,5.02,E02,E02F,1.833333343267441
iy,1.06,C01,C01B,1.833333343267441
co,1.06,G08,G08C,1.833333343267441
js,6.04,E04,E04H,1.833333343267441
ew,1.02,B41,B41B,1.833333343267441
ro,1.07,B62,B62K,1.833333343267441
if,2.11,F02,F02F,1.833333343267441
uq,5.07,C11,C11D,1.833333343267441
dr,1.06,B60,B60C,1.833333343267441
om,5.05,G08,G08G,1.833333343267441
qg,2.05,D07,D07B,1.833333343267441
ua,6.03,B64,B64C,1.833333343267441
mu,4.01,B32,B32B,1.833333343267441
iy,1.06,H02,H02P,1.833333343267441
bp,6.04,F16,F16K,1.833333343267441
ev,1.02,B60,B60G,1.833333343267441
ot,6.02,A24,A24F,1.833333343267441
oz,6.02,B23,B23B,1.833333343267441
ma,3.02,F16,F16F,1.833333343267441
rt,3.02,F16,F16B,1.833333343267441
dq,9,D21,D21H,1.833333343267441
iy,1.06,H03,H03K,1.833333343267441
nu,5.08,C10,C10B,1.833333343267441
pa,6.02,H03,H03B,1.833333343267441
oz,6.02,G04,G04B,1.833333343267441
ve,3.02,E21,E21D,1.833333343267441
am,4.01,G08,G08G,1.833333343267441
ai,2.03,F01,F01L,1.833333343267441
oy,9,B60,B60H,1.833333343267441
ih,2.07,A47,A47L,1.833333343267441
pg,6.02,G06,G06N,1.833333343267441
dq,9,F16,F16B,1.833333343267441
xe,4.01,B22,B22C,1.833333343267441
si,1.05,H01,H01R,1.833333343267441
jy,4.05,F27,F27D,1.833333343267441
ew,1.02,B60,B60P,1.833333343267441
wu,5.04,B24,B24B,1.833333343267441
gy,5.02,B23,B23C,1.833333343267441
tu,3.01,A47,A47F,1.833333343267441
bq,6.05,G04,G04B,1.833333343267441
js,6.04,B64,B64D,1.833333343267441
mm,6.01,C02,C02F,1.833333343267441
bp,6.04,B65,B65G,1.833333343267441
or,5.09,H05,H05B,1.833333343267441
es,2.02,B41,B41B,1.833333343267441
om,5.05,E04,E04F,1.833333343267441
ut,6.02,C22,C22C,1.833333343267441
pc,5.02,G03,G03G,1.833333343267441
mm,6.01,G08,G08C,1.833333343267441
ve,3.02,F16,F16B,1.833333343267441
iq,2.02,B43,B43K,1.833333343267441
ne,3.03,E01,E01F,1.833333343267441
zm,1.06,B41,B41F,1.833333343267441
uy,1.04,D21,D21G,1.833333343267441
bq,6.05,F21,F21K,1.833333343267441
ex,1.02,F02,F02B,1.833333343267441
gy,5.02,F16,F16M,1.833333343267441
pn,1.01,F16,F16L,1.833333343267441
oe,5.06,B60,B60N,1.833333343267441
pn,1.01,B63,B63H,1.833333343267441
dt,2.03,D01,D01D,1.833333343267441
bk,6.04,F16,F16B,1.833333343267441
wc,3.03,B65,B65H,1.833333343267441
gu,1.06,B29,B29D,1.833333343267441
xa,5.04,B22,B22D,1.833333343267441
xa,5.04,E04,E04H,1.833333343267441
vx,5.01,F16,F16L,1.833333343267441
dw,1.04,B44,B44C,1.833333343267441
bp,6.04,E02,E02B,1.833333343267441
rz,3.03,B60,B60T,1.833333343267441
js,6.04,A43,A43B,1.833333343267441
tm,3.01,B63,B63B,1.833333343267441
ka,4.01,A62,A62D,1.833333343267441
pa,6.02,A01,A01C,1.833333343267441
pz,2.05,B41,B41F,1.833333343267441
cu,1.06,A47,A47C,1.833333343267441
ye,2.02,F02,F02P,1.833333343267441
zd,9,A62,A62C,1.833333343267441
oy,9,A47,A47L,1.833333343267441
ya,3.02,F16,F16F,1.833333343267441
pd,6.02,H01,H01L,1.833333343267441
tc,3.02,G03,G03G,1.833333343267441
ja,1.05,B66,B66C,1.833333343267441
jb,5.07,B64,B64C,1.833333343267441
am,4.01,F25,F25D,1.833333343267441
im,2.01,B23,B23Q,1.833333343267441
di,5.02,G01,G01D,1.833333343267441
ro,1.07,B26,B26B,1.833333343267441
ha,5.03,F16,F16L,1.833333343267441
fy,3.02,B42,B42D,1.833333343267441
fy,3.02,B22,B22C,1.833333343267441
mu,4.01,H04,H04W,1.833333343267441
mu,4.01,G11,G11B,1.833333343267441
tm,3.01,B41,B41J,1.833333343267441
ya,3.02,B33,B33Y,1.833333343267441
dy,1.04,C21,C21B,1.833333343267441
ai,2.03,H01,H01C,1.833333343267441
pz,2.05,H02,H02G,1.833333343267441
eq,3.01,B60,B60W,1.833333343267441
vy,3.02,C10,C10G,1.833333343267441
db,2.08,B41,B41F,1.833333343267441
pm,2.05,A47,A47K,1.833333343267441
et,1.02,C21,C21C,1.833333343267441
am,4.01,G03,G03F,1.833333343267441
pe,5.02,C03,C03B,1.833333343267441
yo,3.01,C09,C09C,1.833333343267441
ve,3.02,H02,H02H,1.833333343267441
ox,6.02,B01,B01D,1.833333343267441
oy,9,A24,A24F,1.833333343267441
ne,3.03,E05,E05F,1.833333343267441
uu,5.06,E03,E03F,1.833333343267441
su,3.02,G03,G03B,1.833333343267441
nu,5.08,B03,B03D,1.833333343267441
tu,3.01,F02,F02B,1.833333343267441
cq,1.06,F04,F04C,1.833333343267441
xw,3.03,E04,E04B,1.833333343267441
uf,1.03,C01,C01C,1.833333343267441
ve,3.02,H02,H02P,1.833333343267441
ua,6.03,D01,D01F,1.833333343267441
pn,1.01,B23,B23C,1.833333343267441
yy,5.07,C03,C03B,1.833333343267441
tu,3.01,G10,G10H,1.833333343267441
ve,3.02,C25,C25D,1.833333343267441
py,3.02,E05,E05B,1.833333343267441
pq,1.01,H01,H01H,1.833333343267441
bk,6.04,A63,A63B,1.833333343267441
yi,6.03,F02,F02D,1.833333343267441
dy,1.04,F23,F23G,1.833333350718021
ub,1.03,B44,B44F,1.833333350718021
ev,1.02,B23,B23H,1.833333350718021
rb,2.02,F16,F16L,1.833333356305957
ei,1.04,B22,B22C,1.833333356305957
ve,3.02,A47,A47K,1.833333358168602
ea,1.04,G10,G10K,1.833333358168602
dk,5.02,A61,A61G,1.833333358168602
xq,2.11,F25,F25D,1.833333358168602
pk,2.05,E05,E05B,1.833333358168602
km,1.06,G07,G07D,1.833333358168602
zr,1.05,C23,C23F,1.833333365619183
ev,1.02,F02,F02K,1.833333373069763
vi,5.01,G03,G03G,1.833333373069763
wu,5.04,F25,F25D,1.833333387970924
ha,5.03,A22,A22C,1.833333387970924
vx,5.01,B25,B25J,1.833476196974516
ye,2.02,A63,A63H,1.83376070484519
hq,1.04,H01,H01H,1.833937227725983
ye,2.02,G01,G01Q,1.834004928707145
aa,1.03,G21,G21B,1.834424789063632
qe,2.09,E21,E21B,1.835191855207086
ei,1.04,E02,E02D,1.83522729575634
ql,9,G06,G06N,1.835885838605464
cu,1.06,H02,H02K,1.836046516895294
ds,3.02,G11,G11B,1.836080588400364
ue,2.11,H03,H03B,1.836389867588878
iu,2.03,B02,B02C,1.836463876068592
ye,2.02,C08,C08J,1.836865523830056
ij,2.11,B82,B82Y,1.836994145065546
ka,4.01,G05,G05B,1.837068511173129
uy,1.04,C12,C12Y,1.837594721466303
le,1.05,C07,C07F,1.83782955724746
dt,2.03,G01,G01B,1.83801668358501
ha,5.03,G03,G03G,1.838095262646675
qf,9,F24,F24F,1.838157897815108
uk,1.03,B60,B60C,1.83915299247019
rz,3.03,A63,A63B,1.839285724330693
qq,1.05,C07,C07K,1.839357866439968
hb,5.03,C12,C12N,1.839789911406115
ai,2.03,C03,C03C,1.840336726047099
tu,3.01,G01,G01Q,1.840476198121905
up,1.03,G03,G03B,1.84065935574472
mm,6.01,A47,A47J,1.840909093618393
zd,9,G08,G08B,1.841173468157649
rz,3.03,C02,C02F,1.841241514310241
pz,2.05,B41,B41M,1.841374292969704
bu,1.03,A23,A23L,1.8415751112625
db,2.08,C12,C12J,1.841964315623045
nu,5.08,B25,B25J,1.842446521855891
pm,2.05,D04,D04C,1.842592600733042
js,6.04,A01,A01N,1.842631600797176
ot,6.02,B23,B23K,1.843253986909986
oy,9,B23,B23K,1.843253986909986
sy,1.03,H04,H04S,1.843526220414788
ns,2.01,B29,B29B,1.843589236028492
re,1.05,C12,C12P,1.84363006753847
ij,2.11,A47,A47C,1.843750009313226
um,3.01,G01,G01P,1.844017095863819
xy,1.01,G09,G09G,1.844078189693391
ma,3.02,H03,H03M,1.84408603142947
ma,3.02,F25,F25B,1.84408603142947
fi,1.04,B41,B41M,1.84444444719702
ig,2.06,B64,B64D,1.844444449990988
iq,2.02,F23,F23G,1.844444461166859
db,2.08,A23,A23P,1.844487389083952
tu,3.01,A01,A01G,1.844878753647208
sr,2.07,A61,A61K,1.845287481090054
co,1.06,C11,C11C,1.845342771383002
uy,1.04,A63,A63H,1.845833336934447
wc,3.03,C11,C11D,1.846408052369952
ja,1.05,F25,F25J,1.846560873091221
zk,9,B01,B01D,1.846666676923633
de,1.06,G11,G11C,1.847132328432053
tq,3.02,A47,A47J,1.847619101405144
qf,9,G09,G09F,1.848039225675166
ye,2.02,C12,C12Q,1.848351484513842
hl,3.03,C09,C09D,1.848459387198091
dy,1.04,B30,B30B,1.848484873771667
dt,2.03,F16,F16L,1.848656932357699
pm,2.05,F15,F15D,1.849202558398247
ip,2.07,G01,G01S,1.849206380546093
yy,5.07,B65,B65D,1.850000001490116
di,5.02,G01,G01M,1.850000001490116
wf,1.06,H03,H03M,1.850000008940697
ps,5.04,H04,H04N,1.850135005544871
zr,1.05,A23,A23K,1.850319078192115
cu,1.06,B22,B22F,1.850336024072021
oa,2.11,F28,F28D,1.850344329839572
er,1.02,B41,B41J,1.850432910956442
ta,1.06,C07,C07D,1.851172779104672
pm,2.05,B61,B61D,1.851190485060215
ep,1.02,C12,C12M,1.851201951038092
km,1.06,C25,C25D,1.851282056421041
ah,4.01,C10,C10M,1.851373650599271
er,1.02,H03,H03M,1.851626342628151
ix,2.07,E21,E21D,1.851641422137618
ha,5.03,C12,C12Q,1.852359456010163
uf,1.03,D01,D01D,1.852584959473461
ma,3.02,A23,A23K,1.852612044196576
zc,4.03,B01,B01D,1.852635990828276
ad,4.02,H04,H04B,1.852688173530623
zq,2.07,C11,C11D,1.852777805179358
yr,2.01,H03,H03D,1.852881714701653
wq,5.01,C07,C07D,1.852934210095555
yr,2.01,H02,H02H,1.853174645453691
pn,1.01,G10,G10H,1.853466212749481
yo,3.01,A23,A23B,1.853492605499923
pc,5.02,G01,G01V,1.853557085618377
km,1.06,G09,G09B,1.85412106406875
ja,1.05,D03,D03D,1.854166677221656
wm,5.04,D21,D21H,1.854166679084301
ye,2.02,B30,B30B,1.854978367686272
km,1.06,H03,H03F,1.855072474107146
dx,3.01,B01,B01F,1.85530809359625
op,3.03,C09,C09K,1.855727581307292
qh,2.05,B27,B27N,1.855845274403691
pq,1.01,C07,C07H,1.856262121815234
ex,1.02,A01,A01N,1.85646730219014
zq,2.07,B09,B09B,1.856481492519379
oz,6.02,G01,G01B,1.856666669249535
hi,5.01,A01,A01N,1.856944471597672
da,1.06,D01,D01D,1.857060479465872
pj,2.05,B27,B27G,1.857142873108387
id,2.07,F24,F24T,1.857142902910709
pm,2.05,C23,C23D,1.857142902910709
ij,2.11,A63,A63H,1.857738099060953
ah,4.01,A01,A01D,1.857954561710358
ad,4.02,C09,C09D,1.858333335258067
dx,3.01,H02,H02J,1.858333358541131
yr,2.01,G01,G01L,1.858418852090836
di,5.02,C23,C23C,1.858496738597751
su,3.02,G03,G03F,1.858775276923552
ye,2.02,G02,G02C,1.858948447741568
ex,1.02,C09,C09K,1.859196195960976
mc,1.06,G01,G01V,1.85983581864275
dw,1.04,E04,E04H,1.860119050368667
km,1.06,B60,B60L,1.860439570620656
jb,5.07,H04,H04R,1.860606065019965
ma,3.02,G01,G01B,1.860904335975647
dm,3.02,B08,B08B,1.861111111938953
ex,1.02,B60,B60J,1.861111111938953
ja,1.05,B63,B63J,1.861111111938953
ot,6.02,F03,F03D,1.861111111938953
yq,5.07,B32,B32B,1.861111111938953
ha,5.03,C01,C01B,1.861111117526889
ii,2.04,A22,A22C,1.861111121252179
ip,2.07,G01,G01P,1.861111134290695
pk,2.05,B30,B30B,1.861111134290695
ac,2.02,F41,F41A,1.861111138015985
jb,5.07,C07,C07D,1.862871628720313
sr,2.07,C12,C12Q,1.863569248700514
ne,3.03,F02,F02K,1.863636374473572
po,1.01,H01,H01J,1.863883279263973
ex,1.02,B60,B60C,1.86388892121613
ij,2.11,B22,B22C,1.863888926804066
we,3.02,F16,F16K,1.864285726100206
ee,1.04,C12,C12C,1.8642857670784
hq,1.04,C03,C03B,1.864311480429024
my,5.01,C12,C12N,1.864532081293873
hq,1.04,H04,H04Q,1.864722256548703
ph,6.02,H04,H04N,1.864880960434675
ev,1.02,H01,H01G,1.864880971610546
eq,3.01,G10,G10L,1.86490685120225
dy,1.04,H04,H04J,1.865276268683374
fs,6.04,G11,G11C,1.865512289106846
pz,2.05,D21,D21C,1.865625016391277
nq,5.01,G09,G09G,1.865711584687233
pz,2.05,G10,G10K,1.866666674613953
zr,1.05,F21,F21V,1.866666674613953
ma,3.02,B60,B60K,1.866666674613953
ro,1.07,D03,D03D,1.866666674613953
um,3.01,H04,H04M,1.866666674613953
vy,3.02,B60,B60W,1.866666678339243
rp,6.04,F16,F16C,1.866666689515114
dt,2.03,A63,A63F,1.866666693240404
pc,5.02,B23,B23K,1.866666693240404
fa,2.01,C09,C09D,1.867063505575061
cq,1.06,F42,F42B,1.867592599242926
gu,1.06,B09,B09C,1.867753534577787
js,6.04,G10,G10H,1.867816101759672
pk,2.05,F16,F16F,1.867857171222568
po,1.01,C23,C23C,1.867929318919778
pn,1.01,B60,B60L,1.868055563420057
bv,5.01,H04,H04M,1.868357511237264
py,3.02,C01,C01F,1.868627461604774
ro,1.07,C05,C05D,1.868750005960464
ui,1.03,A24,A24B,1.868899941444397
er,1.02,G04,G04G,1.86904763802886
ii,2.04,B44,B44D,1.869047647342086
ry,2.03,G01,G01H,1.869514477439225
zd,9,G05,G05B,1.869618767406791
bu,1.03,A61,A61Q,1.869877364486456
pm,2.05,B09,B09C,1.869928527623415
ka,4.01,G02,G02F,1.870370380580425
ep,1.02,E04,E04C,1.870370380580425
zc,4.03,G10,G10L,1.870370380580425
qj,2.05,C01,C01B,1.870673541910946
ih,2.07,H04,H04R,1.871031761169434
xq,2.11,D01,D01F,1.87121862010099
ba,3.02,A61,A61C,1.871351620648056
ij,2.11,F16,F16C,1.871666701510549
dx,3.01,A23,A23C,1.871759630739689
ha,5.03,B60,B60L,1.871794883161783
dy,1.04,A44,A44C,1.871794883161783
iq,2.02,F22,F22G,1.87187500204891
bq,6.05,G07,G07C,1.872023820877075
iu,2.03,H04,H04S,1.872222241014242
ac,2.02,B60,B60N,1.872261922806501
ns,2.01,F16,F16F,1.872463068924844
pu,2.03,D06,D06M,1.872548263520002
dm,3.02,D01,D01F,1.873015884310007
aa,1.03,C11,C11D,1.873333342373371
ra,2.11,G09,G09B,1.873359982157126
qu,1.06,F04,F04B,1.873397437855601
pc,5.02,G01,G01B,1.873682828620076
ru,3.01,E04,E04H,1.875
xa,5.04,C25,C25D,1.875
ig,2.06,D06,D06F,1.875
up,1.03,C25,C25D,1.875
bu,1.03,G09,G09B,1.875
ve,3.02,F16,F16L,1.875
bu,1.03,B32,B32B,1.875
ru,3.01,B63,B63C,1.875
ve,3.02,F02,F02B,1.875
ei,1.04,B60,B60W,1.875000011175871
pa,6.02,C30,C30B,1.875000011175871
ix,2.07,G01,G01M,1.875000014901161
om,5.05,D21,D21H,1.875000014901161
ve,3.02,H01,H01G,1.875000014901161
wu,5.04,H03,H03H,1.875000014901161
lq,3.03,G06,G06T,1.8752495450899
pe,5.02,G08,G08B,1.875432469882071
pz,2.05,B29,B29D,1.875624468550086
ry,2.03,A23,A23L,1.875952578149736
le,1.05,C12,C12Q,1.876159744337201
ep,1.02,F16,F16D,1.876388899981976
ev,1.02,G21,G21K,1.876619644230232
ja,1.05,F01,F01K,1.876785770058632
tc,3.02,H01,H01L,1.877043975051492
xa,5.04,A61,A61N,1.877591352909803
ht,1.06,C07,C07H,1.878385769436136
nn,3.03,A23,A23K,1.878697043750435
oy,9,G08,G08B,1.879032259806991
if,2.11,C25,C25C,1.879166673868895
cl,9,H02,H02N,1.879551632329822
up,1.03,C07,C07D,1.880043794866651
ua,6.03,C10,C10G,1.880398681387305
ah,4.01,C08,C08F,1.880411659367383
co,1.06,G09,G09F,1.880509949987754
zq,2.07,A23,A23L,1.880952402949333
km,1.06,A01,A01G,1.880979632027447
ee,1.04,G05,G05B,1.88102968223393
uf,1.03,C07,C07C,1.88117558369413
oy,9,H03,H03H,1.881250001490116
pu,2.03,A24,A24B,1.881411500275135
sa,3.03,C10,C10M,1.88148264028132
qq,1.05,H04,H04R,1.881519278511405
iu,2.03,E02,E02D,1.881881322711706
ye,2.02,H05,H05H,1.881947537884116
ig,2.06,A46,A46B,1.882222236134112
pc,5.02,B01,B01J,1.882616576738656
ba,3.02,C07,C07H,1.882627631537616
hl,3.03,C12,C12Q,1.8827711683698
hq,1.04,A63,A63F,1.883267211262137
id,2.07,H03,H03G,1.883333336561918
ei,1.04,A43,A43B,1.883333344012499
mq,6.01,B29,B29C,1.883333344012499
ew,1.02,B65,B65B,1.883333344012499
ik,2.11,B28,B28B,1.883333370089531
we,3.02,C08,C08F,1.883442224003375
dt,2.03,G06,G06T,1.883632815908641
pm,2.05,A47,A47G,1.883755400311202
ex,1.02,A47,A47C,1.884106675162911
et,1.02,B64,B64C,1.88412700779736
po,1.01,G01,G01M,1.884359575808048
co,1.06,H02,H02K,1.884733109967783
si,1.05,G01,G01J,1.88476436631754
za,3.02,C12,C12P,1.88516880501993
xy,1.01,B29,B29C,1.885185213759542
iu,2.03,F27,F27B,1.885218278504908
wh,3.02,A61,A61Q,1.885219808667898
cq,1.06,C23,C23F,1.885317489504814
pn,1.01,G01,G01G,1.885416689328849
zk,9,A61,A61F,1.885714288800955
hf,6.03,B01,B01D,1.88571429438889
aq,3.02,G16,G16H,1.885714296717197
uf,1.03,C10,C10M,1.885714298114181
qe,2.09,G03,G03G,1.885897440835834
qa,3.01,H05,H05K,1.885964922606945
ee,1.04,G01,G01J,1.886463204515167
hl,3.03,C07,C07C,1.886789437616244
cq,1.06,G08,G08B,1.887460192665458
oa,2.11,B26,B26B,1.887500002980232
qf,9,E04,E04B,1.887896832078695
vj,5.01,G03,G03G,1.888888899236917
qu,1.06,F28,F28F,1.888888899236917
yo,3.01,B65,B65D,1.888888899236917
de,1.06,H05,H05K,1.888888899236917
yo,3.01,B65,B65H,1.888888899236917
wq,5.01,H04,H04B,1.888888914138079
rz,3.03,C11,C11D,1.88904847111553
zd,9,B65,B65D,1.889285716228187
pn,1.01,H01,H01G,1.889321800321341
ha,5.03,C12,C12P,1.889644153881818
ur,1.01,B29,B29C,1.889852889813483
pn,1.01,F15,F15B,1.890000015497208
dr,1.06,A01,A01C,1.890316027216613
ev,1.02,B60,B60K,1.891441909596324
da,1.06,G21,G21K,1.891661681700498
er,1.02,B66,B66F,1.891666680574417
dm,3.02,H01,H01Q,1.891898246482015
ry,2.03,F27,F27D,1.89215687289834
ea,1.04,G08,G08C,1.892307719215751
ve,3.02,G01,G01V,1.892361115664244
zq,2.07,C10,C10G,1.892518731765449
ew,1.02,B22,B22F,1.892585789784789
ue,2.11,F41,F41H,1.892658773809671
bk,6.04,H01,H01B,1.892857149243355
bq,6.05,F42,F42B,1.892857149243355
qq,1.05,G01,G01L,1.89285715483129
de,1.06,H04,H04B,1.892857156693935
ev,1.02,H01,H01H,1.892857164144516
nn,3.03,G09,G09G,1.892857164144516
un,1.03,C02,C02F,1.892910433001816
ah,4.01,C11,C11D,1.892978149699047
vj,5.01,G08,G08B,1.894102568738163
zr,1.05,G09,G09B,1.89416341483593
dt,2.03,C01,C01G,1.894256865140051
pa,6.02,C12,C12P,1.894318289589137
qg,2.05,E04,E04D,1.894444458186626
ei,1.04,E04,E04C,1.894444461911917
wy,5.04,A61,A61B,1.89505516923964
ry,2.03,H04,H04M,1.895108700729907
ij,2.11,D01,D01F,1.895600421354175
dw,1.04,H01,H01Q,1.89580508787185
or,5.09,H03,H03K,1.895833358168602
ex,1.02,F03,F03D,1.895833378657699
ex,1.02,B65,B65D,1.895833380520344
ub,1.03,H04,H04K,1.895881921984255
po,1.01,A61,A61F,1.895995919592679
ou,1.06,A01,A01G,1.896001721732318
yp,3.02,G02,G02B,1.896160017699003
ut,6.02,A01,A01K,1.896188169252127
ik,2.11,F04,F04B,1.896291137207299
fs,6.04,H01,H01M,1.896405398845673
pn,1.01,H01,H01H,1.896759276278317
pa,6.02,A23,A23G,1.897142866626382
ia,3.02,C22,C22C,1.897163128480315
oe,5.06,H01,H01J,1.89786970987916
pc,5.02,C09,C09D,1.897979822941124
ei,1.04,B64,B64D,1.898448808118701
iu,2.03,G04,G04B,1.898809544742107
td,3.02,C08,C08J,1.899859738070518
xa,5.04,H04,H04J,1.900000002235174
jy,4.05,F16,F16C,1.900000005960464
pa,6.02,F16,F16F,1.900000013411045
ha,5.03,B60,B60N,1.900000013411045
om,5.05,G05,G05F,1.900000013411045
nq,5.01,B41,B41J,1.900000013411045
id,2.07,B21,B21B,1.900000020861626
my,5.01,C23,C23C,1.900000020861626
py,3.02,G01,G01M,1.900000035762787
hl,3.03,G10,G10L,1.900013918057084
ex,1.02,A63,A63H,1.900274768471718
im,2.01,A61,A61N,1.900609577307478
sa,3.03,C12,C12G,1.900673436000943
il,2.07,G08,G08B,1.901190504431725
qa,3.01,F21,F21V,1.901923658791929
aq,3.02,G06,G06Q,1.901987662538886
uy,1.04,E02,E02B,1.902380961924791
pn,1.01,B64,B64G,1.902380961924791
cu,1.06,A61,A61H,1.902526886202395
if,2.11,A01,A01B,1.902777779847383
mr,6.01,G07,G07F,1.902777783572674
yr,2.01,C10,C10L,1.902777784503996
dt,2.03,F01,F01P,1.902777798473835
ye,2.02,B60,B60G,1.902777802199125
dk,5.02,C12,C12Q,1.903072027489543
et,1.02,H03,H03C,1.904503622557968
tq,3.02,E21,E21B,1.904589381068945
ex,1.02,F23,F23N,1.9047009088099
ju,4.01,C08,C08B,1.904761909507215
en,9,A63,A63F,1.904761917889118
pn,1.01,C10,C10G,1.904761917889118
js,6.04,G01,G01C,1.904761917889118
pa,6.02,B05,B05B,1.904761917889118
zd,9,A47,A47J,1.904761917889118
uf,1.03,G21,G21C,1.904761917889118
ua,6.03,H03,H03M,1.904761929064989
pt,3.03,G01,G01D,1.904807453043759
dy,1.04,E01,E01C,1.905303031206131
db,2.08,B60,B60W,1.905555548146367
re,1.05,A01,A01N,1.906585765071213
uh,1.03,B81,B81C,1.906905564945191
rb,2.02,F42,F42B,1.90740741789341
ev,1.02,B64,B64G,1.90784833393991
iu,2.03,A47,A47L,1.90785675495863
ru,3.01,D06,D06M,1.908333346247673
py,3.02,A47,A47D,1.908333376049995
zr,1.05,G05,G05D,1.908333379775286
ky,1.05,C04,C04B,1.908627893775702
rt,3.02,G09,G09F,1.908730175346136
fe,5.05,H03,H03K,1.908958012238145
pi,1.06,B32,B32B,1.909090921282768
bv,5.01,A61,A61N,1.909238568274304
bd,1.06,C07,C07D,1.9093824964948
ex,1.02,H01,H01P,1.909383020363748
ua,6.03,C25,C25D,1.909482758492231
yq,5.07,G06,G06N,1.909717097412795
qa,3.01,C01,C01B,1.909742017742246
mq,6.01,H03,H03K,1.90991785004735
fs,6.04,A61,A61Q,1.910256452858448
io,2.07,H02,H02M,1.910661777481437
iq,2.02,A63,A63C,1.911111131310463
ot,6.02,A01,A01N,1.912091176956892
uh,1.03,F23,F23C,1.912202410399914
if,2.11,H01,H01T,1.912289576604962
wu,5.04,G10,G10H,1.912500003352761
db,2.08,G05,G05D,1.912628101184964
gc,1.05,C22,C22C,1.912656659260392
ea,1.04,F17,F17D,1.913095258176327
za,3.02,C08,C08J,1.913349197246134
dq,9,B05,B05B,1.913418041076511
re,1.05,B03,B03C,1.913636408746243
dw,1.04,G01,G01B,1.913653689436615
uk,1.03,C12,C12P,1.913772473344579
ik,2.11,F02,F02D,1.913888901472092
eq,3.01,A61,A61Q,1.914122451096773
ja,1.05,A23,A23F,1.914215714205056
ae,4.05,A23,A23C,1.914285741746426
mc,1.06,G01,G01B,1.914468599017709
bf,5.04,B29,B29C,1.91448413208127
wm,5.04,C08,C08L,1.914583336561918
ur,1.01,F03,F03D,1.914583344012499
ig,2.06,C03,C03B,1.914894860237837
vi,5.01,G02,G02B,1.91494736704044
qu,1.06,G03,G03F,1.915388023480773
un,1.03,B29,B29C,1.916318736039102
qu,1.06,C22,C22C,1.91666667163372
mm,6.01,A23,A23B,1.91666667163372
wu,5.04,B64,B64G,1.91666667163372
jb,5.07,B67,B67D,1.91666667163372
mm,6.01,A23,A23C,1.91666667163372
im,2.01,F16,F16H,1.91666667163372
wm,5.04,F21,F21V,1.91666667163372
oy,9,F25,F25B,1.91666667163372
kv,1.05,G11,G11B,1.91666667163372
ot,6.02,A61,A61G,1.91666667163372
ij,2.11,F04,F04D,1.91666667163372
eq,3.01,H02,H02M,1.91666667163372
de,1.06,H02,H02M,1.91666667163372
tu,3.01,B64,B64D,1.91666667163372
ja,1.05,E04,E04D,1.91666667163372
pn,1.01,F21,F21V,1.91666667163372
eu,2.02,G01,G01J,1.916666675359011
qc,6.02,B29,B29C,1.916666679084301
xa,5.04,C08,C08F,1.916666679084301
iy,1.06,C04,C04B,1.916666679084301
le,1.05,F16,F16L,1.916666679084301
id,2.07,F16,F16F,1.916666679084301
ja,1.05,F01,F01M,1.916666679084301
ni,3.01,H02,H02J,1.916666686534882
ij,2.11,C05,C05F,1.916666686534882
pm,2.05,B25,B25B,1.916666686534882
xw,3.03,C02,C02F,1.916666686534882
mq,6.01,H05,H05K,1.916666686534882
dy,1.04,F22,F22B,1.916666686534882
ah,4.01,G01,G01M,1.916666686534882
zm,1.06,E01,E01C,1.916666686534882
gm,3.03,G07,G07F,1.916666686534882
ox,6.02,B32,B32B,1.916666686534882
es,2.02,B25,B25B,1.916666686534882
ga,3.02,G03,G03G,1.916666686534882
xa,5.04,H04,H04R,1.916666693985462
ac,2.02,B26,B26D,1.916666701436043
ex,1.02,B25,B25B,1.916666701436043
et,1.02,A47,A47G,1.916666701436043
pm,2.05,B27,B27M,1.916666708886623
tq,3.02,F16,F16H,1.916666716337204
su,3.02,H01,H01J,1.917109983041883
hq,1.04,F28,F28D,1.917289828881621
qu,1.06,G16,G16H,1.91730996244587
zr,1.05,G01,G01J,1.917423060163856
ku,5.07,E21,E21B,1.917460326105356
pk,2.05,B21,B21D,1.917497042100877
hy,1.06,C04,C04B,1.917700421996415
mu,4.01,B01,B01L,1.918296521063894
pu,2.03,B60,B60W,1.918560616672039
im,2.01,A01,A01H,1.918934245361015
ep,1.02,H03,H03D,1.919199160067365
uk,1.03,A61,A61C,1.919393513351679
ae,4.05,C12,C12R,1.919468958862126
ru,3.01,C07,C07B,1.920298259705305
xy,1.01,H03,H03H,1.920416789595038
ep,1.02,B23,B23P,1.92066886741668
pz,2.05,B26,B26B,1.920731712132692
uf,1.03,G01,G01T,1.920813212171197
cq,1.06,C07,C07G,1.920913884881884
ue,2.11,A61,A61M,1.92094024643302
pn,1.01,H01,H01S,1.92105591436848
qf,9,A61,A61N,1.921115860808641
ru,3.01,F15,F15B,1.921286245808005
ig,2.06,G03,G03C,1.921428576111794
dy,1.04,B25,B25J,1.921718028141186
pn,1.01,B60,B60R,1.921969724819064
vx,5.01,H05,H05K,1.922222226858139
ei,1.04,F23,F23N,1.922222226858139
pm,2.05,E02,E02D,1.922348491847515
db,2.08,H03,H03F,1.922511777840555
rt,3.02,C09,C09C,1.922619048506022
uh,1.03,F25,F25B,1.922619059681892
qh,2.05,D03,D03D,1.922916688024998
dw,1.04,C10,C10B,1.923057151492685
za,3.02,H01,H01Q,1.92340687289834
ip,2.07,A61,A61B,1.924139532260597
im,2.01,B01,B01F,1.924240510445088
ro,1.07,B21,B21C,1.924242436885834
js,6.04,G02,G02F,1.924242436885834
ev,1.02,G03,G03G,1.924621257930994
co,1.06,G21,G21F,1.924837809987366
cu,1.06,G01,G01K,1.924971710890532
kv,1.05,G05,G05D,1.925000000745058
cq,1.06,B24,B24B,1.925000006332994
uf,1.03,G10,G10L,1.925000008195639
sr,2.07,A63,A63F,1.925038774497807
vi,5.01,A47,A47C,1.925619516521692
gy,5.02,B25,B25J,1.925651317462325
id,2.07,A62,A62C,1.925833337008953
ec,1.04,C12,C12R,1.926274046301842
za,3.02,C25,C25D,1.926470593549311
xq,2.11,F04,F04B,1.926479086279869
rb,2.02,G01,G01J,1.926585325971246
pq,1.01,C09,C09B,1.926870753057301
di,5.02,H05,H05B,1.927556399255991
ru,3.01,A43,A43B,1.927655731211416
dq,9,C09,C09J,1.927746593952179
qa,3.01,A23,A23D,1.928326470777392
ne,3.03,A23,A23K,1.928496189881116
jw,6.02,C12,C12N,1.92865978134796
im,2.01,C08,C08B,1.928795190528035
cq,1.06,F26,F26B,1.928806131705642
xw,3.03,B60,B60K,1.928985513746738
qg,2.05,H02,H02K,1.929108312819153
um,3.01,C23,C23C,1.929166674613953
qa,3.01,G09,G09B,1.930013351375237
za,3.02,B32,B32B,1.930180185474455
ai,2.03,A01,A01D,1.930303044617176
tm,3.01,C12,C12R,1.930385205429047
hb,5.03,C12,C12Q,1.93083643913269
jy,4.05,G03,G03F,1.930940688587725
ij,2.11,G09,G09F,1.930952400900424
ky,1.05,H04,H04N,1.931030902080238
oe,5.06,G08,G08G,1.931372554041445
qq,1.05,G05,G05D,1.931619242765009
qj,2.05,C10,C10G,1.931643294170499
qa,3.01,G11,G11C,1.931647209450603
bv,5.01,C08,C08G,1.932539716362953
iy,1.06,C08,C08G,1.932575763203204
qa,3.01,B03,B03C,1.932758608367294
pn,1.01,C02,C02F,1.932834998704493
ew,1.02,F16,F16F,1.932905990630388
dr,1.06,C01,C01B,1.933310272637755
ff,3.02,G01,G01R,1.933333344757557
rp,6.04,G01,G01J,1.933333344757557
pz,2.05,G08,G08G,1.933333344757557
ij,2.11,B60,B60N,1.933333370834589
pm,2.05,F41,F41C,1.933333374559879
im,2.01,E03,E03B,1.93333338201046
ew,1.02,F16,F16K,1.933475173078477
ij,2.11,C25,C25B,1.933916088193655
oy,9,C10,C10M,1.934210531413555
oa,2.11,E06,E06B,1.934313728474081
ha,5.03,F41,F41A,1.934523835778236
ue,2.11,B06,B06B,1.934571439400315
ut,6.02,C07,C07K,1.935194645775482
dr,1.06,D01,D01F,1.935238608624786
rt,3.02,G02,G02F,1.935328210238367
ei,1.04,F25,F25J,1.935714316554368
we,3.02,A61,A61Q,1.935791599098593
ve,3.02,C09,C09K,1.935838669538498
hb,5.03,C08,C08F,1.936078928876668
ij,2.11,G10,G10K,1.93615227099508
io,2.07,H04,H04W,1.936507330741733
pe,5.02,C09,C09K,1.936507947742939
ea,1.04,D06,D06P,1.936507977545261
iq,2.02,E02,E02D,1.9375
wm,5.04,B60,B60W,1.9375
if,2.11,F23,F23J,1.937500018626451
db,2.08,H03,H03G,1.937575770542026
nn,3.03,C10,C10G,1.938095264136791
yo,3.01,H05,H05B,1.938095265999436
pm,2.05,F02,F02B,1.93814486451447
ei,1.04,F17,F17D,1.938492121174932
um,3.01,B01,B01J,1.938544572331011
ep,1.02,F16,F16P,1.938725507818162
pd,6.02,G05,G05B,1.938961055129766
ne,3.03,C25,C25B,1.939086709171534
ff,3.02,A61,A61G,1.939393945038319
ur,1.01,B60,B60W,1.939393945038319
et,1.02,B60,B60Q,1.939494214951992
sy,1.03,B23,B23H,1.940116559155285
ia,3.02,C07,C07B,1.940262126736343
cl,9,H01,H01Q,1.940476195886731
ec,1.04,D21,D21H,1.940507152117789
un,1.03,C07,C07D,1.940839665010571
dw,1.04,G05,G05D,1.940972235053778
ns,2.01,B02,B02C,1.941269876435399
zm,1.06,C05,C05F,1.941666670143604
ns,2.01,E06,E06B,1.941666709259152
qu,1.06,B65,B65B,1.941993126645684
ep,1.02,B22,B22D,1.942226929590106
jy,4.05,H01,H01G,1.942460322752595
ma,3.02,G03,G03F,1.942712232470512
mm,6.01,G01,G01V,1.942857149988413
fi,1.04,A23,A23L,1.943121716380119
if,2.11,C07,C07H,1.943139340612106
gc,1.05,G05,G05D,1.9438267769292
if,2.11,C06,C06B,1.943915993440896
pe,5.02,C11,C11D,1.944444447755814
qc,6.02,G06,G06K,1.944444449618459
ew,1.02,B44,B44F,1.944444455206394
tq,3.02,B64,B64C,1.944444455206394
zr,1.05,H04,H04M,1.944444455206394
pn,1.01,F24,F24F,1.944444455206394
co,1.06,F01,F01N,1.944444470107555
dw,1.04,F03,F03D,1.944444470107555
ay,3.01,H01,H01J,1.944531906396151
ep,1.02,A45,A45D,1.944969499483705
fy,3.02,A23,A23C,1.945095231756568
le,1.05,C22,C22C,1.945697590708733
sy,1.03,G08,G08C,1.945844086352736
xq,2.11,D21,D21H,1.945970706176013
hq,1.04,F17,F17D,1.946428604424
iy,1.06,H01,H01J,1.946493527386338
yr,2.01,F02,F02M,1.946660435758531
ei,1.04,E01,E01C,1.946969710290432
oa,2.11,F15,F15D,1.947012428659946
pd,6.02,G06,G06Q,1.947145845741034
ma,3.02,G09,G09B,1.947766056284308
si,1.05,G06,G06N,1.947864529211074
co,1.06,A61,A61C,1.948836949188262
ii,2.04,A61,A61G,1.948924750089645
mm,6.01,G06,G06N,1.948958352208138
ua,6.03,C08,C08B,1.949206354096532
di,5.02,C12,C12N,1.949325309833512
ih,2.07,C07,C07F,1.949881017208099
pa,6.02,B21,B21D,1.950000002980232
db,2.08,B22,B22D,1.950000002980232
ew,1.02,D06,D06F,1.950000002980232
mw,5.09,H04,H04M,1.950000002980232
nu,5.08,C23,C23G,1.950000002980232
js,6.04,A21,A21D,1.950000002980232
ku,5.07,B29,B29C,1.950000002980232
ew,1.02,B23,B23B,1.950000002980232
xy,1.01,H05,H05B,1.950000002980232
ik,2.11,D21,D21F,1.950000010430813
dy,1.04,A01,A01C,1.950199037790298
zd,9,C09,C09D,1.950792538467795
es,2.02,H01,H01C,1.951095089782029
cq,1.06,A46,A46B,1.951388899236917
ue,2.11,H04,H04K,1.95151424407959
yq,5.07,G01,G01R,1.951587347313762
rt,3.02,F04,F04D,1.952020213007927
bi,6.01,A01,A01N,1.95238096639514
mq,6.01,G09,G09B,1.95238097384572
db,2.08,E04,E04H,1.952380981296301
py,3.02,A23,A23F,1.953395314514637
ti,9,A01,A01M,1.953685220330954
km,1.06,C10,C10L,1.953813586849719
yu,3.03,C07,C07C,1.953818475827575
ew,1.02,D05,D05B,1.953888904768974
ev,1.02,H01,H01B,1.954440717119724
pw,2.06,A61,A61G,1.954480309039354
ba,3.02,G06,G06N,1.954506430774927
dt,2.03,C12,C12N,1.954645775957033
dq,9,G01,G01F,1.955555561929941
le,1.05,A01,A01H,1.955619844142348
wm,5.04,A01,A01H,1.956278732977808
he,5.03,G01,G01N,1.956383127719164
pz,2.05,B03,B03B,1.956521751359105
ya,3.02,G01,G01C,1.95697603514418
wu,5.04,G08,G08G,1.957013599574566
iu,2.03,G10,G10H,1.957051300443709
id,2.07,E04,E04D,1.957142878323793
lj,3.02,H05,H05B,1.957575783133507
td,3.02,C07,C07C,1.957698901183903
rt,3.02,B01,B01F,1.957735056988895
ra,2.11,C30,C30B,1.957858218345791
ns,2.01,B60,B60C,1.957903022645041
iu,2.03,C07,C07H,1.958226424409077
rz,3.03,A01,A01N,1.958268693415448
ew,1.02,A47,A47J,1.95833333954215
ye,2.02,H02,H02B,1.95833333954215
gy,5.02,B60,B60K,1.958333343267441
le,1.05,B41,B41M,1.958333343267441
jb,5.07,H04,H04Q,1.958333343267441
ih,2.07,H02,H02K,1.958333343267441
pa,6.02,H04,H04J,1.958333343267441
lj,3.02,G11,G11C,1.958333343267441
qh,2.05,B28,B28B,1.958333343267441
if,2.11,F16,F16J,1.958333343267441
ew,1.02,A43,A43D,1.958333343267441
op,3.03,H04,H04W,1.958333343267441
ru,3.01,C22,C22C,1.958333343267441
uu,5.06,H04,H04H,1.958333343267441
es,2.02,F21,F21S,1.958333343267441
zm,1.06,A01,A01C,1.958333343267441
pz,2.05,E02,E02F,1.958333358168602
oz,6.02,F04,F04D,1.958333358168602
ni,3.01,B60,B60K,1.958333358168602
td,3.02,A61,A61J,1.958432551473379
rz,3.03,H03,H03M,1.95952382683754
qq,1.05,C10,C10L,1.959581322968006
iq,2.02,B66,B66D,1.95959597080946
yi,6.03,B25,B25J,1.960144933313131
bq,6.05,H01,H01F,1.960144933313131
uq,5.07,H04,H04M,1.960144940763712
db,2.08,B22,B22F,1.96054139174521
ta,1.06,A61,A61B,1.960640259087086
co,1.06,D21,D21H,1.960839188657701
de,1.06,G01,G01F,1.9609375
za,3.02,B64,B64D,1.96111111342907
sy,1.03,G04,G04G,1.961111128330231
oa,2.11,B29,B29B,1.961402126587927
yr,2.01,G01,G01B,1.961504965089262
po,1.01,H04,H04R,1.961640240624547
cq,1.06,B60,B60L,1.961843725293875
mm,6.01,H01,H01F,1.962121225893497
co,1.06,B09,B09C,1.962198533117771
ro,1.07,B05,B05C,1.962301604449749
qq,1.05,C23,C23C,1.962409839034081
gy,5.02,H01,H01C,1.962454229593277
ig,2.06,F16,F16L,1.962500013411045
fs,6.04,H03,H03K,1.963037335313857
rz,3.03,B29,B29C,1.963131324388087
io,2.07,C02,C02F,1.963888895697892
ye,2.02,A61,A61Q,1.963894415646791
nn,3.03,H04,H04Q,1.964444454759359
ur,1.01,C23,C23C,1.964553043711931
ma,3.02,B32,B32B,1.964586351066828
xa,5.04,G03,G03F,1.965000002644956
aa,1.03,B05,B05B,1.965151518583298
gc,1.05,B03,B03D,1.965909093618393
ad,4.02,C08,C08L,1.966539373621345
ku,5.07,G11,G11B,1.966666677966714
pu,2.03,B26,B26F,1.966666679829359
su,3.02,C08,C08K,1.966666683554649
lq,3.03,G03,G03G,1.96666669100523
oa,2.11,B23,B23B,1.966883143410087
cq,1.06,B42,B42D,1.967037048190832
pu,2.03,E04,E04H,1.967063523828983
qf,9,G06,G06N,1.967445075046271
iq,2.02,B61,B61B,1.967948732897639
rb,2.02,G11,G11C,1.967989422380924
ni,3.01,C09,C09J,1.968069448135793
et,1.02,G01,G01H,1.968119672732428
ky,1.05,H04,H04L,1.968263077549636
iq,2.02,C23,C23G,1.968380659352988
le,1.05,E01,E01C,1.968498194590211
qj,2.05,C07,C07H,1.968595612794161
ja,1.05,H01,H01F,1.968620511703193
ue,2.11,A01,A01K,1.968746307305992
ev,1.02,G10,G10G,1.968939419835806
qg,2.05,B44,B44C,1.969047632068396
yg,6.04,A23,A23G,1.969047643244267
mc,1.06,C40,C40B,1.969226145447465
es,2.02,G21,G21D,1.969742083922029
ui,1.03,B23,B23H,1.969767462462187
ui,1.03,H02,H02H,1.970202025026083
ja,1.05,H04,H04R,1.970238123089075
dx,3.01,A24,A24B,1.970330206677318
qe,2.09,A61,A61J,1.970634946599603
pm,2.05,B63,B63B,1.970696001313627
pz,2.05,H03,H03M,1.970878095366061
ex,1.02,B60,B60Q,1.970919758314267
ex,1.02,A61,A61G,1.971726233139634
ip,2.07,G01,G01B,1.972222223877907
ja,1.05,B42,B42D,1.972222242504358
ew,1.02,B60,B60G,1.972222246229649
ns,2.01,B64,B64D,1.972222248092294
ew,1.02,C22,C22C,1.972619064152241
co,1.06,B04,B04B,1.972884433344007
cl,9,G06,G06N,1.972914526239038
yr,2.01,C23,C23C,1.973703725263476
bp,6.04,G01,G01F,1.975000001490116
dt,2.03,H01,H01R,1.975000001490116
dt,2.03,H02,H02G,1.975000012665987
yi,6.03,G01,G01S,1.975000016391277
ru,3.01,G03,G03C,1.975961539894342
qg,2.05,H01,H01P,1.976104471832514
qc,6.02,E01,E01C,1.976190492510796
js,6.04,A23,A23K,1.976190492510796
td,3.02,C01,C01B,1.976190492510796
ia,3.02,A63,A63F,1.976190492510796
bu,1.03,C09,C09K,1.976485737133771
ei,1.04,B30,B30B,1.977272748947144
ei,1.04,F27,F27B,1.977326037362218
km,1.06,H03,H03K,1.977447952609509
iu,2.03,F24,F24C,1.977777801454067
ga,3.02,C12,C12Y,1.977814804529771
up,1.03,H04,H04B,1.978249534964561
mm,6.01,G01,G01D,1.978571448475122
pq,1.01,C07,C07J,1.978937750682235
ue,2.11,C12,C12Q,1.979052521288395
di,5.02,C09,C09D,1.97916667163372
pi,1.06,H04,H04M,1.979166686534882
ua,6.03,E04,E04F,1.979166701436043
dw,1.04,F26,F26B,1.9800347648561
po,1.01,H03,H03B,1.98055556230247
rb,2.02,F16,F16D,1.980555599555373
rb,2.02,C12,C12M,1.980686284601688
ew,1.02,E04,E04B,1.980952393263578
un,1.03,G01,G01J,1.981498041190207
ro,1.07,C12,C12H,1.981735163601115
pt,3.03,G01,G01F,1.98194445669651
ku,5.07,C12,C12P,1.982009420637041
qe,2.09,G02,G02C,1.982087214943022
cq,1.06,A22,A22C,1.982222232967615
da,1.06,C04,C04B,1.982260480523109
pc,5.02,G01,G01M,1.982426316477358
jy,4.05,H05,H05K,1.982563818106428
rb,2.02,G10,G10H,1.98263890389353
ii,2.04,A47,A47G,1.983333338052034
ea,1.04,F04,F04F,1.98333334363997
ve,3.02,C03,C03C,1.983333349227905
zc,4.03,H04,H04H,1.983333349227905
dw,1.04,A47,A47L,1.983333375304937
ki,3.02,H01,H01J,1.983436873182654
ns,2.01,C25,C25F,1.983856303850189
ru,3.01,A63,A63H,1.983974361792207
db,2.08,H02,H02J,1.984582899138331
cu,1.06,G01,G01B,1.98465124797076
ns,2.01,F28,F28D,1.984900336246938
qg,2.05,B60,B60C,1.985416673123837
ik,2.11,B08,B08B,1.985784546472132
sy,1.03,C12,C12P,1.985965464962646
zq,2.07,H05,H05B,1.985978864133358
yo,3.01,B60,B60R,1.986111126840115
ja,1.05,E03,E03B,1.986111134290695
aa,1.03,C30,C30B,1.986111162230372
wf,1.06,B82,B82Y,1.987627158872783
dm,3.02,B23,B23K,1.987700270488858
wu,5.04,C09,C09K,1.987847233191133
rt,3.02,C22,C22B,1.988095246255398
ah,4.01,C13,C13K,1.988402022514492
bv,5.01,A61,A61F,1.988524044165388
hy,1.06,H01,H01L,1.989009061362594
io,2.07,G08,G08G,1.989021185785532
uh,1.03,G21,G21B,1.989819944836199
co,1.06,G03,G03C,1.989850437734276
uf,1.03,B24,B24B,1.98989899456501
co,1.06,B81,B81C,1.989946344168857
sy,1.03,C25,C25B,1.990021072328091
xq,2.11,C07,C07B,1.990369884297252
zr,1.05,C12,C12R,1.990651525557041
fi,1.04,C22,C22F,1.991363236680627
pq,1.01,F16,F16K,1.991666674613953
yr,2.01,B64,B64C,1.991666674613953
et,1.02,F28,F28F,1.991666680201888
sy,1.03,A44,A44C,1.991666689515114
co,1.06,G01,G01T,1.991964816581458
pt,3.03,C07,C07K,1.992130817088764
sa,3.03,C04,C04B,1.992156889289618
ev,1.02,H01,H01M,1.99255493376404
jy,4.05,A24,A24F,1.992794698104262
dw,1.04,C09,C09G,1.992857165634632
pw,2.06,C09,C09B,1.992929361760616
ze,1.06,H01,H01M,1.993478269316256
lj,3.02,G01,G01C,1.994117666967213
yo,3.01,A23,A23F,1.994538373313844
ig,2.06,C40,C40B,1.994609218265396
mm,6.01,G07,G07D,1.995289888232946
aa,1.03,C08,C08L,1.995322033297271
ba,3.02,H01,H01M,1.995634943246841
om,5.05,G07,G07D,1.995634973049164
ih,2.07,C05,C05D,1.995833367109299
zq,2.07,F27,F27D,1.996078440919518
cq,1.06,F16,F16F,1.996153862215579
qg,2.05,H04,H04R,1.996379875577986
qg,2.05,A01,A01H,1.996398104354739
oz,6.02,D06,D06M,1.996794883161783
xq,2.11,G21,G21G,1.997127537615597
km,1.06,A23,A23J,1.997816853225231
ac,2.02,F42,F42B,1.99788360344246
qq,1.05,A62,A62D,1.997988039627671
ve,3.02,C12,C12Y,1.998028193134815
aq,3.02,C08,C08C,1.998132606968284
ha,5.03,G03,G03F,1.998185953125358
ns,2.01,D21,D21H,1.998433414846659
tm,3.01,C02,C02F,1.998611124232411
bq,6.05,A23,A23K,1.998793877661228
tu,3.01,C25,C25D,1.999206380918622
wu,5.04,C08,C08J,1.999271330423653
dq,9,F02,F02P,2
qa,3.01,B63,B63B,2
if,2.11,B60,B60J,2
zd,9,B81,B81B,2
ii,2.04,B60,B60J,2
ia,3.02,B60,B60R,2
rz,3.03,G03,G03C,2
oz,6.02,F25,F25B,2
aq,3.02,F16,F16L,2
om,5.05,B41,B41L,2
za,3.02,F16,F16C,2
mm,6.01,B23,B23F,2
ph,6.02,G01,G01C,2
zc,4.03,G07,G07C,2
ds,3.02,C25,C25D,2
bp,6.04,E02,E02F,2
pq,1.01,C23,C23G,2
le,1.05,A63,A63H,2
rp,6.04,B21,B21K,2
ha,5.03,G01,G01M,2
oz,6.02,B23,B23D,2
dk,5.02,F16,F16C,2
bp,6.04,F41,F41B,2
pd,6.02,G01,G01R,2
pj,2.05,B27,B27C,2
de,1.06,A43,A43B,2
zd,9,F02,F02F,2
oz,6.02,H01,H01C,2
yg,6.04,F27,F27B,2
ut,6.02,C10,C10J,2
oe,5.06,F16,F16H,2
oe,5.06,B21,B21C,2
id,2.07,E01,E01H,2
nu,5.08,F16,F16M,2
ma,3.02,B62,B62B,2
sa,3.03,H02,H02N,2
tq,3.02,B65,B65H,2
db,2.08,F02,F02N,2
mm,6.01,D04,D04B,2
nu,5.08,A24,A24D,2
dq,9,B25,B25B,2
dq,9,B65,B65H,2
io,2.07,B01,B01J,2
bp,6.04,B26,B26F,2
ut,6.02,E02,E02F,2
za,3.02,F04,F04B,2
ia,3.02,F41,F41A,2
nn,3.03,E04,E04H,2
ve,3.02,F16,F16J,2
py,3.02,D21,D21C,2
bp,6.04,E04,E04D,2
ni,3.01,F16,F16C,2
ua,6.03,A47,A47K,2
rp,6.04,B60,B60L,2
om,5.05,B25,B25J,2
bq,6.05,B27,B27K,2
bk,6.04,H03,H03J,2
mm,6.01,H01,H01B,2
dy,1.04,B23,B23Q,2
io,2.07,B60,B60N,2
zc,4.03,B63,B63H,2
ye,2.02,B07,B07C,2
ro,1.07,F01,F01C,2
nu,5.08,F16,F16B,2
bq,6.05,A01,A01C,2
dk,5.02,C03,C03C,2
fs,6.04,C09,C09K,2
mm,6.01,F16,F16H,2
ry,2.03,H02,H02P,2
rp,6.04,B23,B23D,2
ew,1.02,E04,E04F,2
js,6.04,F21,F21V,2
vx,5.01,C22,C22C,2
dm,3.02,B60,B60J,2
nn,3.03,E04,E04G,2
de,1.06,A22,A22C,2
su,3.02,B63,B63B,2
qu,1.06,H03,H03J,2
dm,3.02,H01,H01C,2
dy,1.04,B61,B61L,2
py,3.02,B60,B60N,2
ua,6.03,B27,B27N,2
ai,2.03,A47,A47J,2
dm,3.02,C21,C21C,2
ew,1.02,B60,B60D,2
fs,6.04,G01,G01D,2
cu,1.06,H02,H02H,2
hq,1.04,D06,D06F,2
dk,5.02,B04,B04C,2
db,2.08,B61,B61H,2
fy,3.02,B27,B27N,2
pj,2.05,G10,G10K,2
pd,6.02,B01,B01D,2
qk,6.01,B29,B29C,2
pj,2.05,D06,D06P,2
uu,5.06,E21,E21C,2
bq,6.05,A47,A47J,2
bk,6.04,B64,B64C,2
zc,4.03,H01,H01B,2
if,2.11,B60,B60M,2
mq,6.01,B01,B01L,2
bq,6.05,B63,B63H,2
bf,5.04,A23,A23C,2
bp,6.04,H03,H03J,2
rp,6.04,E01,E01C,2
pa,6.02,E05,E05D,2
ut,6.02,F16,F16G,2
bk,6.04,B22,B22F,2
bq,6.05,H03,H03B,2
ry,2.03,H01,H01C,2
mm,6.01,D04,D04H,2
if,2.11,F01,F01C,2
eu,2.02,B60,B60N,2
ut,6.02,H01,H01H,2
bq,6.05,A01,A01D,2
tc,3.02,B23,B23B,2
ha,5.03,E05,E05B,2
py,3.02,E04,E04D,2
uu,5.06,A47,A47L,2
oz,6.02,A62,A62D,2
yg,6.04,G01,G01D,2
om,5.05,B26,B26F,2
eq,3.01,G09,G09F,2
zd,9,G03,G03C,2
le,1.05,F16,F16J,2
bq,6.05,B25,B25H,2
qk,6.01,D06,D06M,2
dk,5.02,B26,B26B,2
ec,1.04,H01,H01R,2
mm,6.01,G01,G01P,2
pj,2.05,B65,B65G,2
bk,6.04,G01,G01K,2
pk,2.05,F04,F04C,2
fs,6.04,B65,B65H,2
ew,1.02,B63,B63H,2
js,6.04,A47,A47B,2
ya,3.02,E21,E21C,2
qc,6.02,E21,E21D,2
ki,3.02,B41,B41M,2
gy,5.02,B41,B41M,2
dm,3.02,C08,C08C,2
xq,2.11,B22,B22D,2
ro,1.07,F01,F01L,2
bk,6.04,A01,A01C,2
bp,6.04,C03,C03B,2
yg,6.04,C10,C10M,2
yi,6.03,B61,B61L,2
rp,6.04,F27,F27D,2
qj,2.05,A61,A61H,2
oz,6.02,A01,A01M,2
eo,6.02,B01,B01L,2
mm,6.01,B25,B25F,2
mm,6.01,B64,B64F,2
pd,6.02,H02,H02J,2
pa,6.02,F16,F16C,2
pa,6.02,A47,A47C,2
ba,3.02,B23,B23K,2
py,3.02,G05,G05F,2
pj,2.05,B65,B65C,2
rz,3.03,G03,G03B,2
pa,6.02,B63,B63H,2
zd,9,B60,B60K,2
ya,3.02,A47,A47C,2
rp,6.04,A63,A63H,2
bq,6.05,C09,C09C,2
ut,6.02,B22,B22D,2
zd,9,F16,F16D,2
zk,9,F01,F01N,2
mm,6.01,F03,F03D,2
mm,6.01,F25,F25C,2
jy,4.05,A63,A63B,2
im,2.01,B21,B21D,2
yi,6.03,C21,C21C,2
dx,3.01,B42,B42D,2
ro,1.07,E01,E01D,2
js,6.04,G10,G10K,2
ya,3.02,F02,F02C,2
fy,3.02,E06,E06B,2
ya,3.02,E04,E04D,2
ne,3.03,A47,A47K,2
ua,6.03,H03,H03D,2
qd,6.02,C08,C08L,2
yg,6.04,C09,C09K,2
ut,6.02,B62,B62D,2
nu,5.08,E04,E04G,2
ne,3.03,B60,B60B,2
ga,3.02,E04,E04F,2
py,3.02,B22,B22D,2
ut,6.02,C08,C08L,2
xw,3.03,G01,G01T,2
gc,1.05,F02,F02D,2
ky,1.05,G01,G01D,2
za,3.02,F41,F41G,2
jb,5.07,A63,A63C,2
js,6.04,B60,B60G,2
fy,3.02,A41,A41D,2
ze,1.06,F24,F24C,2
ii,2.04,F22,F22D,2
nu,5.08,G04,G04F,2
ev,1.02,B65,B65B,2
ka,4.01,B63,B63B,2
ry,2.03,F03,F03B,2
ba,3.02,A47,A47C,2
oe,5.06,F24,F24F,2
bq,6.05,B23,B23C,2
ai,2.03,B23,B23F,2
pj,2.05,F23,F23K,2
pa,6.02,F16,F16J,2
pn,1.01,F42,F42B,2
eu,2.02,A01,A01F,2
rt,3.02,B07,B07B,2
ut,6.02,H03,H03J,2
nn,3.03,A62,A62C,2
ot,6.02,D02,D02G,2
dk,5.02,B65,B65H,2
rz,3.03,B01,B01L,2
py,3.02,E06,E06B,2
ne,3.03,B65,B65F,2
yg,6.04,D06,D06H,2
ru,3.01,F17,F17C,2
fs,6.04,B60,B60N,2
yi,6.03,B05,B05D,2
pj,2.05,F16,F16K,2
js,6.04,B21,B21D,2
rp,6.04,A01,A01D,2
bp,6.04,B30,B30B,2
ij,2.11,D06,D06F,2
rp,6.04,F16,F16B,2
rp,6.04,E04,E04H,2
rp,6.04,B08,B08B,2
nu,5.08,B25,B25H,2
bd,1.06,E05,E05B,2
bp,6.04,A47,A47B,2
td,3.02,C02,C02F,2
pa,6.02,H02,H02B,2
dy,1.04,F01,F01L,2
wy,5.04,G11,G11B,2
pf,6.02,G02,G02B,2
pa,6.02,C14,C14C,2
nu,5.08,A41,A41B,2
pa,6.02,B60,B60W,2
pf,6.02,H05,H05K,2
cu,1.06,B22,B22C,2
sa,3.03,F02,F02B,2
ut,6.02,E04,E04H,2
jy,4.05,B65,B65F,2
nn,3.03,B23,B23P,2
pz,2.05,F21,F21S,2
bp,6.04,G01,G01M,2
sa,3.03,G10,G10D,2
gy,5.02,E05,E05F,2
gm,3.03,B21,B21C,2
km,1.06,G01,G01P,2
ik,2.11,F02,F02B,2
nu,5.08,A47,A47F,2
ka,4.01,G01,G01T,2
oy,9,D06,D06F,2
zc,4.03,B60,B60N,2
mm,6.01,F16,F16M,2
db,2.08,G10,G10D,2
tu,3.01,B65,B65F,2
zc,4.03,H01,H01Q,2
mu,4.01,H05,H05K,2
tq,3.02,F01,F01N,2
fs,6.04,E04,E04F,2
dk,5.02,B60,B60J,2
ja,1.05,A63,A63H,2
iy,1.06,B60,B60B,2
dk,5.02,A23,A23G,2
rp,6.04,B66,B66C,2
ze,1.06,A47,A47J,2
dy,1.04,B25,B25C,2
eo,6.02,F02,F02D,2
ha,5.03,B01,B01F,2
mm,6.01,F23,F23R,2
pz,2.05,B21,B21H,2
if,2.11,B62,B62J,2
dm,3.02,B23,B23D,2
rz,3.03,B21,B21D,2
rp,6.04,F28,F28F,2
py,3.02,F02,F02B,2
lj,3.02,B05,B05D,2
ut,6.02,B60,B60T,2
bq,6.05,C09,C09J,2
ka,4.01,A62,A62C,2
rt,3.02,A63,A63J,2
pq,1.01,F16,F16D,2
vm,5.06,B65,B65D,2
ki,3.02,B66,B66C,2
za,3.02,E02,E02D,2
dq,9,A01,A01B,2
ut,6.02,F41,F41H,2
za,3.02,B60,B60T,2
ky,1.05,A63,A63B,2
iy,1.06,B29,B29C,2
ne,3.03,A47,A47F,2
ne,3.03,F24,F24D,2
ha,5.03,A01,A01K,2
yi,6.03,F41,F41H,2
ka,4.01,B65,B65G,2
dk,5.02,F02,F02B,2
yi,6.03,E04,E04C,2
mm,6.01,H03,H03G,2
jb,5.07,F16,F16J,2
xq,2.11,C05,C05C,2
yg,6.04,F16,F16K,2
ne,3.03,F16,F16J,2
gc,1.05,F16,F16D,2
sa,3.03,F03,F03B,2
gc,1.05,F21,F21K,2
iy,1.06,G03,G03G,2
vj,5.01,A63,A63H,2
oe,5.06,G07,G07C,2
pj,2.05,F23,F23L,2
py,3.02,G21,G21C,2
ne,3.03,B21,B21D,2
qc,6.02,C11,C11D,2
vj,5.01,B65,B65B,2
eu,2.02,B29,B29D,2
yg,6.04,F02,F02B,2
ih,2.07,F24,F24C,2
oy,9,B60,B60J,2
qu,1.06,A63,A63C,2
uu,5.06,B42,B42D,2
xa,5.04,B62,B62M,2
za,3.02,F01,F01N,2
ni,3.01,E05,E05B,2
pa,6.02,C25,C25C,2
uu,5.06,B60,B60C,2
le,1.05,B22,B22C,2
ha,5.03,C01,C01F,2
pn,1.01,F24,F24D,2
rt,3.02,A01,A01D,2
ha,5.03,C10,C10G,2
fy,3.02,G01,G01F,2
nn,3.03,B25,B25B,2
pj,2.05,H01,H01T,2
ew,1.02,B25,B25D,2
ju,4.01,G05,G05D,2
ia,3.02,G01,G01H,2
pf,6.02,E01,E01F,2
ut,6.02,G10,G10K,2
qh,2.05,B63,B63B,2
ox,6.02,B65,B65D,2
io,2.07,H02,H02G,2
or,5.09,G04,G04B,2
uq,5.07,F16,F16K,2
gc,1.05,H02,H02M,2
mu,4.01,B07,B07B,2
tu,3.01,H01,H01C,2
gy,5.02,B65,B65H,2
pd,6.02,A61,A61Q,2
er,1.02,G10,G10D,2
dq,9,D01,D01H,2
oz,6.02,E06,E06B,2
py,3.02,G05,G05G,2
oy,9,E03,E03D,2
cu,1.06,B61,B61F,2
uu,5.06,G21,G21F,2
ua,6.03,D06,D06F,2
ut,6.02,G01,G01L,2
pa,6.02,B60,B60H,2
pk,2.05,G07,G07B,2
er,1.02,F04,F04D,2
hf,6.03,E04,E04D,2
pa,6.02,A47,A47F,2
pq,1.01,D04,D04B,2
bk,6.04,E04,E04D,2
nu,5.08,B60,B60D,2
jo,5.04,G03,G03B,2
wh,3.02,C21,C21D,2
vj,5.01,F02,F02D,2
ka,4.01,B60,B60L,2
gy,5.02,B05,B05C,2
om,5.05,B60,B60S,2
ot,6.02,B26,B26D,2
nn,3.03,F24,F24F,2
td,3.02,E02,E02D,2
yq,5.07,F16,F16K,2
yg,6.04,F24,F24B,2
ky,1.05,B60,B60R,2
eo,6.02,G09,G09F,2
nu,5.08,H02,H02S,2
py,3.02,A63,A63H,2
rp,6.04,H01,H01F,2
oz,6.02,E03,E03D,2
om,5.05,B41,B41M,2
ua,6.03,G03,G03C,2
za,3.02,B60,B60P,2
eq,3.01,B41,B41F,2
uy,1.04,B23,B23C,2
vm,5.06,A21,A21D,2
pq,1.01,F02,F02C,2
ii,2.04,F16,F16T,2
py,3.02,B23,B23D,2
oz,6.02,A01,A01B,2
ki,3.02,A63,A63B,2
wy,5.04,H02,H02J,2
oy,9,F01,F01K,2
eq,3.01,F16,F16H,2
pf,6.02,C25,C25D,2
js,6.04,B41,B41F,2
ha,5.03,B41,B41M,2
li,3.02,H01,H01R,2
ac,2.02,F23,F23R,2
pz,2.05,H04,H04H,2
nu,5.08,F21,F21S,2
co,1.06,B42,B42F,2
bq,6.05,B66,B66D,2
ua,6.03,G01,G01B,2
qq,1.05,B60,B60Q,2
pq,1.01,B29,B29B,2
ba,3.02,H03,H03K,2
pa,6.02,D21,D21C,2
fs,6.04,B63,B63C,2
tu,3.01,B28,B28D,2
ig,2.06,G04,G04B,2
bq,6.05,B27,B27F,2
oe,5.06,B64,B64G,2
pk,2.05,B23,B23C,2
bq,6.05,E04,E04B,2
if,2.11,A43,A43B,2
zm,1.06,C10,C10M,2
iy,1.06,B23,B23P,2
nn,3.03,C22,C22C,2
qa,3.01,B60,B60T,2
rz,3.03,F01,F01N,2
oz,6.02,A44,A44C,2
fs,6.04,C09,C09J,2
nu,5.08,C21,C21D,2
vj,5.01,C09,C09J,2
mm,6.01,B23,B23D,2
bf,5.04,H02,H02M,2
uq,5.07,B60,B60C,2
ue,2.11,C08,C08H,2
sy,1.03,F21,F21L,2
rp,6.04,E21,E21D,2
pa,6.02,H03,H03L,2
tu,3.01,B23,B23Q,2
ff,3.02,B01,B01J,2
cu,1.06,D21,D21H,2
yu,3.03,F21,F21V,2
ut,6.02,B65,B65H,2
yi,6.03,H02,H02J,2
gm,3.03,G11,G11C,2
oz,6.02,A61,A61G,2
rp,6.04,D04,D04B,2
tq,3.02,B62,B62K,2
qc,6.02,B60,B60L,2
pc,5.02,A47,A47J,2
pj,2.05,F23,F23J,2
ti,9,C22,C22C,2
ut,6.02,B05,B05D,2
ox,6.02,A01,A01M,2
ox,6.02,E05,E05C,2
rp,6.04,C03,C03B,2
xy,1.01,F21,F21V,2
ua,6.03,C22,C22F,2
yi,6.03,H04,H04H,2
wm,5.04,B41,B41N,2
pa,6.02,B64,B64G,2
jm,5.04,B65,B65H,2
ne,3.03,B26,B26D,2
bp,6.04,B60,B60N,2
dy,1.04,A46,A46D,2
im,2.01,B60,B60M,2
ai,2.03,C21,C21D,2
pa,6.02,H03,H03G,2
ra,2.11,G08,G08B,2
yi,6.03,H02,H02H,2
bi,6.01,B65,B65G,2
py,3.02,F16,F16B,2
nu,5.08,B26,B26D,2
pf,6.02,B01,B01D,2
oz,6.02,D06,D06B,2
wu,5.04,E04,E04H,2
rp,6.04,F04,F04B,2
ki,3.02,F16,F16D,2
bp,6.04,B29,B29B,2
ve,3.02,G03,G03C,2
we,3.02,C01,C01B,2
py,3.02,B60,B60J,2
vi,5.01,E04,E04D,2
pa,6.02,G10,G10C,2
en,9,F16,F16H,2
mm,6.01,E02,E02F,2
qf,9,H02,H02G,2
ka,4.01,B60,B60T,2
nu,5.08,B23,B23H,2
jw,6.02,C08,C08L,2
qa,3.01,B24,B24B,2
ut,6.02,H02,H02J,2
om,5.05,F41,F41G,2
mm,6.01,E04,E04G,2
vy,3.02,F02,F02B,2
tq,3.02,B61,B61L,2
ma,3.02,E05,E05B,2
eo,6.02,G02,G02F,2
rp,6.04,C10,C10B,2
gc,1.05,B60,B60C,2
yo,3.01,B29,B29D,2
ne,3.03,F02,F02M,2
bp,6.04,B23,B23D,2
ha,5.03,A62,A62B,2
pf,6.02,H04,H04W,2
oi,3.02,C22,C22C,2
ae,4.05,F25,F25J,2
py,3.02,G04,G04G,2
di,5.02,A61,A61J,2
pa,6.02,A23,A23F,2
pa,6.02,B62,B62J,2
bq,6.05,B25,B25B,2
oz,6.02,B66,B66B,2
yg,6.04,D06,D06B,2
py,3.02,B25,B25D,2
eq,3.01,H04,H04R,2
qa,3.01,F16,F16H,2
zc,4.03,F16,F16L,2
ua,6.03,G01,G01H,2
qf,9,C23,C23G,2
ia,3.02,H05,H05B,2
oz,6.02,C25,C25B,2
nu,5.08,B41,B41N,2
pk,2.05,F02,F02F,2
oe,5.06,H02,H02H,2
py,3.02,B07,B07B,2
bq,6.05,E04,E04D,2
qj,2.05,B61,B61L,2
pa,6.02,B23,B23P,2
ay,3.01,B62,B62J,2
pe,5.02,F02,F02K,2
eo,6.02,D01,D01F,2
ui,1.03,B23,B23C,2
js,6.04,F16,F16F,2
uu,5.06,B08,B08B,2
ui,1.03,D07,D07B,2
hi,5.01,B62,B62D,2
om,5.05,F03,F03D,2
py,3.02,F16,F16F,2
rp,6.04,C10,C10M,2
ne,3.03,A45,A45C,2
ut,6.02,F02,F02C,2
dk,5.02,F42,F42B,2
rp,6.04,G08,G08B,2
pa,6.02,B29,B29D,2
nu,5.08,E03,E03C,2
rp,6.04,F16,F16K,2
ut,6.02,C03,C03C,2
bf,5.04,H01,H01J,2
ro,1.07,B63,B63C,2
pz,2.05,B60,B60T,2
qu,1.06,B60,B60D,2
bp,6.04,B60,B60W,2
ep,1.02,E02,E02D,2
mq,6.01,B60,B60K,2
gu,1.06,F16,F16D,2
pa,6.02,A63,A63C,2
oz,6.02,B29,B29B,2
uu,5.06,D06,D06F,2
om,5.05,C03,C03B,2
bp,6.04,B66,B66B,2
bm,5.07,D21,D21H,2
bu,1.03,H01,H01R,2
bk,6.04,F24,F24F,2
pq,1.01,A01,A01F,2
su,3.02,A47,A47L,2
fs,6.04,H02,H02J,2
jw,6.02,H04,H04R,2
ne,3.03,B07,B07B,2
oz,6.02,B62,B62B,2
ea,1.04,F27,F27D,2
pf,6.02,G08,G08B,2
om,5.05,A01,A01G,2
oz,6.02,E03,E03C,2
uh,1.03,B60,B60T,2
jm,5.04,B05,B05C,2
oy,9,F16,F16B,2
ro,1.07,B60,B60H,2
qj,2.05,F16,F16C,2
sy,1.03,B60,B60S,2
fy,3.02,B41,B41J,2
iu,2.03,E05,E05B,2
fi,1.04,A01,A01M,2
pg,6.02,H02,H02J,2
rp,6.04,G21,G21F,2
ut,6.02,F02,F02B,2
js,6.04,B60,B60L,2
ee,1.04,A47,A47D,2
mm,6.01,H02,H02K,2
if,2.11,E03,E03C,2
zc,4.03,B60,B60K,2
qk,6.01,F16,F16G,2
ti,9,H01,H01R,2
pd,6.02,G01,G01C,2
qj,2.05,E21,E21B,2
nu,5.08,E02,E02B,2
rp,6.04,B23,B23B,2
uu,5.06,E01,E01F,2
or,5.09,F41,F41H,2
yg,6.04,F16,F16J,2
gy,5.02,B41,B41F,2
ah,4.01,A61,A61H,2
mm,6.01,A45,A45D,2
zc,4.03,A01,A01D,2
bq,6.05,A42,A42B,2
ki,3.02,E02,E02D,2
bp,6.04,B44,B44B,2
ew,1.02,A24,A24F,2
ph,6.02,F02,F02D,2
rp,6.04,F21,F21S,2
nu,5.08,D04,D04B,2
hb,5.03,C03,C03C,2
rp,6.04,C09,C09J,2
pj,2.05,A63,A63H,2
rp,6.04,F02,F02K,2
nu,5.08,B60,B60H,2
dk,5.02,C30,C30B,2
su,3.02,B63,B63H,2
ve,3.02,B07,B07B,2
zm,1.06,A22,A22B,2
xq,2.11,F01,F01K,2
pq,1.01,F16,F16L,2
vj,5.01,F16,F16C,2
rp,6.04,H03,H03B,2
oz,6.02,F15,F15B,2
yi,6.03,B60,B60L,2
de,1.06,B23,B23K,2
py,3.02,G04,G04C,2
si,1.05,C09,C09J,2
ui,1.03,A41,A41D,2
pa,6.02,C12,C12H,2
dk,5.02,D01,D01F,2
hb,5.03,H01,H01H,2
ti,9,F16,F16H,2
pd,6.02,B82,B82Y,2
ya,3.02,B60,B60T,2
su,3.02,B41,B41J,2
if,2.11,B21,B21H,2
mm,6.01,B21,B21D,2
ut,6.02,A46,A46B,2
ua,6.03,F41,F41H,2
bp,6.04,F41,F41H,2
ot,6.02,G09,G09F,2
eo,6.02,A62,A62C,2
wh,3.02,E21,E21B,2
ut,6.02,A61,A61C,2
pj,2.05,B60,B60D,2
js,6.04,F16,F16M,2
rt,3.02,B02,B02C,2
pq,1.01,F15,F15B,2
py,3.02,E02,E02B,2
oy,9,B60,B60W,2
tq,3.02,A41,A41B,2
my,5.01,G07,G07F,2
bu,1.03,B60,B60Q,2
dm,3.02,F16,F16B,2
uu,5.06,F01,F01N,2
pa,6.02,B30,B30B,2
mm,6.01,B43,B43L,2
oz,6.02,F21,F21S,2
ga,3.02,F16,F16C,2
qk,6.01,H02,H02K,2
mq,6.01,H01,H01Q,2
ka,4.01,H02,H02P,2
ro,1.07,B27,B27L,2
uq,5.07,G01,G01B,2
pw,2.06,F23,F23Q,2
vj,5.01,F41,F41A,2
tu,3.01,G10,G10D,2
iu,2.03,B62,B62J,2
pn,1.01,D03,D03D,2
lq,3.03,B41,B41F,2
tq,3.02,E01,E01F,2
rz,3.03,E01,E01F,2
rp,6.04,C21,C21D,2
fy,3.02,B23,B23F,2
yg,6.04,F41,F41B,2
ti,9,H01,H01L,2
pa,6.02,D21,D21H,2
oz,6.02,A61,A61J,2
za,3.02,F01,F01D,2
ut,6.02,G01,G01F,2
bk,6.04,A47,A47B,2
tq,3.02,B62,B62B,2
ot,6.02,B62,B62D,2
jy,4.05,H02,H02K,2
ne,3.03,B21,B21F,2
ih,2.07,D06,D06F,2
yg,6.04,H03,H03J,2
pj,2.05,B27,B27L,2
ne,3.03,G10,G10D,2
nu,5.08,F24,F24S,2
qu,1.06,F25,F25D,2
ai,2.03,B41,B41C,2
ue,2.11,C09,C09H,2
ma,3.02,F04,F04D,2
yg,6.04,C02,C02F,2
rp,6.04,B65,B65B,2
ro,1.07,F42,F42C,2
ua,6.03,B65,B65D,2
et,1.02,F21,F21S,2
tm,3.01,E04,E04D,2
dm,3.02,E04,E04D,2
su,3.02,B65,B65F,2
vx,5.01,H02,H02P,2
zc,4.03,B05,B05B,2
dr,1.06,B60,B60Q,2
dq,9,F03,F03D,2
js,6.04,D02,D02G,2
ro,1.07,B66,B66F,2
gy,5.02,B08,B08B,2
ut,6.02,F01,F01C,2
ui,1.03,B21,B21C,2
pn,1.01,F01,F01M,2
ha,5.03,E04,E04G,2
rq,1.06,H04,H04N,2
wy,5.04,B60,B60G,2
ne,3.03,B23,B23D,2
ua,6.03,B65,B65G,2
xq,2.11,B24,B24D,2
si,1.05,A47,A47L,2
le,1.05,D21,D21F,2
bp,6.04,A01,A01C,2
om,5.05,B65,B65B,2
zm,1.06,E02,E02F,2
rz,3.03,H04,H04J,2
ua,6.03,B60,B60L,2
yg,6.04,B23,B23K,2
ut,6.02,B65,B65G,2
gy,5.02,E05,E05C,2
ui,1.03,E05,E05C,2
wy,5.04,G03,G03B,2
ui,1.03,E21,E21D,2
pd,6.02,A63,A63B,2
zr,1.05,A47,A47L,2
ui,1.03,A01,A01D,2
za,3.02,H04,H04Q,2
pn,1.01,B23,B23P,2
xa,5.04,F16,F16L,2
bd,1.06,F16,F16H,2
bq,6.05,B44,B44C,2
ki,3.02,F04,F04B,2
pa,6.02,B67,B67C,2
pk,2.05,D06,D06N,2
zc,4.03,B23,B23P,2
tu,3.01,F01,F01D,2
zc,4.03,G09,G09F,2
ep,1.02,B67,B67D,2.000000007450581
uu,5.06,D01,D01F,2.000000007450581
et,1.02,B67,B67D,2.000000007450581
yg,6.04,E04,E04B,2.000000007450581
ex,1.02,C03,C03C,2.000000014901161
et,1.02,C12,C12H,2.000000014901161
oe,5.06,D21,D21H,2.000000014901161
oe,5.06,F23,F23D,2.000000014901161
ai,2.03,G07,G07B,2.000000014901161
id,2.07,A63,A63B,2.000000014901161
ha,5.03,H01,H01G,2.000000014901161
ye,2.02,B05,B05C,2.000000014901161
qh,2.05,G01,G01H,2.000000014901161
pa,6.02,E02,E02D,2.000000014901161
aa,1.03,F16,F16L,2.000000014901161
es,2.02,B60,B60T,2.000000014901161
oz,6.02,C09,C09C,2.000000014901161
im,2.01,B05,B05D,2.000000014901161
ii,2.04,H02,H02G,2.000000014901161
mm,6.01,F25,F25D,2.000000014901161
rb,2.02,A01,A01J,2.000000014901161
hb,5.03,F16,F16H,2.000000014901161
fa,2.01,F24,F24D,2.000000014901161
ot,6.02,F16,F16L,2.000000014901161
uu,5.06,F41,F41A,2.000000014901161
es,2.02,B60,B60N,2.000000014901161
if,2.11,C21,C21C,2.000000014901161
ee,1.04,E04,E04F,2.000000014901161
bq,6.05,A43,A43B,2.000000014901161
dw,1.04,B44,B44F,2.000000022351742
xq,2.11,A63,A63F,2.000000026077032
oa,2.11,E05,E05B,2.000000029802322
ae,4.05,B07,B07B,2.000000029802322
oa,2.11,G06,G06J,2.000000029802322
dk,5.02,B41,B41M,2.000000029802322
iq,2.02,B31,B31B,2.000000029802322
pj,2.05,D06,D06B,2.000000029802322
ml,9,H04,H04W,2.000000029802322
dr,1.06,A01,A01B,2.000000029802322
fy,3.02,A01,A01L,2.000000029802322
qj,2.05,E04,E04F,2.000000029802322
hq,1.04,B60,B60H,2.000000029802322
pj,2.05,C01,C01D,2.000000029802322
pj,2.05,B23,B23D,2.000000029802322
iq,2.02,E21,E21D,2.000000029802322
er,1.02,B21,B21B,2.000000029802322
ga,3.02,B60,B60G,2.000000029802322
ya,3.02,B62,B62D,2.000000029802322
oa,2.11,D06,D06F,2.000000029802322
im,2.01,A47,A47C,2.000000029802322
om,5.05,G21,G21C,2.000000029802322
le,1.05,F03,F03G,2.000000029802322
sd,3.02,F16,F16H,2.000000029802322
es,2.02,F25,F25D,2.000000029802322
az,3.02,H01,H01L,2.000000044703484
qu,1.06,G01,G01K,2.000000044703484
pu,2.03,C25,C25D,2.000610255636275
um,3.01,H04,H04B,2.001123416703194
oa,2.11,D21,D21H,2.002309028524905
id,2.07,B28,B28B,2.002564126625657
bq,6.05,C01,C01B,2.002631582319736
cu,1.06,G03,G03G,2.002849017735571
et,1.02,B41,B41N,2.002906976733357
zr,1.05,G11,G11B,2.00416667573154
zd,9,C25,C25D,2.004166677594185
de,1.06,F02,F02D,2.004310344811529
qa,3.01,C08,C08K,2.004474818939343
ka,4.01,C12,C12Q,2.004487305879593
bp,6.04,H01,H01G,2.004545502364635
ec,1.04,F21,F21K,2.004629635252059
dy,1.04,F16,F16J,2.004629644565284
cu,1.06,C30,C30B,2.005291005130857
aq,3.02,B01,B01J,2.005882353056222
nn,3.03,A23,A23G,2.006068819202483
le,1.05,H03,H03F,2.006410256493837
qj,2.05,C03,C03B,2.006535947788507
su,3.02,A46,A46B,2.006666666828096
am,4.01,B01,B01L,2.006781370844692
iy,1.06,G05,G05B,2.006944444496185
vy,3.02,G01,G01G,2.006963178515434
bq,6.05,C22,C22B,2.007060781121254
pm,2.05,H03,H03L,2.00730575225316
rq,1.06,G06,G06Q,2.007539708167315
bq,6.05,C12,C12M,2.007575780153275
id,2.07,H04,H04J,2.007936518639326
uy,1.04,A61,A61G,2.008064515888691
cu,1.06,F25,F25C,2.008333333767951
pu,2.03,G09,G09F,2.008333344012499
ji,5.01,B60,B60L,2.00833335518837
ya,3.02,F28,F28F,2.00854700896889
ua,6.03,C22,C22C,2.008695651777089
zq,2.07,G21,G21F,2.009523864835501
eq,3.01,A61,A61F,2.009889894165099
za,3.02,G06,G06N,2.010189298540354
ka,4.01,B65,B65B,2.010638297535479
tu,3.01,C23,C23G,2.010638297535479
ds,3.02,B04,B04B,2.010638297535479
fa,2.01,G01,G01K,2.01066312706098
pz,2.05,G09,G09G,2.010683789849281
bk,6.04,A43,A43B,2.010989011265337
dk,5.02,H04,H04H,2.011111117899418
ve,3.02,H01,H01H,2.011111117899418
iq,2.02,G12,G12B,2.011111132800579
pe,5.02,G01,G01J,2.011111134663224
ik,2.11,F02,F02M,2.011424735188484
iu,2.03,A41,A41D,2.011494275182486
dr,1.06,B60,B60L,2.011660577729344
zq,2.07,D21,D21H,2.011904762126505
ve,3.02,G02,G02F,2.011904796585441
qc,6.02,A61,A61L,2.011928108986467
uk,1.03,G07,G07D,2.012103207409382
si,1.05,C04,C04B,2.012113781180233
xq,2.11,F02,F02C,2.012500000186265
ii,2.04,B67,B67D,2.012500017881393
io,2.07,F16,F16L,2.013157909736037
js,6.04,B66,B66C,2.013513513840735
ky,1.05,B01,B01D,2.01359935104847
pn,1.01,G01,G01D,2.013705204706639
cq,1.06,B05,B05B,2.013743699062616
yp,3.02,C08,C08B,2.013780584558845
ii,2.04,B28,B28C,2.013888888992369
il,2.07,H01,H01Q,2.013888889923692
mq,6.01,C07,C07K,2.014231671346352
et,1.02,B05,B05C,2.014492753893137
qe,2.09,H01,H01J,2.015079489443451
cq,1.06,C14,C14C,2.015136852860451
bp,6.04,G01,G01B,2.015151530504227
bu,1.03,C07,C07K,2.015200542518869
jy,4.05,G01,G01D,2.015625
nm,5.02,A61,A61K,2.015812450088561
qa,3.01,H05,H05H,2.015873016789556
sd,3.02,E21,E21B,2.015873026102781
ye,2.02,B60,B60C,2.015873059630394
cn,5.01,G06,G06K,2.016031795414165
nn,3.03,F21,F21K,2.016339869704098
ip,2.07,C22,C22C,2.016666667535901
es,2.02,F41,F41H,2.016666673123837
uy,1.04,B09,B09B,2.016666673123837
wm,5.04,F24,F24F,2.016666673123837
uy,1.04,F03,F03D,2.016666673123837
ip,2.07,E02,E02F,2.016666673123837
es,2.02,F41,F41G,2.016666680574417
jb,5.07,C08,C08L,2.016666688024998
pj,2.05,C01,C01F,2.016666688024998
rx,3.02,H01,H01L,2.016666727140546
dy,1.04,G01,G01H,2.017195782624185
am,4.01,F16,F16K,2.017241379246116
vy,3.02,B25,B25B,2.017543859779835
aa,1.03,H01,H01J,2.017689913511276
eq,3.01,G01,G01F,2.017857143655419
zk,9,B01,B01J,2.017857143655419
vx,5.01,A23,A23L,2.017997795250267
oa,2.11,C07,C07H,2.018441455438733
ep,1.02,A47,A47C,2.018498212099075
tc,3.02,B29,B29B,2.018518518656492
pz,2.05,H03,H03H,2.018518529832363
iu,2.03,C06,C06B,2.018631703220308
pu,2.03,C01,C01G,2.018750000279397
dk,5.02,B01,B01J,2.019047632813454
mm,6.01,B01,B01F,2.019166685640812
et,1.02,F26,F26B,2.019230769947171
eq,3.01,A23,A23D,2.019230769947171
ga,3.02,G02,G02C,2.019230769947171
ee,1.04,D04,D04H,2.019793216139078
gu,1.06,B01,B01F,2.020000010728836
py,3.02,A46,A46B,2.020000044256449
ac,2.02,C02,C02F,2.020302368793637
dw,1.04,G05,G05B,2.020468054804951
ui,1.03,A23,A23G,2.020833333954215
ju,4.01,G01,G01G,2.020833333954215
oy,9,B25,B25J,2.020833333954215
bp,6.04,G10,G10H,2.020833343267441
ep,1.02,H01,H01G,2.020833345130086
bi,6.01,H05,H05B,2.021276595070958
py,3.02,F21,F21V,2.021438953466713
ew,1.02,F42,F42B,2.021451932378113
eu,2.02,F41,F41A,2.021739130839705
jy,4.05,E06,E06B,2.021739130839705
zq,2.07,G01,G01B,2.021825399249792
ru,3.01,B60,B60K,2.022101457696408
bu,1.03,C12,C12Q,2.022262243321165
pe,5.02,B61,B61L,2.022539695724845
ex,1.02,E04,E04B,2.022619087249041
js,6.04,C10,C10L,2.023255813866854
jm,5.04,B24,B24B,2.023255813866854
ra,2.11,B81,B81C,2.023494238965213
ru,3.01,H02,H02K,2.023582221008837
rz,3.03,F16,F16L,2.023809524253011
um,3.01,H01,H01M,2.023809524253011
pj,2.05,A01,A01K,2.023809524253011
pu,2.03,F42,F42D,2.023809529840946
qf,9,A63,A63B,2.023809554055333
po,1.01,H02,H02M,2.023958344012499
fa,2.01,G01,G01L,2.02415332570672
ze,1.06,A61,A61H,2.024509804323316
ni,3.01,B66,B66C,2.024774775374681
uk,1.03,B65,B65D,2.024884828017093
ew,1.02,C11,C11B,2.025000000372529
az,3.02,A61,A61Q,2.025641025975347
ot,6.02,G05,G05B,2.025641025975347
ro,1.07,A61,A61D,2.025862917304039
oa,2.11,D01,D01F,2.025891080498695
fy,3.02,D01,D01F,2.025974025949836
ac,2.02,C25,C25D,2.026052195578814
qf,9,H04,H04B,2.026246974943206
zr,1.05,F28,F28F,2.026315789669752
mm,6.01,H01,H01S,2.026500556617975
id,2.07,C25,C25C,2.026669949293137
pe,5.02,A63,A63B,2.027083359658718
dw,1.04,B41,B41F,2.027777777984738
ew,1.02,F03,F03B,2.027777791023254
rb,2.02,A61,A61C,2.027777805924416
ih,2.07,H04,H04M,2.027777813374996
ga,3.02,F21,F21V,2.027777828276157
id,2.07,B41,B41M,2.028174608945847
ds,3.02,C23,C23C,2.028333384543657
db,2.08,A61,A61H,2.028547198045999
pn,1.01,F16,F16D,2.028571428731084
um,3.01,A01,A01H,2.028612535446882
ku,5.07,C07,C07K,2.028880643192679
jy,4.05,F28,F28D,2.02941176481545
tu,3.01,G21,G21C,2.02941176481545
oy,9,H04,H04Q,2.029761910438538
ye,2.02,A61,A61J,2.029800201766193
ea,1.04,C25,C25F,2.029922093963251
pj,2.05,C07,C07K,2.029989919625223
hb,5.03,G06,G06N,2.030049638822675
uq,5.07,G01,G01R,2.030303046107292
aq,3.02,C08,C08L,2.030357152223587
zc,4.03,A61,A61C,2.030952397733927
ns,2.01,C08,C08B,2.031166226835921
ew,1.02,F21,F21K,2.03125
yi,6.03,A01,A01K,2.03125
pz,2.05,F23,F23L,2.03125
jy,4.05,C21,C21D,2.03125
oy,9,G01,G01B,2.03125
rb,2.02,A01,A01D,2.031250024214387
dx,3.01,A23,A23F,2.031611860729754
dw,1.04,F17,F17C,2.032070680288598
ut,6.02,A23,A23L,2.032258063554764
qa,3.01,H01,H01J,2.033069075085223
qg,2.05,G09,G09F,2.033074595965445
dq,9,B22,B22F,2.033126313239336
ii,2.04,E02,E02B,2.033134933561087
pq,1.01,B23,B23Q,2.033333335071802
ex,1.02,C08,C08K,2.033333335071802
uq,5.07,H01,H01M,2.033333338797092
eq,3.01,H01,H01Q,2.033333346247673
yi,6.03,B64,B64C,2.033333346247673
oz,6.02,B01,B01F,2.033333346247673
ii,2.04,B60,B60P,2.033333346247673
jw,6.02,H04,H04B,2.033333346247673
eu,2.02,G08,G08C,2.033333346247673
zc,4.03,H02,H02J,2.033333346247673
bk,6.04,G01,G01S,2.033333346247673
pj,2.05,C10,C10M,2.033333346247673
gy,5.02,B65,B65G,2.033333349972963
ae,4.05,E02,E02F,2.033333353698254
ne,3.03,B24,B24D,2.033333376049995
tq,3.02,C11,C11B,2.033358810469508
yr,2.01,B32,B32B,2.034127043560147
ea,1.04,D02,D02G,2.034382284618914
zd,9,H03,H03K,2.034523826092482
ja,1.05,B27,B27K,2.034795335493982
if,2.11,C10,C10M,2.034821458626539
ni,3.01,C08,C08J,2.034986299462616
wv,3.03,G11,G11B,2.035196700599045
ih,2.07,C05,C05G,2.035218313336372
ig,2.06,C10,C10M,2.035555558279157
js,6.04,H01,H01H,2.035714287310839
oa,2.11,E21,E21C,2.035714287310839
if,2.11,G04,G04G,2.035714302212
rt,3.02,C07,C07J,2.035919418092817
sr,2.07,B25,B25J,2.036007486283779
oa,2.11,F41,F41A,2.036111146211624
ro,1.07,B60,B60N,2.036363635212183
nn,3.03,A46,A46B,2.037037037312984
yi,6.03,B01,B01L,2.037037037312984
nn,3.03,G02,G02F,2.037037037312984
my,5.01,C02,C02F,2.037037052214146
dt,2.03,C01,C01D,2.037698423489928
pa,6.02,C07,C07H,2.037712632212788
cq,1.06,B60,B60W,2.037826092913747
ea,1.04,H04,H04R,2.03784877480939
li,3.02,A01,A01K,2.037865595542826
hq,1.04,F27,F27D,2.038095261901617
pn,1.01,A47,A47C,2.038461539894342
bq,6.05,G21,G21C,2.038461539894342
pq,1.01,A47,A47C,2.038461539894342
xa,5.04,H05,H05K,2.038461547344923
mu,4.01,C09,C09K,2.038461554795504
cq,1.06,A47,A47C,2.038461569696665
yr,2.01,A23,A23L,2.038487392477691
ij,2.11,G01,G01L,2.038580622524023
gu,1.06,G01,G01J,2.038876309990883
ya,3.02,G01,G01L,2.039210368413478
ur,1.01,A61,A61L,2.039270498789847
tu,3.01,B22,B22F,2.039283666294068
aa,1.03,H01,H01M,2.039865316823125
pz,2.05,F28,F28D,2.040441192686558
da,1.06,C05,C05F,2.040643783286214
hl,3.03,E21,E21B,2.041056200861931
ai,2.03,B29,B29D,2.041111112572253
cu,1.06,D01,D01F,2.041152270976454
uk,1.03,G05,G05G,2.04166666790843
ew,1.02,C09,C09J,2.04166666790843
bi,6.01,G03,G03F,2.04166666790843
fy,3.02,G01,G01S,2.04166666790843
yg,6.04,H03,H03K,2.04166666790843
pq,1.01,B64,B64D,2.04166666790843
dk,5.02,C22,C22B,2.04166666790843
pc,5.02,C01,C01B,2.04166667163372
xa,5.04,C08,C08G,2.041666675359011
ua,6.03,C23,C23C,2.041666679084301
pm,2.05,A63,A63C,2.041666679084301
ii,2.04,F41,F41H,2.041666679084301
ev,1.02,B64,B64D,2.041666684672236
pm,2.05,A45,A45D,2.041666686534882
dt,2.03,G06,G06K,2.041666686534882
iu,2.03,B21,B21C,2.041666686534882
wm,5.04,F04,F04B,2.041666686534882
yo,3.01,C10,C10M,2.041666690260172
uy,1.04,C10,C10B,2.041725389659405
re,1.05,C07,C07D,2.041949509177357
hy,1.06,C40,C40B,2.042140530247707
oi,3.02,A23,A23F,2.042313672602177
aa,1.03,C07,C07C,2.042407283559442
jy,4.05,F15,F15B,2.042572464793921
wu,5.04,F21,F21V,2.042877936735749
le,1.05,D21,D21H,2.04322224855423
jm,5.04,A61,A61B,2.043304553255439
ew,1.02,B01,B01F,2.043363500852138
hi,5.01,G06,G06T,2.04347019828856
sy,1.03,B60,B60G,2.04444445297122
ei,1.04,A24,A24F,2.044444464147091
dr,1.06,A63,A63F,2.044467828469351
dm,3.02,H03,H03H,2.044877357780933
ct,9,C08,C08J,2.044920457294211
ih,2.07,D01,D01F,2.045284809544683
we,3.02,B01,B01J,2.045355916488916
eq,3.01,C03,C03C,2.045454546809196
bq,6.05,E21,E21D,2.045454546809196
vj,5.01,C12,C12P,2.045526428613812
vi,5.01,C12,C12N,2.045639262185432
dk,5.02,G09,G09B,2.046049799770117
co,1.06,A63,A63B,2.046266254037619
ih,2.07,F16,F16L,2.046491270884871
ro,1.07,C08,C08H,2.046563599258661
eq,3.01,C08,C08G,2.047619048506022
js,6.04,G01,G01D,2.047619048506022
jb,5.07,F24,F24S,2.047619048506022
qa,3.01,C01,C01G,2.047979799099267
aa,1.03,C08,C08G,2.04847223777324
yp,3.02,G01,G01S,2.048611123580486
po,1.01,A61,A61M,2.048697550082579
uy,1.04,A47,A47G,2.048717978876084
qc,6.02,G11,G11C,2.049175839871168
et,1.02,C07,C07J,2.049262780230492
cu,1.06,C09,C09D,2.049432885833085
oi,3.02,A01,A01K,2.049436795990914
bi,6.01,B24,B24B,2.050000000745058
vj,5.01,C23,C23C,2.050000000745058
ja,1.05,C21,C21D,2.050000004470348
ui,1.03,F16,F16B,2.050000015646219
ij,2.11,B63,B63H,2.05000001937151
tq,3.02,A61,A61C,2.05009922850877
ds,3.02,G02,G02B,2.050917193293571
xq,2.11,A47,A47B,2.051282052882016
wc,3.03,G16,G16H,2.051388900727034
ze,1.06,A61,A61N,2.052161384141073
pi,1.06,E21,E21B,2.052332713734359
er,1.02,G03,G03G,2.052399018779397
tq,3.02,G16,G16H,2.052413912024349
pd,6.02,H04,H04W,2.052631579339504
yg,6.04,H03,H03M,2.052631579339504
py,3.02,B23,B23P,2.052631579339504
re,1.05,C21,C21B,2.052777821198106
dt,2.03,F28,F28C,2.052910082042217
sa,3.03,A47,A47J,2.05311357229948
ru,3.01,G10,G10H,2.053117972798645
dx,3.01,G11,G11C,2.053655260708183
cq,1.06,G21,G21F,2.053921584039927
ea,1.04,H02,H02P,2.053953021764755
ct,9,H04,H04W,2.054166682064533
rz,3.03,H04,H04H,2.054252456873655
zc,4.03,B82,B82Y,2.054570616222918
km,1.06,D06,D06P,2.055434811860323
qc,6.02,G06,G06T,2.055530595593154
le,1.05,C23,C23C,2.055555555969477
zc,4.03,C03,C03C,2.055555555969477
sa,3.03,H03,H03K,2.055555555969477
ad,4.02,A47,A47J,2.055555555969477
wu,5.04,A01,A01H,2.055555578321218
ah,4.01,B65,B65D,2.055555589497089
um,3.01,C09,C09D,2.055703490972519
dt,2.03,E04,E04B,2.055952411144972
km,1.06,A47,A47J,2.056043971329927
im,2.01,C01,C01G,2.056149056181312
wm,5.04,G02,G02B,2.056520986370742
ja,1.05,F23,F23N,2.056666672229767
sr,2.07,H01,H01S,2.05674520204775
co,1.06,A23,A23D,2.056892361724749
pw,2.06,G01,G01K,2.056931994855404
my,5.01,G01,G01N,2.05767501424998
qq,1.05,F23,F23G,2.058080844581127
wm,5.04,G09,G09B,2.058333337306976
ya,3.02,H01,H01R,2.058333359658718
ra,2.11,C11,C11D,2.058667159173638
js,6.04,B01,B01D,2.058787880465388
dk,5.02,H04,H04J,2.058823529630899
py,3.02,H02,H02K,2.059169855900109
jo,5.04,H04,H04B,2.059181444346905
um,3.01,G05,G05B,2.05923719657585
wv,3.03,B01,B01D,2.059523830190301
ya,3.02,F16,F16M,2.059523869305849
ij,2.11,H04,H04J,2.059844684787095
eu,2.02,B01,B01F,2.059999998658895
pc,5.02,A61,A61L,2.060031215194613
za,3.02,B05,B05B,2.060035841539502
if,2.11,G16,G16H,2.060086003970355
ea,1.04,F02,F02D,2.060481046326458
ec,1.04,B64,B64C,2.060530695132911
py,3.02,G05,G05D,2.061424763873219
ut,6.02,B25,B25J,2.061603021807969
cq,1.06,A41,A41D,2.061805600300431
bu,1.03,G06,G06N,2.061981190927327
ep,1.02,B60,B60C,2.062103217467666
qc,6.02,G06,G06N,2.062109511345625
pa,6.02,H03,H03F,2.0625
uq,5.07,B29,B29C,2.0625
de,1.06,G10,G10H,2.0625
iq,2.02,G10,G10D,2.0625
gc,1.05,G08,G08G,2.0625
qc,6.02,G03,G03G,2.0625
dm,3.02,A61,A61C,2.062500014901161
il,2.07,H01,H01H,2.062500029802322
rt,3.02,A47,A47L,2.062698420602828
lj,3.02,H01,H01L,2.064250720664859
di,5.02,B01,B01F,2.06468534655869
ka,4.01,C10,C10L,2.065059044864029
dt,2.03,G09,G09G,2.065416675060987
zc,4.03,H04,H04R,2.065556209534407
ze,1.06,C11,C11B,2.065599333844148
de,1.06,H01,H01G,2.06637501064688
rb,2.02,F21,F21V,2.066666670143604
ni,3.01,G10,G10H,2.066666670143604
dm,3.02,G10,G10H,2.066666670143604
sd,3.02,F28,F28D,2.066666670143604
uu,5.06,F16,F16C,2.066666677594185
ep,1.02,F16,F16C,2.066666681319475
gu,1.06,F16,F16C,2.066666685044765
aa,1.03,F03,F03D,2.066666696220636
xq,2.11,B05,B05D,2.066847059875727
vs,5.01,A61,A61K,2.066963118966669
pe,5.02,B01,B01D,2.066993484739214
ij,2.11,H01,H01B,2.067330665886402
ij,2.11,B23,B23P,2.067361138761044
iy,1.06,G01,G01V,2.067460343241692
re,1.05,G06,G06T,2.068223917856812
qa,3.01,G01,G01S,2.068259549327195
im,2.01,G07,G07D,2.068353187292814
rq,1.06,A23,A23K,2.068502065259963
pc,5.02,C08,C08J,2.068620275706053
es,2.02,B60,B60C,2.069047657772899
iq,2.02,G10,G10G,2.069444445893168
dy,1.04,G07,G07G,2.069444455206394
ii,2.04,B22,B22C,2.069444457069039
ja,1.05,D06,D06F,2.069444458931684
pz,2.05,B60,B60L,2.069444499909878
pe,5.02,C08,C08F,2.069705532863736
qh,2.05,F28,F28F,2.069711539894342
gy,5.02,H03,H03L,2.069711539894342
py,3.02,A24,A24F,2.069767441600561
ru,3.01,G10,G10D,2.069892472587526
uk,1.03,C07,C07H,2.070211153710261
qf,9,H02,H02N,2.070451137144119
ai,2.03,B06,B06B,2.070535724051297
da,1.06,F26,F26B,2.070625038817525
ru,3.01,G01,G01T,2.070824101101607
zr,1.05,F03,F03D,2.070833344012499
pi,1.06,A61,A61F,2.070918238721788
wh,3.02,B82,B82Y,2.071146541740745
op,3.03,A61,A61Q,2.071232580114156
di,5.02,B62,B62D,2.071428574621677
bq,6.05,F41,F41B,2.071428574621677
et,1.02,B29,B29B,2.071428574621677
de,1.06,H03,H03K,2.071428574621677
ky,1.05,B24,B24D,2.071428574621677
uu,5.06,F16,F16D,2.071428574621677
vj,5.01,C30,C30B,2.071428574621677
nu,5.08,B21,B21D,2.071428574621677
zd,9,A01,A01G,2.071428574621677
ii,2.04,G04,G04B,2.071428589522839
vi,5.01,A23,A23B,2.071428634226322
vy,3.02,G21,G21H,2.072222255170345
hq,1.04,F16,F16L,2.072683333884925
ih,2.07,C11,C11B,2.072764622978866
um,3.01,G01,G01K,2.073059987276793
ma,3.02,H04,H04R,2.073448799550533
dr,1.06,A41,A41D,2.073611144442111
ee,1.04,F16,F16F,2.073814709670842
bd,1.06,G01,G01N,2.073855308815837
pz,2.05,H01,H01S,2.074122134596109
po,1.01,G01,G01J,2.074205544777215
im,2.01,G01,G01P,2.074364475905895
ea,1.04,A61,A61G,2.075268815271556
fa,2.01,F28,F28D,2.075396850705147
iu,2.03,A24,A24B,2.075855949893594
bu,1.03,C08,C08L,2.076190494000912
pu,2.03,C08,C08B,2.076201236341149
et,1.02,G01,G01G,2.076685454696417
ac,2.02,B08,B08B,2.076716479845345
fs,6.04,C09,C09D,2.076923079788685
wm,5.04,G01,G01V,2.077304975129664
ma,3.02,C01,C01B,2.077339329523966
ja,1.05,C09,C09B,2.077478415332735
ih,2.07,A61,A61M,2.077573106624186
vj,5.01,C22,C22B,2.078461539000273
if,2.11,C21,C21D,2.078780317679048
cq,1.06,B09,B09B,2.078822879120708
xw,3.03,G01,G01G,2.078878425061703
he,5.03,G09,G09B,2.079161268658936
dw,1.04,C12,C12F,2.079487202689052
mc,1.06,B25,B25J,2.079544007778168
ja,1.05,B28,B28B,2.079807718284428
dt,2.03,F24,F24D,2.079861111938953
if,2.11,F03,F03G,2.080071004107594
zr,1.05,C01,C01D,2.08015875890851
pn,1.01,G05,G05F,2.080384162254632
ru,3.01,B60,B60L,2.080555558670312
ew,1.02,H03,H03D,2.081005273386836
ew,1.02,G05,G05G,2.081168834120035
qu,1.06,C09,C09J,2.081209172494709
pn,1.01,G02,G02C,2.081372597254813
ns,2.01,F03,F03G,2.082927166717127
pn,1.01,F16,F16F,2.083265797235072
im,2.01,G01,G01H,2.083300668746233
pk,2.05,A47,A47J,2.083333333954215
ai,2.03,B66,B66F,2.08333333581686
mm,6.01,A47,A47L,2.08333333581686
pq,1.01,A47,A47K,2.08333333581686
pn,1.01,D04,D04H,2.08333333581686
il,2.07,F03,F03D,2.08333333581686
yi,6.03,F28,F28D,2.08333333581686
oy,9,F16,F16C,2.08333333581686
tm,3.01,H01,H01G,2.08333333581686
za,3.02,A41,A41D,2.08333333581686
nu,5.08,F42,F42D,2.08333333581686
qk,6.01,H01,H01J,2.08333333581686
pz,2.05,B43,B43L,2.08333333581686
tc,3.02,F02,F02D,2.08333333581686
pc,5.02,A61,A61G,2.08333333581686
tu,3.01,A61,A61G,2.08333333581686
ya,3.02,F16,F16C,2.08333333581686
bd,1.06,A63,A63F,2.083333343267441
bd,1.06,A63,A63B,2.083333343267441
oz,6.02,A61,A61H,2.083333343267441
es,2.02,B41,B41C,2.083333343267441
oz,6.02,F42,F42B,2.083333343267441
le,1.05,B67,B67D,2.083333343267441
ot,6.02,H03,H03H,2.083333343267441
vx,5.01,B32,B32B,2.083333343267441
xa,5.04,B21,B21B,2.083333343267441
hi,5.01,B01,B01D,2.083333343267441
rz,3.03,H02,H02J,2.083333343267441
xw,3.03,B65,B65D,2.083333343267441
pj,2.05,A24,A24B,2.083333343267441
ui,1.03,F03,F03D,2.083333343267441
ew,1.02,F27,F27D,2.083333343267441
dk,5.02,B60,B60R,2.083333343267441
pz,2.05,B63,B63B,2.083333343267441
ya,3.02,H01,H01C,2.083333343267441
gu,1.06,E04,E04B,2.083333343267441
pn,1.01,F16,F16M,2.083333343267441
or,5.09,F16,F16D,2.083333343267441
xy,1.01,A61,A61Q,2.083333350718021
qj,2.05,D06,D06N,2.083333350718021
ex,1.02,B23,B23B,2.083333350718021
pm,2.05,A01,A01B,2.083333350718021
pn,1.01,A47,A47G,2.083333350718021
ja,1.05,H02,H02P,2.083333350718021
ve,3.02,C22,C22C,2.083333350718021
iq,2.02,E04,E04C,2.083333358168602
zq,2.07,F27,F27B,2.083333358168602
ei,1.04,F27,F27D,2.083333358168602
pk,2.05,B60,B60R,2.083333361893892
dr,1.06,C03,C03B,2.083333373069763
ik,2.11,H02,H02B,2.083333373069763
ip,2.07,H01,H01M,2.083684728480875
bq,6.05,F25,F25B,2.083766244351864
oe,5.06,H01,H01Q,2.084523813799024
ei,1.04,C12,C12H,2.084828241029754
pc,5.02,C12,C12N,2.084880171401892
iy,1.06,C09,C09D,2.085205053910613
un,1.03,H05,H05G,2.085267711430788
su,3.02,C09,C09D,2.085540283471346
zc,4.03,B01,B01L,2.085601532831788
ki,3.02,G16,G16H,2.086040591355413
pm,2.05,B65,B65B,2.086129072122276
ns,2.01,A63,A63F,2.086402523331344
hq,1.04,F24,F24F,2.086673201061785
ns,2.01,C06,C06B,2.08697462361306
ia,3.02,H01,H01M,2.087017349898815
dw,1.04,D01,D01D,2.087062047794461
rb,2.02,H03,H03H,2.087088249623775
if,2.11,F25,F25D,2.087121214717627
es,2.02,C08,C08L,2.087249138858169
yo,3.01,A61,A61D,2.087364131584764
ja,1.05,B04,B04C,2.087500063702464
im,2.01,H02,H02N,2.087686205748469
yq,5.07,G01,G01D,2.087719300761819
uh,1.03,G21,G21G,2.087781542912126
js,6.04,G01,G01J,2.087845854461193
qg,2.05,B65,B65B,2.087860540021211
dw,1.04,A61,A61N,2.088099886663258
di,5.02,H04,H04R,2.088131346739829
tu,3.01,B81,B81C,2.088172370567918
ea,1.04,H01,H01Q,2.088199354708195
dr,1.06,C30,C30B,2.088226662483066
dt,2.03,A23,A23L,2.088254728354514
sy,1.03,G01,G01G,2.088897857815027
tq,3.02,G01,G01J,2.089181297458708
ik,2.11,D06,D06M,2.089728659018874
si,1.05,B09,B09C,2.089800827205181
rp,6.04,B82,B82Y,2.089933179318905
po,1.01,G02,G02B,2.090029038256034
dw,1.04,H04,H04R,2.090151526033878
ky,1.05,C01,C01G,2.090172238647938
rp,6.04,A21,A21D,2.090909093618393
ev,1.02,C08,C08J,2.091006332659163
am,4.01,G01,G01F,2.091145850718021
vs,5.01,A61,A61N,2.091261235997081
ja,1.05,A24,A24B,2.091297618113458
xy,1.01,C11,C11D,2.091314484132454
if,2.11,A63,A63F,2.091519376263022
et,1.02,A41,A41D,2.091666705906391
wu,5.04,C09,C09D,2.092424266971648
js,6.04,A61,A61C,2.092631578445435
ps,5.04,G02,G02B,2.09285715315491
pj,2.05,A61,A61N,2.093750002793968
ix,2.07,C08,C08L,2.09385965205729
fi,1.04,C01,C01D,2.093867275863886
fi,1.04,C10,C10G,2.094036670401692
oe,5.06,H04,H04J,2.094079952687025
mm,6.01,B41,B41M,2.094298250973225
ru,3.01,B01,B01F,2.09432947303867
ja,1.05,B41,B41F,2.094444454647601
ia,3.02,F16,F16K,2.094827596098185
yo,3.01,A23,A23D,2.095031778793782
si,1.05,C08,C08F,2.095238097012043
id,2.07,B03,B03D,2.095383115112782
im,2.01,C06,C06B,2.095652222633362
pq,1.01,G08,G08B,2.095833336934447
ea,1.04,B60,B60C,2.095931151881814
di,5.02,G08,G08G,2.096464678645134
yq,5.07,B61,B61F,2.097222235053778
pk,2.05,C07,C07K,2.097364063723944
iu,2.03,F24,F24D,2.097718261182308
dy,1.04,B64,B64G,2.0977743412368
ih,2.07,G02,G02B,2.097817089408636
ij,2.11,B05,B05C,2.097826089709997
bu,1.03,C23,C23C,2.097838127054274
ka,4.01,H03,H03K,2.097985375672579
tc,3.02,A45,A45F,2.098102126270533
si,1.05,C07,C07C,2.098526258021593
he,5.03,H04,H04M,2.098594090901315
aa,1.03,F02,F02M,2.098878220655024
dr,1.06,G07,G07C,2.099060174077749
si,1.05,G02,G02B,2.099266117438674
dy,1.04,G16,G16H,2.099843800533563
if,2.11,B60,B60N,2.100000001490116
eu,2.02,C09,C09D,2.100000001490116
bk,6.04,C01,C01B,2.100000001490116
om,5.05,H04,H04J,2.100000001490116
pi,1.06,E02,E02B,2.100000001490116
eo,6.02,B60,B60R,2.100000001490116
yp,3.02,E21,E21B,2.100000001490116
za,3.02,B22,B22D,2.100000001490116
rz,3.03,G01,G01M,2.100000001490116
oy,9,B05,B05D,2.100000001490116
zm,1.06,B23,B23K,2.100000001490116
uy,1.04,F01,F01D,2.100000001490116
uu,5.06,E04,E04C,2.100000001490116
ne,3.03,B30,B30B,2.100000008940697
ub,1.03,F01,F01L,2.100000016391277
sy,1.03,A42,A42B,2.100000016391277
ai,2.03,F02,F02B,2.100000031292439
aa,1.03,H02,H02K,2.1002814671956
un,1.03,C03,C03C,2.100748586468399
yq,5.07,B62,B62D,2.101010102778673
ti,9,C08,C08K,2.101010103709996
if,2.11,C01,C01G,2.101077598519623
pj,2.05,G05,G05D,2.101190485060215
om,5.05,F04,F04B,2.101190492510796
ew,1.02,B44,B44C,2.101190499961376
su,3.02,C09,C09K,2.101190501824021
dy,1.04,H02,H02H,2.101515160873532
pu,2.03,B26,B26D,2.101583577692509
rp,6.04,C12,C12P,2.1017711982131
fy,3.02,G09,G09B,2.10189810488373
ur,1.01,G11,G11C,2.102128938306123
mm,6.01,C12,C12Q,2.102345576509833
qj,2.05,C08,C08H,2.102478319779038
ye,2.02,D01,D01F,2.102564105764031
dm,3.02,B65,B65B,2.10259632463567
pg,6.02,A61,A61K,2.102905575651675
ns,2.01,G08,G08B,2.103104567620903
ro,1.07,G07,G07B,2.103846177458763
zm,1.06,G11,G11C,2.104093234054744
zr,1.05,D21,D21F,2.10416666790843
cq,1.06,B21,B21B,2.10416667163372
ub,1.03,A63,A63H,2.104166677221656
dq,9,B41,B41J,2.104545459151268
gc,1.05,B23,B23K,2.104588394984603
nn,3.03,C08,C08L,2.104692858178169
pn,1.01,H03,H03G,2.105472427327186
re,1.05,C11,C11D,2.105555601418018
ew,1.02,B23,B23H,2.105654769577086
ru,3.01,B05,B05C,2.105978261679411
ee,1.04,H04,H04R,2.106060616672039
gu,1.06,G01,G01R,2.106246526353061
iu,2.03,F41,F41A,2.106366476044059
iq,2.02,A22,A22C,2.106481493450701
ja,1.05,C08,C08C,2.106585804838687
uy,1.04,A61,A61H,2.106746048666537
sd,3.02,H01,H01S,2.106756758410484
qj,2.05,B01,B01F,2.106837619096041
ze,1.06,A23,A23K,2.106954401824623
ig,2.06,F16,F16H,2.108180976007134
di,5.02,B41,B41J,2.108187135308981
uy,1.04,A01,A01H,2.108927221503109
hb,5.03,B01,B01D,2.108960008248687
ya,3.02,B05,B05B,2.109370529651642
pq,1.01,C12,C12P,2.110277007566765
di,5.02,H04,H04H,2.110548968426883
ai,2.03,F16,F16D,2.111111111938953
ui,1.03,A62,A62B,2.111111111938953
hi,5.01,H01,H01R,2.111111111938953
ga,3.02,C22,C22C,2.111111111938953
uy,1.04,A47,A47C,2.111111111938953
di,5.02,A01,A01D,2.111111111938953
xy,1.01,H01,H01B,2.111111111938953
gy,5.02,A47,A47G,2.111111111938953
om,5.05,F16,F16D,2.111111111938953
ua,6.03,G05,G05D,2.111111111938953
zr,1.05,B25,B25J,2.111111111938953
vm,5.06,G11,G11B,2.111111119389534
ip,2.07,H02,H02M,2.111111141741276
ei,1.04,F16,F16C,2.111111143603921
sy,1.03,F17,F17D,2.111706363037229
eu,2.02,H01,H01F,2.111904763616621
ac,2.02,D06,D06F,2.112500015646219
ns,2.01,B05,B05C,2.112797947134823
bu,1.03,C12,C12M,2.112857144093141
ur,1.01,C04,C04B,2.113148156553507
ni,3.01,G01,G01V,2.114379096776247
io,2.07,G05,G05B,2.114445779472589
ff,3.02,C07,C07C,2.114792567677796
qu,1.06,C01,C01G,2.114804985467345
mm,6.01,C09,C09K,2.114899016916752
nu,5.08,B29,B29B,2.114906836301088
op,3.03,A21,A21D,2.115044049802236
uq,5.07,G06,G06N,2.11546228453517
hi,5.01,G05,G05B,2.115798792801797
ye,2.02,G03,G03H,2.115933768916875
cl,9,G01,G01P,2.116256568580866
eq,3.01,A01,A01N,2.116477273404598
ja,1.05,F23,F23C,2.116666682064533
yi,6.03,C09,C09D,2.116666689515114
bf,5.04,H03,H03K,2.118055555969477
ew,1.02,G21,G21D,2.118055570870638
qf,9,G01,G01D,2.118441416416317
ha,5.03,A61,A61Q,2.118589762598276
nu,5.08,C30,C30B,2.118722594343126
az,3.02,A01,A01N,2.118738625198603
qu,1.06,H05,H05K,2.11904763802886
ac,2.02,B63,B63G,2.11904763802886
am,4.01,G05,G05D,2.119444455951452
ep,1.02,B66,B66F,2.120092626661062
ur,1.01,C07,C07C,2.12034896062687
xw,3.03,H01,H01M,2.1203703712672
xa,5.04,C09,C09K,2.12038691341877
vi,5.01,C12,C12Q,2.12110736919567
dr,1.06,H03,H03F,2.121212154626846
pe,5.02,C08,C08L,2.121527791023254
pk,2.05,F02,F02D,2.121825434267521
uu,5.06,B65,B65H,2.122222244739532
ur,1.01,C12,C12Q,2.122491187648848
pu,2.03,H01,H01R,2.123331029899418
ea,1.04,D01,D01D,2.123396416194737
om,5.05,H02,H02M,2.123626388609409
ue,2.11,B62,B62D,2.124206364154816
we,3.02,B82,B82Y,2.124811142683029
hf,6.03,G06,G06T,2.124828649684787
pz,2.05,F16,F16M,2.125
ea,1.04,C09,C09G,2.125
fa,2.01,C22,C22B,2.125
pa,6.02,F15,F15B,2.125
bf,5.04,C25,C25D,2.125
ki,3.02,C03,C03C,2.125
zd,9,B23,B23Q,2.125
lj,3.02,H01,H01F,2.125
my,5.01,G03,G03G,2.125
sa,3.03,G03,G03G,2.125
vy,3.02,A47,A47J,2.125
zd,9,F16,F16F,2.125
nu,5.08,H01,H01P,2.125
xw,3.03,F02,F02M,2.125
jm,5.04,B82,B82Y,2.125
vs,5.01,A01,A01N,2.125
tm,3.01,G10,G10H,2.125
pi,1.06,A63,A63F,2.125
ai,2.03,F24,F24H,2.125
dk,5.02,G01,G01V,2.125
xa,5.04,A01,A01H,2.125
yq,5.07,F16,F16H,2.125
nu,5.08,A41,A41D,2.125
tq,3.02,C08,C08K,2.125
km,1.06,B24,B24B,2.125000001862645
dr,1.06,G01,G01V,2.12500000372529
ru,3.01,B08,B08B,2.125000029802322
sy,1.03,E01,E01F,2.125000029802322
pe,5.02,G10,G10H,2.125000040978193
oy,9,C25,C25D,2.125000063329935
he,5.03,C25,C25D,2.125000063329935
js,6.04,A63,A63H,2.125641027465463
ua,6.03,H01,H01M,2.126811597496271
nn,3.03,A23,A23C,2.127594684250653
iu,2.03,B07,B07C,2.127777792513371
vx,5.01,G09,G09G,2.128020074218512
gu,1.06,H01,H01S,2.128067238256335
ds,3.02,G08,G08B,2.128373069688678
uk,1.03,B64,B64D,2.128697715699673
dt,2.03,H02,H02H,2.128787890076637
zm,1.06,A23,A23B,2.129166670143604
qu,1.06,G01,G01V,2.129248389042914
wm,5.04,C09,C09K,2.129289225675166
dt,2.03,G01,G01S,2.129411768168211
pa,6.02,C22,C22C,2.129411773756146
et,1.02,C05,C05F,2.129513900727034
pu,2.03,B08,B08B,2.129541968926787
ns,2.01,G05,G05F,2.129670383408666
ne,3.03,G01,G01P,2.129917195998132
hf,6.03,H04,H04M,2.130036054179072
zr,1.05,H05,H05B,2.13111113384366
nu,5.08,B60,B60B,2.131250001490116
dq,9,H01,H01S,2.131436480674893
tm,3.01,C23,C23C,2.131565665826201
tu,3.01,C22,C22C,2.13174606487155
ay,3.01,G09,G09B,2.131777527509257
zd,9,A23,A23K,2.131917927414179
ec,1.04,F01,F01N,2.131967257708311
wu,5.04,A61,A61Q,2.132039254531264
aq,3.02,A61,A61N,2.132109900936484
de,1.06,C08,C08J,2.13290580175817
ex,1.02,C02,C02F,2.132936533540487
pa,6.02,C07,C07F,2.133119671139866
pn,1.01,F23,F23D,2.133333340287209
pq,1.01,B23,B23K,2.133333344012499
up,1.03,C08,C08L,2.133333344012499
ve,3.02,B65,B65G,2.133333347737789
qh,2.05,F04,F04D,2.133333347737789
uu,5.06,H04,H04J,2.13333336263895
sr,2.07,B60,B60W,2.133432557806373
if,2.11,H03,H03B,2.133522734045982
vx,5.01,G02,G02C,2.133578434586525
rt,3.02,F16,F16K,2.133838385343552
qf,9,H04,H04W,2.133893589489162
pk,2.05,C22,C22F,2.133964880369604
ya,3.02,C12,C12P,2.134310962865129
xe,4.01,C07,C07K,2.135215028887615
ox,6.02,H04,H04W,2.135240234434605
le,1.05,B82,B82Y,2.135478688869625
tu,3.01,B25,B25J,2.135574724525213
ml,9,A61,A61Q,2.135601092129946
su,3.02,C22,C22C,2.136111117899418
le,1.05,C01,C01F,2.136220163665712
db,2.08,G01,G01D,2.13628389313817
su,3.02,C12,C12Y,2.136920099146664
qe,2.09,B01,B01F,2.137102401815355
hb,5.03,G11,G11C,2.137224266305566
il,2.07,G01,G01R,2.137292786035687
nn,3.03,G01,G01B,2.137373741716146
ya,3.02,G10,G10L,2.137500010430813
oa,2.11,C23,C23F,2.137511054053903
py,3.02,B60,B60K,2.137681161984801
mq,6.01,C07,C07F,2.137850661762059
ep,1.02,B41,B41F,2.137896832078695
ev,1.02,F41,F41H,2.137976214289665
oa,2.11,F22,F22B,2.137992846779525
rb,2.02,H01,H01Q,2.138329729670659
ew,1.02,G10,G10G,2.138888891786337
iu,2.03,E21,E21C,2.138888895511627
qh,2.05,E04,E04G,2.138888902962208
de,1.06,H01,H01M,2.139586875680834
id,2.07,A24,A24B,2.140084406826645
km,1.06,A23,A23G,2.140140468720347
dr,1.06,B41,B41J,2.140151526778936
eu,2.02,A61,A61F,2.140223612077534
qj,2.05,G02,G02F,2.140438582748175
pc,5.02,B60,B60R,2.140873018652201
pk,2.05,C12,C12Q,2.141084977658466
tu,3.01,F42,F42B,2.141666671261191
ew,1.02,A45,A45C,2.141666693612933
jb,5.07,H05,H05B,2.141666695475578
ae,4.05,E02,E02B,2.141666699200869
pu,2.03,C07,C07K,2.142160556279123
zm,1.06,G01,G01V,2.142399277538061
zd,9,C08,C08J,2.142448862083256
um,3.01,C09,C09K,2.142479026690125
gy,5.02,A01,A01C,2.142857149243355
pk,2.05,B02,B02C,2.142857149243355
xq,2.11,H02,H02M,2.142857149243355
vj,5.01,A01,A01G,2.142857149243355
gy,5.02,F16,F16D,2.142857149243355
xa,5.04,B27,B27M,2.142857149243355
bp,6.04,A41,A41D,2.142857149243355
ki,3.02,E04,E04B,2.142857149243355
js,6.04,F41,F41A,2.142857149243355
bp,6.04,H02,H02M,2.142857149243355
sy,1.03,B63,B63C,2.142857149243355
bq,6.05,G01,G01F,2.142857149243355
uy,1.04,F02,F02B,2.142857171595097
pw,2.06,H01,H01M,2.142996761016548
hb,5.03,H04,H04R,2.143272016197443
ro,1.07,B23,B23H,2.144322846084833
ur,1.01,A61,A61F,2.144588397582993
uf,1.03,B05,B05C,2.144999999552965
te,1.05,H04,H04N,2.145634934306145
ad,4.02,G02,G02B,2.145833344198763
le,1.05,G21,G21F,2.145833346992731
cn,5.01,G06,G06T,2.146007225848734
qa,3.01,H01,H01F,2.14621214568615
ry,2.03,F15,F15B,2.14628623239696
rt,3.02,G01,G01T,2.146357864141464
gc,1.05,B82,B82Y,2.146478850394487
oa,2.11,F02,F02P,2.146739156916738
pi,1.06,B01,B01J,2.146748925093561
ou,1.06,B01,B01J,2.147193130804226
dr,1.06,A61,A61C,2.147210264578462
gu,1.06,G10,G10L,2.147619143128395
le,1.05,H04,H04Q,2.147857157513499
uk,1.03,B41,B41C,2.147916711866856
ih,2.07,F03,F03D,2.148039263673127
id,2.07,B23,B23B,2.148148149251938
ja,1.05,F42,F42B,2.148148193955421
dw,1.04,F23,F23C,2.148313550278544
ij,2.11,A24,A24D,2.148437529802322
co,1.06,H05,H05K,2.148556226165965
rz,3.03,G08,G08B,2.148769863881171
qg,2.05,F16,F16L,2.149026421830058
pm,2.05,B23,B23C,2.14920637384057
im,2.01,G10,G10K,2.149283570237458
pn,1.01,F16,F16K,2.149390257894993
oa,2.11,F27,F27B,2.149444460868835
gy,5.02,A23,A23L,2.149584969971329
uk,1.03,B60,B60R,2.149603191763163
za,3.02,C09,C09K,2.149628957733512
nn,3.03,C09,C09D,2.149672613944858
fs,6.04,G01,G01R,2.149732623249292
mm,6.01,A63,A63H,2.150000000372529
dx,3.01,H01,H01R,2.150000000372529
bk,6.04,B22,B22D,2.150000005960464
dy,1.04,F23,F23D,2.150000005960464
pa,6.02,A23,A23K,2.150000013411045
ui,1.03,F42,F42B,2.150000020861626
tc,3.02,G01,G01B,2.150000020861626
qq,1.05,C08,C08K,2.150000024586916
ih,2.07,C01,C01C,2.150000058114529
di,5.02,A61,A61L,2.150153238791972
bf,5.04,G06,G06K,2.15021651238203
vm,5.06,G01,G01N,2.150819784961641
wc,3.03,G03,G03F,2.151149429380894
ik,2.11,G05,G05F,2.151337122544646
tu,3.01,H01,H01F,2.151433238759637
ea,1.04,G01,G01H,2.15176848648116
wh,3.02,C23,C23C,2.151984144002199
pe,5.02,F24,F24F,2.152380987070501
ro,1.07,G05,G05G,2.152597408741713
zr,1.05,E03,E03F,2.152777839452028
ga,3.02,B01,B01F,2.153030309826136
zc,4.03,H01,H01J,2.153102485928684
yr,2.01,H03,H03H,2.153169065713882
ku,5.07,G03,G03F,2.153409102000296
pn,1.01,A61,A61L,2.153606716310605
qe,2.09,C08,C08H,2.153687896672636
op,3.03,A61,A61F,2.153713546693325
bp,6.04,G07,G07B,2.153762917965651
ya,3.02,C08,C08H,2.153909371700138
dt,2.03,B81,B81B,2.154046298004687
zc,4.03,G05,G05B,2.154088728595525
mm,6.01,G02,G02C,2.154761910438538
uy,1.04,C05,C05C,2.155555563047528
rb,2.02,B64,B64D,2.155555583536625
po,1.01,B01,B01D,2.155725496821105
rz,3.03,G05,G05B,2.155906923115253
iu,2.03,B60,B60P,2.158333338797092
up,1.03,H04,H04Q,2.158333346247673
yq,5.07,G01,G01V,2.158333372324705
co,1.06,H01,H01B,2.158610352315009
mu,4.01,B05,B05B,2.158695654943585
ui,1.03,H03,H03D,2.158881507813931
dk,5.02,C08,C08L,2.158892513252795
ja,1.05,B65,B65G,2.159090942703187
eu,2.02,C07,C07C,2.159383093006909
mc,1.06,H04,H04B,2.159605907858349
cu,1.06,C08,C08J,2.159687143750489
dy,1.04,G21,G21H,2.160185214132071
ou,1.06,C12,C12N,2.160329566569999
ga,3.02,G01,G01R,2.160659242421389
fs,6.04,C08,C08J,2.160818714648485
ma,3.02,H01,H01J,2.160853397101164
pn,1.01,G01,G01L,2.160863099619746
vj,5.01,C12,C12N,2.16099298663903
dt,2.03,B32,B32B,2.160995491314679
de,1.06,D06,D06P,2.161111116409302
cq,1.06,G09,G09F,2.161267191870138
ro,1.07,D01,D01B,2.161290317773819
ra,2.11,C08,C08G,2.161529684904963
hb,5.03,G01,G01K,2.161671734880656
ei,1.04,A62,A62B,2.163194462656975
ei,1.04,B28,B28B,2.163194487337023
zq,2.07,C12,C12P,2.163302701432258
im,2.01,B64,B64C,2.163322465494275
oa,2.11,C40,C40B,2.163436431612354
xy,1.01,C40,C40B,2.163567093084566
ua,6.03,C12,C12N,2.163685565348715
bu,1.03,G05,G05B,2.164321608841419
ne,3.03,C03,C03B,2.16468258947134
rb,2.02,G09,G09G,2.165011462755501
qa,3.01,B08,B08B,2.16515152156353
uk,1.03,D21,D21H,2.165613748598844
co,1.06,C03,C03C,2.16609463095665
bi,6.01,H01,H01F,2.16666667163372
di,5.02,B60,B60T,2.16666667163372
gu,1.06,B05,B05D,2.16666667163372
nn,3.03,B41,B41F,2.16666667163372
ry,2.03,B66,B66C,2.16666667163372
py,3.02,A01,A01C,2.16666667163372
yg,6.04,H04,H04R,2.16666667163372
ih,2.07,F27,F27D,2.16666667163372
am,4.01,C25,C25D,2.16666667163372
de,1.06,A63,A63B,2.16666667163372
ip,2.07,B28,B28B,2.16666667163372
dm,3.02,B41,B41C,2.16666667163372
nn,3.03,C22,C22B,2.16666667163372
wu,5.04,B65,B65H,2.16666667163372
iy,1.06,G06,G06T,2.16666667163372
pa,6.02,D04,D04H,2.16666667163372
ku,5.07,A63,A63F,2.16666667163372
pa,6.02,D06,D06P,2.16666667163372
mm,6.01,C03,C03B,2.16666667163372
iq,2.02,D06,D06B,2.16666667163372
ki,3.02,G01,G01F,2.16666667163372
tu,3.01,H02,H02P,2.16666667163372
cl,9,B60,B60C,2.16666667163372
vp,3.03,G06,G06Q,2.16666667163372
cq,1.06,F15,F15B,2.16666667163372
bq,6.05,D06,D06N,2.16666667163372
ad,4.02,F26,F26B,2.16666667163372
if,2.11,A24,A24D,2.16666667163372
oe,5.06,A63,A63B,2.16666667163372
py,3.02,B60,B60P,2.16666667163372
nu,5.08,H01,H01C,2.16666667163372
qg,2.05,F02,F02C,2.16666667163372
wf,1.06,G11,G11B,2.16666667163372
pk,2.05,F02,F02B,2.16666667163372
iq,2.02,F16,F16G,2.16666667163372
nn,3.03,B63,B63B,2.16666667163372
pm,2.05,F24,F24D,2.16666667163372
jy,4.05,C10,C10J,2.16666667163372
ua,6.03,F16,F16K,2.16666667163372
xa,5.04,H02,H02K,2.16666667163372
fa,2.01,A47,A47B,2.16666667163372
de,1.06,C23,C23C,2.166666679084301
ru,3.01,D21,D21H,2.166666679084301
am,4.01,F23,F23G,2.166666686534882
ru,3.01,B60,B60T,2.166666686534882
sd,3.02,G01,G01C,2.166666686534882
xa,5.04,B23,B23K,2.166666686534882
yi,6.03,G05,G05F,2.166666686534882
dq,9,A01,A01D,2.166666686534882
mm,6.01,A01,A01D,2.166666686534882
ka,4.01,B23,B23K,2.166666686534882
iq,2.02,C21,C21C,2.166666686534882
oa,2.11,A47,A47J,2.166666686534882
oz,6.02,B03,B03C,2.166666686534882
ni,3.01,A47,A47L,2.166666686534882
yg,6.04,H02,H02M,2.166666686534882
eu,2.02,C03,C03C,2.166666686534882
pj,2.05,H02,H02K,2.166666686534882
wm,5.04,F41,F41H,2.166666686534882
py,3.02,B29,B29B,2.166666686534882
jy,4.05,B67,B67D,2.166666686534882
nn,3.03,B62,B62D,2.166666686534882
mm,6.01,B63,B63H,2.166666686534882
il,2.07,F03,F03B,2.166666690260172
uy,1.04,B44,B44F,2.166666693985462
oz,6.02,A23,A23K,2.166666693985462
um,3.01,E06,E06B,2.166666701436043
ew,1.02,B61,B61D,2.166666701436043
iu,2.03,H02,H02B,2.166666701436043
tu,3.01,E01,E01F,2.166666716337204
um,3.01,H01,H01J,2.166717932093889
ds,3.02,A61,A61G,2.166857693344355
zk,9,A63,A63F,2.167737724259496
rz,3.03,B01,B01J,2.168533625081182
cq,1.06,B04,B04B,2.168763985857368
uh,1.03,C09,C09C,2.168906367849559
pq,1.01,G05,G05D,2.169345263391733
rt,3.02,H01,H01G,2.169444464147091
re,1.05,A62,A62D,2.169642884284258
di,5.02,C04,C04B,2.169806972844526
ei,1.04,D06,D06F,2.16993466578424
er,1.02,H04,H04H,2.169943309389055
ai,2.03,B81,B81B,2.169943776912987
yo,3.01,G02,G02B,2.170057774055749
xy,1.01,A61,A61F,2.170171237317845
ji,5.01,A61,A61K,2.170193593017757
tq,3.02,B01,B01F,2.170353538356721
nu,5.08,G01,G01K,2.170454546809196
io,2.07,G01,G01J,2.170454562176019
pm,2.05,B64,B64F,2.170634930953383
jy,4.05,G01,G01S,2.170965626835823
dw,1.04,H04,H04B,2.171001219190657
ua,6.03,B42,B42D,2.171428576111794
ad,4.02,C09,C09K,2.171428576111794
dq,9,H02,H02K,2.171470357105136
ex,1.02,A61,A61Q,2.171474369242787
ml,9,G06,G06T,2.171568645164371
ub,1.03,F15,F15B,2.171631713397801
qk,6.01,A61,A61B,2.171762030106038
ih,2.07,F02,F02M,2.171875034924597
sy,1.03,E02,E02F,2.172008553519845
vy,3.02,B65,B65H,2.172619048506022
dt,2.03,H01,H01Q,2.172619063872844
dr,1.06,A01,A01G,2.172931253910065
ne,3.03,A21,A21D,2.173001514747739
cn,5.01,H04,H04M,2.17302022036165
ia,3.02,A23,A23J,2.173606757074594
xa,5.04,A41,A41D,2.173611116129905
pz,2.05,B81,B81C,2.173700788989663
gu,1.06,B01,B01L,2.173888891935349
fi,1.04,G01,G01K,2.174056004267186
cq,1.06,A24,A24D,2.174621589481831
xw,3.03,G01,G01S,2.17528248950839
ph,6.02,H04,H04L,2.175297629088163
pk,2.05,F04,F04B,2.17600507219322
js,6.04,B82,B82Y,2.176064904779196
iq,2.02,A21,A21D,2.176480878610164
qj,2.05,C09,C09J,2.176767711527646
aq,3.02,C12,C12R,2.176819196902215
iu,2.03,D21,D21G,2.176881726365536
vj,5.01,C08,C08J,2.176923081278801
ja,1.05,D04,D04H,2.176923118531704
li,3.02,G07,G07F,2.177182586863637
ff,3.02,G08,G08B,2.177330611273646
ju,4.01,B01,B01D,2.177513243630528
rt,3.02,H01,H01H,2.177777782082558
oa,2.11,G12,G12B,2.177777782082558
ec,1.04,A61,A61M,2.178062603808939
li,3.02,B01,B01D,2.178263842128217
ip,2.07,B09,B09C,2.178443276323378
uf,1.03,G01,G01K,2.178510311059654
su,3.02,B06,B06B,2.178571429103613
dq,9,A61,A61C,2.178640406578779
nm,5.02,C07,C07D,2.178819447290152
cu,1.06,A63,A63B,2.178931740578264
wm,5.04,H04,H04Q,2.179166689515114
gu,1.06,C12,C12Y,2.179195591248572
ex,1.02,B01,B01J,2.179213592549786
ht,1.06,A01,A01K,2.179285347112454
yr,2.01,E01,E01C,2.179437270388007
il,2.07,G06,G06T,2.17964100651443
et,1.02,C30,C30B,2.179702358320355
kv,1.05,C07,C07C,2.179782015271485
zq,2.07,H04,H04L,2.179818001575768
pz,2.05,C12,C12Q,2.180202839197591
ya,3.02,D06,D06M,2.180345125496387
jy,4.05,C09,C09C,2.180345133878291
ae,4.05,A23,A23J,2.180437622591853
pm,2.05,H04,H04H,2.180555555969477
im,2.01,H02,H02M,2.180555570870638
le,1.05,B09,B09B,2.180555576458573
ig,2.06,H03,H03B,2.180651070550084
rt,3.02,A23,A23C,2.180713422130793
iu,2.03,B66,B66C,2.180937477853149
oe,5.06,C23,C23C,2.181442614644766
ex,1.02,G06,G06G,2.181600139476359
wm,5.04,G03,G03F,2.182127816369757
ku,5.07,G09,G09B,2.18245342373848
db,2.08,B02,B02C,2.182738130912185
tq,3.02,C21,C21D,2.183333344757557
le,1.05,G01,G01L,2.183333352208138
bk,6.04,H01,H01G,2.183333374559879
ya,3.02,G01,G01V,2.183698879089206
bq,6.05,G01,G01L,2.183823529630899
ei,1.04,C12,C12R,2.184239661553875
yi,6.03,G01,G01F,2.184722226113081
ij,2.11,B65,B65H,2.184722241014242
db,2.08,A45,A45D,2.184946242719889
rp,6.04,C03,C03C,2.185089427046478
dt,2.03,G01,G01V,2.185545591637492
vj,5.01,H04,H04R,2.186011917889118
wh,3.02,C01,C01B,2.186476419679821
es,2.02,H05,H05G,2.186747732106596
uu,5.06,C02,C02F,2.187074834480882
ub,1.03,B63,B63B,2.187179509550333
qk,6.01,G01,G01N,2.187211639247835
xa,5.04,H01,H01Q,2.18727108836174
de,1.06,C05,C05C,2.187373781576753
ja,1.05,G02,G02F,2.187446314375848
ro,1.07,F42,F42D,2.1875
ga,3.02,A61,A61C,2.187641749158502
re,1.05,C09,C09C,2.187731761485338
tm,3.01,C22,C22C,2.18794328160584
ac,2.02,H04,H04S,2.188532934058458
ew,1.02,H01,H01T,2.18888889066875
ba,3.02,C08,C08F,2.188888896256685
dt,2.03,C03,C03B,2.188888929784298
hq,1.04,C40,C40B,2.189084296580404
if,2.11,F24,F24S,2.189393945038319
fy,3.02,G11,G11C,2.189668180420995
nn,3.03,B08,B08B,2.189682608470321
es,2.02,G07,G07D,2.190455155447125
dw,1.04,C10,C10C,2.190476225689054
dy,1.04,A46,A46B,2.191287882626057
pi,1.06,G11,G11B,2.191468261182308
qf,9,G01,G01C,2.191587327048182
aa,1.03,F02,F02K,2.191666703671217
ew,1.02,H03,H03J,2.191869335249066
ik,2.11,C08,C08F,2.192020740360022
gu,1.06,C22,C22B,2.192156897857785
pu,2.03,H01,H01G,2.192306953947991
ae,4.05,H04,H04L,2.192445565015078
ik,2.11,C03,C03B,2.193138013593853
ep,1.02,B21,B21B,2.193750015459955
le,1.05,C03,C03C,2.19388510659337
cn,5.01,H04,H04B,2.193969318643212
ei,1.04,F01,F01M,2.194444447755814
dw,1.04,C06,C06D,2.194444447755814
ja,1.05,G03,G03C,2.194444452412426
im,2.01,C22,C22C,2.194444470107555
ma,3.02,G02,G02F,2.194444477558136
ns,2.01,B41,B41F,2.194444479420781
oa,2.11,C21,C21D,2.194444485008717
ai,2.03,F28,F28F,2.194826028309762
uu,5.06,G01,G01F,2.195350242778659
bf,5.04,C07,C07C,2.195539948064834
ja,1.05,C25,C25D,2.195666271727532
um,3.01,G01,G01J,2.195865333313122
uk,1.03,B28,B28D,2.195945981424302
ja,1.05,C09,C09G,2.196031769737601
wm,5.04,G10,G10L,2.19687993824482
dr,1.06,C09,C09C,2.196969702839851
ec,1.04,H01,H01S,2.197098917327821
lq,3.03,A61,A61Q,2.197727296501398
ac,2.02,C22,C22C,2.19791667163372
id,2.07,F22,F22G,2.197916686534882
ma,3.02,H05,H05B,2.1980010420084
ia,3.02,H04,H04Q,2.198232345283031
ii,2.04,F25,F25D,2.198863655328751
un,1.03,G11,G11B,2.199745631311089
nn,3.03,G05,G05B,2.199836748186499
qh,2.05,H01,H01Q,2.200000002980232
ai,2.03,A23,A23K,2.200000002980232
ni,3.01,F02,F02C,2.200000002980232
ad,4.02,C03,C03C,2.200000002980232
ro,1.07,D06,D06L,2.200000002980232
bq,6.05,C22,C22C,2.200000002980232
ve,3.02,H02,H02G,2.200000002980232
om,5.05,B21,B21B,2.200000002980232
qc,6.02,H01,H01J,2.200000002980232
rp,6.04,B22,B22F,2.200000002980232
or,5.09,C01,C01B,2.200000002980232
ij,2.11,D06,D06M,2.200000002980232
ya,3.02,F24,F24C,2.200000002980232
yg,6.04,A01,A01H,2.200000002980232
nu,5.08,E05,E05B,2.200000002980232
ua,6.03,H01,H01S,2.200000014156103
ye,2.02,F28,F28D,2.200000017881393
pk,2.05,F42,F42B,2.200000017881393
pm,2.05,E03,E03B,2.200000017881393
ya,3.02,F16,F16B,2.200000032782555
yq,5.07,B65,B65G,2.200000051409006
op,3.03,A01,A01N,2.200281577184796
ik,2.11,C07,C07C,2.200346789788455
ac,2.02,B06,B06B,2.200838759541512
de,1.06,C08,C08C,2.20133057422936
ev,1.02,G21,G21D,2.201388906687498
qg,2.05,G05,G05D,2.201526244170964
ip,2.07,C12,C12P,2.201697049662471
wu,5.04,B64,B64D,2.20238097384572
db,2.08,G01,G01F,2.20344852283597
mu,4.01,A61,A61Q,2.203708802349865
tu,3.01,H01,H01B,2.20373503677547
wm,5.04,H04,H04R,2.203848633915186
pz,2.05,D06,D06F,2.204166673123837
ye,2.02,F15,F15B,2.204166673123837
ni,3.01,C09,C09D,2.204456261359155
da,1.06,C25,C25B,2.204911059234291
yy,5.07,H05,H05K,2.205128211528063
nq,5.01,G05,G05D,2.205128211528063
uf,1.03,H02,H02K,2.205687869340181
ik,2.11,H04,H04Q,2.206481497734785
yg,6.04,G09,G09G,2.206666685640812
yo,3.01,G11,G11C,2.206682371906936
vi,5.01,G11,G11C,2.206851853057742
ea,1.04,C05,C05D,2.207037832587957
up,1.03,C23,C23C,2.207439774647355
om,5.05,H04,H04R,2.207539729773998
dx,3.01,C09,C09J,2.207658193306997
pj,2.05,A61,A61M,2.20766718313098
fa,2.01,C08,C08J,2.20798740722239
ii,2.04,G01,G01T,2.208147195633501
dq,9,A23,A23D,2.208252953365445
ep,1.02,A23,A23G,2.20833333581686
pc,5.02,G01,G01G,2.20833333581686
ee,1.04,F26,F26B,2.20833333581686
rz,3.03,F02,F02M,2.20833333581686
uy,1.04,B23,B23P,2.20833333954215
sa,3.03,H04,H04B,2.20833333954215
pu,2.03,E02,E02B,2.208333343267441
fy,3.02,H01,H01R,2.208333343267441
ub,1.03,F42,F42C,2.208333343267441
bk,6.04,F15,F15B,2.208333343267441
es,2.02,G06,G06J,2.208333343267441
ve,3.02,B60,B60L,2.208333343267441
ii,2.04,B41,B41N,2.208333343267441
pj,2.05,A63,A63F,2.208333358168602
fa,2.01,E04,E04D,2.208333380520344
bu,1.03,B82,B82Y,2.208337799180299
gc,1.05,C23,C23C,2.20866936724633
co,1.06,A23,A23F,2.208778743166476
gc,1.05,A61,A61L,2.209230259992182
iu,2.03,H03,H03B,2.209385057911277
ix,2.07,C04,C04B,2.20948426052928
rb,2.02,G03,G03B,2.209672170691192
jy,4.05,G01,G01B,2.211056650150567
tu,3.01,A47,A47J,2.21125097759068
vi,5.01,A23,A23L,2.211817591683939
vj,5.01,B32,B32B,2.212121218442917
gy,5.02,A23,A23G,2.212301588617265
xq,2.11,C08,C08C,2.212500003166497
ma,3.02,B01,B01F,2.21274136309512
uk,1.03,C40,C40B,2.212826806120574
qh,2.05,F16,F16L,2.212962990626693
su,3.02,C10,C10G,2.213095270097256
tc,3.02,H04,H04M,2.213636375963688
yr,2.01,H05,H05K,2.213729889132082
wm,5.04,A61,A61L,2.213866081554443
cq,1.06,C05,C05G,2.213899767957628
ih,2.07,A23,A23C,2.213918608147651
yr,2.01,C07,C07D,2.214071006979793
pa,6.02,A47,A47B,2.214285723865032
bk,6.04,G01,G01D,2.214285731315613
pz,2.05,B23,B23H,2.214285731315613
ou,1.06,G01,G01R,2.214285735040903
iu,2.03,F23,F23M,2.214285761117935
qg,2.05,C07,C07K,2.214315006160177
xy,1.01,G01,G01J,2.215395058272406
ia,3.02,G01,G01V,2.215909108519554
qq,1.05,C12,C12Q,2.215990365948528
hl,3.03,B01,B01D,2.216269847005606
ve,3.02,B32,B32B,2.216269871219993
hy,1.06,A23,A23K,2.216343540465459
nu,5.08,C22,C22F,2.216661706566811
ox,6.02,A61,A61K,2.216665907064453
bp,6.04,F16,F16H,2.216666672378778
es,2.02,D06,D06F,2.216666672378778
uy,1.04,A01,A01D,2.216666679829359
ew,1.02,A43,A43B,2.216666698455811
ex,1.02,G07,G07G,2.216666705906391
ji,5.01,B60,B60W,2.217063521035016
mq,6.01,C12,C12Q,2.217068057041615
uk,1.03,B65,B65B,2.217222243081778
pa,6.02,C10,C10M,2.217543862760067
lq,3.03,A01,A01N,2.217763738241047
ii,2.04,D21,D21B,2.21840553265065
db,2.08,G01,G01B,2.218415507930331
yq,5.07,H03,H03F,2.21856473153457
qq,1.05,H01,H01R,2.21908604260534
mc,1.06,G05,G05B,2.219224292784929
vy,3.02,C03,C03C,2.21990741789341
ik,2.11,D21,D21H,2.220182280987501
dm,3.02,G10,G10L,2.220833335071802
qf,9,C10,C10M,2.220833340659738
ev,1.02,C12,C12M,2.221079604001716
bp,6.04,A01,A01H,2.221367567777634
ai,2.03,F03,F03B,2.221428580582142
jb,5.07,C23,C23C,2.221428588032722
aa,1.03,B01,B01L,2.221553450450301
iq,2.02,B03,B03B,2.221621903823689
ih,2.07,C25,C25C,2.221843459643424
uu,5.06,A43,A43B,2.222222227603197
ub,1.03,B44,B44D,2.222222227603197
ij,2.11,F02,F02M,2.222222227603197
eu,2.02,B32,B32B,2.222222242504358
zc,4.03,C10,C10L,2.222222242504358
vi,5.01,H05,H05K,2.222222242504358
if,2.11,C10,C10B,2.222527481615543
dx,3.01,B32,B32B,2.222897930070758
ne,3.03,A23,A23B,2.223223310895264
ea,1.04,A61,A61C,2.223275881027803
ew,1.02,A41,A41D,2.223448798060417
ja,1.05,B60,B60K,2.223958365619183
ii,2.04,D21,D21D,2.223960562609136
pz,2.05,E21,E21C,2.224033834412694
oa,2.11,C25,C25B,2.224136315984651
pm,2.05,B60,B60H,2.22453703917563
gu,1.06,G01,G01C,2.224897817242891
pn,1.01,D21,D21H,2.225000008940697
km,1.06,G09,G09G,2.225000012665987
ig,2.06,A41,A41D,2.225271226838231
pa,6.02,G01,G01J,2.22549020126462
co,1.06,G01,G01L,2.22568014729768
re,1.05,C08,C08J,2.225680751027539
ry,2.03,C23,C23F,2.225947000086308
pa,6.02,A21,A21D,2.226122451480478
oe,5.06,H03,H03H,2.226190485060215
cu,1.06,C01,C01B,2.226371548138559
ep,1.02,G06,G06G,2.227056292816997
qq,1.05,B41,B41J,2.227281274273992
ra,2.11,A61,A61F,2.227423253702
gy,5.02,G01,G01J,2.227686231024563
qg,2.05,H05,H05G,2.228212727233768
bp,6.04,C12,C12Q,2.228380080778152
wy,5.04,G01,G01N,2.228817023336887
pa,6.02,H02,H02J,2.22916667163372
oa,2.11,F02,F02K,2.22916667163372
zd,9,H01,H01R,2.229166673496366
da,1.06,C01,C01B,2.22966636531055
ue,2.11,B81,B81B,2.229735611472279
id,2.07,B66,B66C,2.229784956667572
za,3.02,G05,G05D,2.230118431150913
pc,5.02,G05,G05D,2.230128221213818
qq,1.05,G03,G03B,2.230303034186363
mu,4.01,H05,H05B,2.230303063988686
qa,3.01,B60,B60R,2.23069107439369
uf,1.03,F02,F02D,2.231481501832604
ee,1.04,G02,G02C,2.231528181582689
ue,2.11,H01,H01P,2.232264029793441
oa,2.11,B66,B66F,2.232638951390982
yr,2.01,H01,H01R,2.232974964194
zr,1.05,C08,C08F,2.232977755367756
ae,4.05,A61,A61Q,2.233164366334677
pa,6.02,B22,B22F,2.233333341777325
uu,5.06,B05,B05B,2.233333364129066
pk,2.05,B81,B81B,2.233417212497443
ip,2.07,G01,G01L,2.233549807220697
sy,1.03,C40,C40B,2.233560848049819
qj,2.05,C12,C12Q,2.233881261199713
co,1.06,G16,G16H,2.23409313778393
zr,1.05,F16,F16L,2.234127023257315
gy,5.02,F04,F04B,2.234920652583241
xy,1.01,C08,C08L,2.235714294016361
zq,2.07,B65,B65G,2.236111111938953
yi,6.03,C22,C22C,2.236111111938953
ac,2.02,A01,A01M,2.236111121252179
io,2.07,G01,G01P,2.236378218978643
we,3.02,C08,C08L,2.236672297120094
yp,3.02,G07,G07F,2.238095242530107
ct,9,A61,A61N,2.238684605108574
ot,6.02,A45,A45D,2.238888893276453
aa,1.03,F02,F02C,2.238888905383646
pu,2.03,H01,H01H,2.239542528055608
jy,4.05,G01,G01V,2.239682551473379
ra,2.11,A61,A61Q,2.239714872092009
ac,2.02,F41,F41H,2.239754753187299
pt,3.03,B01,B01D,2.239972905255854
dy,1.04,B21,B21B,2.240277789533138
bu,1.03,H05,H05H,2.240707685705274
ga,3.02,H05,H05H,2.240736488252878
uu,5.06,A61,A61L,2.241034095175564
bi,6.01,G05,G05B,2.241129048168659
wq,5.01,C09,C09K,2.241287890821695
db,2.08,B60,B60C,2.241666670888662
gu,1.06,G09,G09G,2.241666670888662
ya,3.02,F25,F25D,2.241935501806438
ai,2.03,B81,B81C,2.241970668546855
im,2.01,C03,C03C,2.242063526064157
qq,1.05,B09,B09C,2.242240051738918
tm,3.01,G16,G16H,2.243724076775834
ot,6.02,H04,H04J,2.244586624205112
et,1.02,A23,A23J,2.244642872363329
ua,6.03,C12,C12Q,2.244666321203113
cq,1.06,G03,G03H,2.246164080221206
ac,2.02,F15,F15C,2.246298240497708
yo,3.01,B41,B41J,2.246794883161783
su,3.02,H01,H01S,2.247852321714163
ve,3.02,A47,A47C,2.248059995472431
pu,2.03,H02,H02P,2.249033831059933
oz,6.02,H03,H03H,2.25
le,1.05,B25,B25B,2.25
oy,9,F01,F01D,2.25
zm,1.06,G02,G02F,2.25
wc,3.03,E04,E04D,2.25
ve,3.02,E04,E04F,2.25
rz,3.03,G07,G07C,2.25
gm,3.03,B32,B32B,2.25
ai,2.03,G03,G03G,2.25
pw,2.06,B60,B60R,2.25
xw,3.03,F41,F41B,2.25
js,6.04,H03,H03G,2.25
bp,6.04,C07,C07B,2.25
ki,3.02,G05,G05B,2.25
dw,1.04,F16,F16H,2.25
sy,1.03,F16,F16D,2.25
ne,3.03,B60,B60Q,2.25
de,1.06,H01,H01H,2.25
yq,5.07,G01,G01L,2.25
rz,3.03,B22,B22D,2.25
ua,6.03,F03,F03D,2.25
ec,1.04,G01,G01L,2.25
gy,5.02,E05,E05B,2.25
ai,2.03,G09,G09F,2.25
ot,6.02,F01,F01D,2.25
ox,6.02,G03,G03F,2.25
wq,5.01,B32,B32B,2.25
if,2.11,B23,B23D,2.25
za,3.02,E01,E01F,2.25
pj,2.05,B24,B24D,2.25
ai,2.03,B65,B65G,2.25
ta,1.06,H01,H01L,2.25
we,3.02,C23,C23C,2.25
oe,5.06,C21,C21D,2.25
ni,3.01,A61,A61G,2.25
ja,1.05,F28,F28B,2.25
zd,9,B60,B60T,2.25
jw,6.02,H04,H04M,2.25
nu,5.08,H05,H05H,2.25
yq,5.07,H03,H03K,2.25
yg,6.04,G01,G01P,2.25
dq,9,H05,H05G,2.25
rp,6.04,B61,B61G,2.25
pz,2.05,B61,B61L,2.25
si,1.05,A63,A63F,2.25
bk,6.04,A23,A23G,2.25
zm,1.06,B41,B41M,2.25
iu,2.03,F28,F28B,2.25
vj,5.01,H02,H02H,2.25
ve,3.02,F28,F28D,2.25
vj,5.01,G01,G01D,2.25
js,6.04,H01,H01B,2.25
xa,5.04,F21,F21V,2.25
qj,2.05,B03,B03C,2.25
pg,6.02,G01,G01R,2.25
vi,5.01,C08,C08G,2.25
bi,6.01,G02,G02F,2.25
pg,6.02,A01,A01H,2.25
ph,6.02,H05,H05K,2.25
jb,5.07,F16,F16L,2.25
wu,5.04,B62,B62D,2.25
xa,5.04,E04,E04B,2.25
ex,1.02,A46,A46B,2.25
mm,6.01,B41,B41F,2.25
bp,6.04,E04,E04C,2.25
ya,3.02,B63,B63H,2.25
zc,4.03,F42,F42B,2.25
vx,5.01,E06,E06B,2.25
eu,2.02,B24,B24B,2.25
ya,3.02,B42,B42D,2.25
ka,4.01,B27,B27B,2.25
py,3.02,C09,C09C,2.25
za,3.02,B41,B41F,2.25
su,3.02,E04,E04B,2.25
wm,5.04,B23,B23K,2.25
pa,6.02,G21,G21C,2.25
ep,1.02,F02,F02B,2.25
ua,6.03,F16,F16F,2.25
ue,2.11,B41,B41B,2.25
nu,5.08,F02,F02M,2.25
ik,2.11,D04,D04H,2.250000007450581
lq,3.03,F21,F21V,2.250000007450581
iy,1.06,G01,G01S,2.250000007450581
nu,5.08,A61,A61H,2.250000007450581
eu,2.02,A47,A47L,2.250000014901161
tq,3.02,G01,G01G,2.250000014901161
tu,3.01,F16,F16C,2.250000014901161
tq,3.02,C01,C01B,2.250000014901161
wu,5.04,F16,F16H,2.250000029802322
gy,5.02,D04,D04H,2.250000029802322
om,5.05,B05,B05B,2.250000029802322
pj,2.05,B28,B28B,2.250000029802322
wu,5.04,B23,B23K,2.250000029802322
ih,2.07,G01,G01P,2.250000029802322
tu,3.01,C01,C01C,2.250000029802322
su,3.02,H05,H05K,2.250000029802322
ea,1.04,C01,C01C,2.250000044703484
ha,5.03,B64,B64D,2.250000052154064
qa,3.01,H01,H01M,2.250319557031617
pc,5.02,C07,C07F,2.250944825820625
ht,1.06,G06,G06T,2.251555726397783
ye,2.02,A01,A01B,2.251683538779616
nu,5.08,C12,C12H,2.252283119829372
le,1.05,H05,H05B,2.252528799697757
pu,2.03,G09,G09B,2.252564143389463
pk,2.05,A01,A01H,2.252588029950857
ig,2.06,B60,B60W,2.253075423184782
qe,2.09,A23,A23L,2.254158265888691
ro,1.07,B21,B21F,2.254166670143604
dq,9,F02,F02D,2.254310344811529
ew,1.02,H02,H02N,2.25459872558713
et,1.02,G04,G04G,2.254761919379234
qq,1.05,G01,G01F,2.254761934280396
ep,1.02,H01,H01B,2.255041502416134
pk,2.05,H02,H02N,2.255086509278044
ye,2.02,B65,B65G,2.255291031673551
ur,1.01,B32,B32B,2.255494546610862
dy,1.04,C06,C06C,2.255555558949709
ye,2.02,A47,A47G,2.255952432751656
za,3.02,H05,H05K,2.25621890835464
dr,1.06,C08,C08K,2.256238496629521
ue,2.11,G10,G10K,2.256886046379805
ae,4.05,A61,A61L,2.25704508065246
ur,1.01,G09,G09G,2.257459569722414
rp,6.04,H03,H03H,2.257575757801533
pj,2.05,A63,A63B,2.257575761526823
bf,5.04,G01,G01V,2.257575780153275
if,2.11,D21,D21F,2.258333340287209
ij,2.11,B05,B05B,2.258333366364241
eq,3.01,G05,G05B,2.258823532611132
rb,2.02,F16,F16K,2.259232679381967
et,1.02,A63,A63H,2.260073273442686
ep,1.02,F04,F04D,2.260119058191776
wm,5.04,H02,H02J,2.260714292526245
nq,5.01,C07,C07C,2.260912721976638
ra,2.11,B41,B41J,2.261363636702299
pj,2.05,H05,H05B,2.26136364415288
wc,3.03,A41,A41D,2.261538464576006
ai,2.03,B24,B24B,2.262301616370678
tm,3.01,F04,F04B,2.262500059790909
wq,5.01,G11,G11C,2.262774758040905
vy,3.02,C11,C11D,2.262820520438254
am,4.01,A24,A24D,2.263020900543779
ph,6.02,A61,A61K,2.263072210364044
bi,6.01,C07,C07C,2.263649430125952
qe,2.09,C10,C10M,2.263685639947653
ro,1.07,F21,F21S,2.263888891786337
qf,9,B08,B08B,2.264429634436965
ni,3.01,G08,G08B,2.26448415312916
yu,3.03,A61,A61B,2.264559661969543
hb,5.03,C07,C07K,2.264818733441643
dt,2.03,B05,B05B,2.264831384876743
bf,5.04,G09,G09B,2.265367934480309
zd,9,F02,F02M,2.265625
yi,6.03,H04,H04J,2.266666673123837
pm,2.05,B33,B33Y,2.266666680574417
pq,1.01,C08,C08J,2.266666680574417
co,1.06,B62,B62D,2.266666688024998
ro,1.07,A62,A62C,2.266666702926159
qj,2.05,G03,G03C,2.266666734591126
xe,4.01,H05,H05K,2.267176071181893
pw,2.06,A23,A23L,2.267583524808288
fi,1.04,F25,F25B,2.267614331096411
jb,5.07,G01,G01C,2.267837464809418
tm,3.01,B60,B60N,2.268181817606091
uk,1.03,C25,C25C,2.268646160140634
pe,5.02,H01,H01M,2.268669930286705
xw,3.03,G02,G02F,2.269230769947171
za,3.02,A61,A61C,2.269444450736046
ry,2.03,G02,G02F,2.269899554550648
hl,3.03,C07,C07K,2.269988425192423
rq,1.06,B29,B29C,2.270833333954215
qc,6.02,C07,C07C,2.270833333954215
wc,3.03,F21,F21V,2.270833333954215
bm,5.07,G03,G03G,2.270833333954215
wq,5.01,G01,G01N,2.271192196756601
dk,5.02,C08,C08F,2.271645039319992
vm,5.06,A61,A61F,2.271739130839705
da,1.06,G01,G01L,2.271980426739901
py,3.02,A47,A47J,2.272161198779941
bp,6.04,H01,H01M,2.27222222276032
ha,5.03,H01,H01Q,2.272222243249416
fi,1.04,B24,B24B,2.272476810961962
rb,2.02,G08,G08C,2.272569481283426
xa,5.04,B01,B01D,2.27339181676507
uf,1.03,F23,F23D,2.275000013411045
ka,4.01,H01,H01M,2.275793658569455
ja,1.05,C13,C13K,2.275932703632861
db,2.08,H02,H02M,2.276007331907749
ku,5.07,H04,H04M,2.276044299826026
uf,1.03,F24,F24F,2.276470595039427
bq,6.05,G07,G07D,2.27724451571703
wu,5.04,C10,C10G,2.277489185333252
bv,5.01,H04,H04L,2.277624900918454
pz,2.05,G01,G01P,2.277777783572674
pn,1.01,C03,C03C,2.277777798473835
ub,1.03,G04,G04C,2.277777798473835
ih,2.07,C05,C05B,2.277777802199125
ka,4.01,B27,B27M,2.277777805924416
db,2.08,B23,B23B,2.277777813374996
ex,1.02,B60,B60N,2.277777813374996
yq,5.07,B65,B65D,2.277777813374996
db,2.08,C10,C10K,2.277777815237641
oa,2.11,C25,C25C,2.277856245171279
ru,3.01,C08,C08K,2.278194141574204
zk,9,H04,H04M,2.278787897899747
bi,6.01,B29,B29C,2.279004361480474
ra,2.11,A23,A23L,2.279013994615525
py,3.02,B06,B06B,2.279166677966714
ik,2.11,F16,F16B,2.279166683554649
pu,2.03,H02,H02J,2.280233819968998
ah,4.01,G01,G01R,2.280336732510477
sd,3.02,H05,H05K,2.28125
pt,3.03,H01,H01L,2.28206815989688
ha,5.03,B60,B60C,2.283333335071802
uu,5.06,G01,G01M,2.283333338797092
eq,3.01,C02,C02F,2.283333346247673
et,1.02,B23,B23D,2.283333346247673
pm,2.05,A45,A45C,2.283333361148834
re,1.05,A61,A61L,2.283728942042217
wm,5.04,C04,C04B,2.283901239745319
rt,3.02,G01,G01J,2.284569639479741
jy,4.05,A61,A61N,2.284698584116995
ev,1.02,G01,G01H,2.284725025296211
qa,3.01,G01,G01F,2.285256419330835
wf,1.06,A23,A23L,2.285381903173402
er,1.02,H05,H05B,2.285489552654326
uu,5.06,B01,B01F,2.285537568852305
ig,2.06,B60,B60G,2.285541765391827
pc,5.02,C02,C02F,2.285714302212
wf,1.06,G03,G03G,2.286111153662205
qf,9,G21,G21F,2.286151975858957
ni,3.01,C08,C08C,2.286414591595531
ei,1.04,A21,A21D,2.287820833153091
qh,2.05,F16,F16F,2.287837263196707
pu,2.03,B21,B21C,2.287878796458244
sr,2.07,H05,H05B,2.288055575452745
dr,1.06,G05,G05B,2.288177847396582
eq,3.01,A01,A01H,2.288461539894342
et,1.02,B64,B64D,2.288888908922672
nn,3.03,C03,C03C,2.288888912647963
mc,1.06,A63,A63F,2.289233201183379
ec,1.04,G21,G21K,2.289285765960813
de,1.06,A61,A61J,2.289321798831224
rq,1.06,C11,C11D,2.289406722644344
ee,1.04,A01,A01K,2.290612300625071
ex,1.02,F25,F25B,2.290667712688446
ro,1.07,C12,C12G,2.291025668382645
zc,4.03,G01,G01C,2.291208814829588
eu,2.02,G06,G06N,2.291251811664551
sd,3.02,G01,G01R,2.29139958601445
zm,1.06,A23,A23C,2.291512118652463
rt,3.02,B60,B60L,2.29166667163372
yi,6.03,B01,B01F,2.29166667163372
yu,3.03,H01,H01L,2.29166667163372
oi,3.02,G06,G06T,2.29166667163372
et,1.02,B66,B66C,2.291666679084301
bk,6.04,F02,F02B,2.291666686534882
qh,2.05,C01,C01G,2.291949040256441
qh,2.05,A01,A01N,2.292156878858805
re,1.05,C10,C10G,2.292201500386
un,1.03,C09,C09D,2.292213806882501
id,2.07,G01,G01T,2.293785944581032
ne,3.03,C12,C12M,2.294388400390744
wu,5.04,B82,B82Y,2.294443068094552
tc,3.02,G02,G02B,2.294798151124269
id,2.07,H03,H03M,2.295015869196504
ae,4.05,G01,G01J,2.295242277905345
bq,6.05,C10,C10L,2.295548655092716
ja,1.05,B21,B21D,2.295634942129254
db,2.08,B03,B03B,2.296268323902041
fa,2.01,F25,F25D,2.296328721567988
ka,4.01,H01,H01G,2.296416089870036
ii,2.04,B60,B60T,2.297222226858139
zr,1.05,B65,B65D,2.297413798049092
vj,5.01,A61,A61C,2.297619048506022
sr,2.07,F41,F41G,2.297619070857763
wu,5.04,G03,G03B,2.298118299338967
ev,1.02,B60,B60T,2.29814818315208
io,2.07,C07,C07D,2.299082197248936
oz,6.02,C30,C30B,2.299206361174583
we,3.02,C04,C04B,2.29941774578765
uf,1.03,B64,B64G,2.299516936764121
vj,5.01,F41,F41B,2.300000000745058
et,1.02,E06,E06B,2.300000000745058
uu,5.06,C09,C09J,2.300000011920929
mm,6.01,B81,B81C,2.300000034272671
ex,1.02,F41,F41H,2.300396841019392
wh,3.02,C04,C04B,2.301113178022206
za,3.02,C08,C08L,2.301122469361871
qq,1.05,C12,C12N,2.301171462284401
ub,1.03,F24,F24F,2.301462039351463
ga,3.02,C12,C12R,2.301662491634488
zr,1.05,C01,C01F,2.301949572749436
xy,1.01,H01,H01Q,2.303162439726293
ye,2.02,E02,E02F,2.303174626082182
uy,1.04,A62,A62B,2.303409099578857
dy,1.04,A23,A23P,2.303977149538696
dr,1.06,H01,H01G,2.304355669068173
pw,2.06,C08,C08F,2.305027172900736
ai,2.03,H02,H02G,2.305128242820501
jy,4.05,C07,C07G,2.305169986095279
gy,5.02,G07,G07D,2.305194817483425
ui,1.03,G07,G07C,2.305303052067757
ro,1.07,C09,C09F,2.305555555969477
le,1.05,A63,A63F,2.305555570870638
id,2.07,G21,G21F,2.305675801821053
ya,3.02,C09,C09B,2.305968754924834
wm,5.04,C08,C08G,2.306106622330844
yr,2.01,E01,E01F,2.30615945532918
sd,3.02,B01,B01L,2.306371579645202
nn,3.03,C09,C09K,2.306781706400216
db,2.08,A22,A22B,2.306792745366693
hq,1.04,D21,D21H,2.306889980100095
uf,1.03,H01,H01F,2.307058510370553
ro,1.07,G06,G06E,2.307367898523808
ze,1.06,C08,C08B,2.307764146476984
ua,6.03,G09,G09G,2.307812504470348
ve,3.02,H02,H02J,2.308333344757557
pj,2.05,C22,C22B,2.3084517121315
ii,2.04,B63,B63B,2.309199157170951
ei,1.04,G01,G01C,2.309301166795194
qf,9,F16,F16B,2.309307368472219
eu,2.02,H02,H02P,2.309523820877075
da,1.06,B05,B05D,2.309548192191869
py,3.02,G01,G01L,2.309587471187115
cq,1.06,B62,B62D,2.309713918715715
ai,2.03,A01,A01G,2.310863109305501
tc,3.02,C08,C08B,2.310909807682037
ex,1.02,C01,C01B,2.310939715243876
ra,2.11,C12,C12M,2.311060490319505
vj,5.01,B64,B64C,2.311111114919186
ep,1.02,B23,B23Q,2.311111129820347
xa,5.04,G01,G01R,2.311111129820347
tq,3.02,C08,C08F,2.311782139353454
ik,2.11,F16,F16L,2.311965834815055
ix,2.07,H01,H01L,2.312157297506928
ur,1.01,B01,B01J,2.312450144905597
iu,2.03,F16,F16M,2.312500014901161
ui,1.03,F41,F41H,2.312808440066874
su,3.02,C12,C12P,2.312834949232638
mq,6.01,G01,G01R,2.313051753677428
ei,1.04,G01,G01D,2.31348324380815
ds,3.02,H01,H01L,2.313550755148754
dr,1.06,G21,G21K,2.313745815772563
pm,2.05,A21,A21D,2.314572132891044
ia,3.02,A21,A21D,2.314632629277185
km,1.06,C10,C10M,2.315151523798704
ea,1.04,B23,B23H,2.315476195886731
vy,3.02,B60,B60N,2.315476197749376
ui,1.03,C12,C12M,2.316590476315469
oa,2.11,B60,B60Q,2.31664682761766
yg,6.04,C08,C08F,2.316666670143604
py,3.02,C23,C23F,2.316666670143604
gu,1.06,A23,A23J,2.316666688770056
fy,3.02,C23,C23F,2.316770195960999
vi,5.01,G01,G01C,2.316793513251469
uk,1.03,F04,F04D,2.317127353511751
id,2.07,F02,F02K,2.317361146211624
ia,3.02,G03,G03F,2.317460326477885
oi,3.02,A61,A61L,2.317876130342484
yo,3.01,G01,G01J,2.318499511107802
qh,2.05,B23,B23P,2.319047644734383
xq,2.11,H01,H01G,2.319375867955387
ip,2.07,B65,B65G,2.319444451481104
qa,3.01,G01,G01K,2.320015255827457
iy,1.06,A61,A61B,2.320748731028289
pk,2.05,C10,C10G,2.321058483561501
zd,9,C01,C01B,2.321686669485644
xy,1.01,G07,G07C,2.322119426447898
uf,1.03,F02,F02P,2.322161857970059
ha,5.03,B01,B01L,2.322222227230668
cq,1.06,G07,G07C,2.322222243994474
cu,1.06,C08,C08F,2.322777816560119
ay,3.01,G02,G02B,2.322779244277626
iu,2.03,B63,B63G,2.323602506890893
uf,1.03,G01,G01P,2.323743407614529
uh,1.03,F16,F16K,2.323900488670915
li,3.02,A63,A63F,2.325000006705523
qh,2.05,G01,G01J,2.325000010430813
xa,5.04,C01,C01B,2.325000014156103
bk,6.04,H01,H01Q,2.325000017881393
uh,1.03,H04,H04M,2.325216464698315
zr,1.05,C08,C08K,2.325271062552929
km,1.06,G01,G01B,2.325457851402462
cu,1.06,C09,C09B,2.325481439009309
pc,5.02,C07,C07K,2.326524261385202
oa,2.11,A01,A01K,2.326984170824289
ij,2.11,C22,C22F,2.327028974890709
ki,3.02,A61,A61H,2.327112707309425
ht,1.06,G06,G06K,2.327305911108851
uf,1.03,F02,F02C,2.32738097384572
un,1.03,G11,G11C,2.327475150115788
im,2.01,C05,C05G,2.327777810394764
ev,1.02,B82,B82Y,2.327916771057062
ha,5.03,A23,A23L,2.32797620119527
ru,3.01,G08,G08G,2.328054314479232
da,1.06,C07,C07B,2.328274311963469
ei,1.04,B23,B23H,2.328537244349718
qe,2.09,C25,C25F,2.329411769751459
cq,1.06,A61,A61D,2.331432757433504
db,2.08,C14,C14C,2.331932794302702
oa,2.11,G21,G21F,2.331944465637207
qq,1.05,D01,D01F,2.332536783069372
xy,1.01,C04,C04B,2.33333333581686
ia,3.02,G03,G03G,2.33333333581686
un,1.03,F02,F02D,2.33333333581686
pa,6.02,C01,C01G,2.33333333581686
pc,5.02,C09,C09K,2.33333333581686
wu,5.04,H03,H03M,2.333333340473473
dk,5.02,C01,C01B,2.333333343267441
ii,2.04,A47,A47C,2.333333343267441
ha,5.03,F16,F16F,2.333333343267441
dw,1.04,H02,H02B,2.333333343267441
oz,6.02,B28,B28B,2.333333343267441
dk,5.02,B60,B60G,2.333333343267441
jb,5.07,A01,A01D,2.333333343267441
fs,6.04,H04,H04H,2.333333343267441
pd,6.02,G02,G02B,2.333333343267441
ye,2.02,F16,F16D,2.333333343267441
gy,5.02,H02,H02P,2.333333343267441
bk,6.04,G03,G03C,2.333333343267441
we,3.02,A62,A62B,2.333333343267441
di,5.02,F17,F17C,2.333333343267441
pz,2.05,F23,F23G,2.333333343267441
mm,6.01,G03,G03C,2.333333343267441
et,1.02,A47,A47B,2.333333343267441
oe,5.06,G01,G01L,2.333333343267441
eo,6.02,C08,C08F,2.333333343267441
yi,6.03,B60,B60C,2.333333343267441
om,5.05,D05,D05C,2.333333343267441
oz,6.02,G07,G07B,2.333333343267441
pq,1.01,F02,F02M,2.333333343267441
fy,3.02,F16,F16L,2.333333343267441
ii,2.04,G21,G21D,2.333333343267441
eq,3.01,C09,C09D,2.333333343267441
pq,1.01,F24,F24F,2.333333343267441
oz,6.02,B61,B61D,2.333333343267441
am,4.01,H04,H04H,2.333333343267441
oz,6.02,B05,B05B,2.333333343267441
pu,2.03,A21,A21D,2.333333343267441
wh,3.02,H01,H01R,2.333333343267441
ph,6.02,G01,G01R,2.333333343267441
iu,2.03,B67,B67D,2.333333343267441
rp,6.04,B03,B03B,2.333333343267441
zr,1.05,F01,F01K,2.333333343267441
fs,6.04,G09,G09G,2.333333343267441
vj,5.01,F41,F41G,2.333333343267441
hi,5.01,H05,H05K,2.333333343267441
un,1.03,H01,H01H,2.333333343267441
ni,3.01,F16,F16D,2.333333343267441
lj,3.02,H04,H04J,2.333333343267441
xw,3.03,G03,G03G,2.333333343267441
dy,1.04,A63,A63C,2.333333343267441
rp,6.04,C23,C23F,2.333333343267441
ba,3.02,A62,A62B,2.333333343267441
pa,6.02,G05,G05F,2.333333343267441
fy,3.02,E04,E04C,2.333333343267441
pk,2.05,H02,H02G,2.333333343267441
pa,6.02,E02,E02F,2.333333343267441
bp,6.04,G05,G05F,2.333333343267441
bq,6.05,B23,B23Q,2.333333343267441
am,4.01,H04,H04M,2.333333343267441
rz,3.03,H02,H02K,2.333333343267441
ff,3.02,H04,H04M,2.333333343267441
eo,6.02,C09,C09J,2.333333343267441
pq,1.01,B60,B60B,2.333333343267441
ee,1.04,H02,H02K,2.333333343267441
uy,1.04,B41,B41F,2.333333343267441
ii,2.04,B66,B66B,2.333333343267441
es,2.02,G05,G05G,2.333333343267441
uu,5.06,B64,B64C,2.333333343267441
oz,6.02,F02,F02P,2.333333343267441
om,5.05,F16,F16M,2.333333343267441
uu,5.06,F04,F04C,2.333333343267441
js,6.04,D06,D06P,2.333333343267441
gy,5.02,B24,B24B,2.333333343267441
tm,3.01,H04,H04J,2.333333343267441
py,3.02,B67,B67D,2.333333343267441
mm,6.01,B23,B23B,2.333333343267441
gm,3.03,C09,C09K,2.333333343267441
bq,6.05,B62,B62M,2.333333343267441
pa,6.02,F25,F25D,2.333333343267441
pa,6.02,D01,D01F,2.333333343267441
nq,5.01,F16,F16H,2.333333343267441
pe,5.02,A47,A47J,2.333333343267441
oy,9,G03,G03B,2.333333343267441
tq,3.02,B60,B60T,2.333333343267441
qc,6.02,A61,A61C,2.333333343267441
oz,6.02,C23,C23F,2.333333343267441
pz,2.05,G01,G01C,2.333333343267441
ni,3.01,B60,B60C,2.333333343267441
pj,2.05,G01,G01F,2.333333343267441
ne,3.03,B28,B28B,2.333333343267441
tq,3.02,C25,C25D,2.333333343267441
vy,3.02,F16,F16D,2.333333343267441
fy,3.02,H01,H01Q,2.333333343267441
ah,4.01,A63,A63F,2.333333350718021
ik,2.11,C02,C02F,2.333333350718021
oz,6.02,B41,B41N,2.333333358168602
ai,2.03,F41,F41J,2.333333358168602
gy,5.02,H04,H04H,2.333333358168602
ac,2.02,B65,B65D,2.333333365619183
wm,5.04,F42,F42B,2.333333373069763
fa,2.01,F23,F23C,2.333333373069763
tu,3.01,A47,A47C,2.333333373069763
et,1.02,B04,B04B,2.333333373069763
um,3.01,A01,A01M,2.333512548357248
uf,1.03,G05,G05B,2.334120030049235
zd,9,G01,G01B,2.33443900058046
fy,3.02,B32,B32B,2.334580412134528
co,1.06,B81,B81B,2.334987435024232
ep,1.02,A01,A01G,2.335116896778345
dt,2.03,H03,H03K,2.33617118280381
fi,1.04,C06,C06B,2.336860649287701
dw,1.04,H02,H02K,2.33730159746483
pu,2.03,C25,C25B,2.337379090953618
vi,5.01,B62,B62D,2.337477896362543
mc,1.06,H03,H03F,2.33756356453523
oa,2.11,C08,C08K,2.337638900615275
dw,1.04,H02,H02J,2.338411835953593
pz,2.05,F03,F03G,2.338573710992932
uk,1.03,B23,B23P,2.338995741680264
fu,5.04,H01,H01L,2.339285723865032
oe,5.06,C08,C08J,2.339583343360573
ih,2.07,G06,G06N,2.339607391506433
pt,3.03,B01,B01L,2.340192330535501
vx,5.01,A01,A01N,2.340219317004085
da,1.06,A23,A23C,2.341129750013351
nn,3.03,H03,H03F,2.341226729564369
ja,1.05,B63,B63B,2.341269882395864
oa,2.11,E04,E04D,2.341269884258509
hi,5.01,A63,A63F,2.341666676104069
cn,5.01,A23,A23K,2.341855183709413
su,3.02,H01,H01M,2.342394188046455
ik,2.11,B64,B64C,2.34246033988893
yq,5.07,G01,G01N,2.342626778408885
js,6.04,G08,G08B,2.342857167124748
vj,5.01,A01,A01K,2.343001099303365
wc,3.03,H05,H05B,2.343055557459593
ha,5.03,G03,G03B,2.343137265183032
qh,2.05,F16,F16B,2.34375
bi,6.01,B01,B01D,2.343750010244548
es,2.02,B60,B60Q,2.343869313597679
pa,6.02,C03,C03B,2.344298250973225
oa,2.11,F02,F02N,2.344444498419762
et,1.02,F28,F28D,2.344607846811414
et,1.02,A01,A01M,2.345238098874688
fa,2.01,C09,C09C,2.345643948763609
eq,3.01,B01,B01J,2.346323536708951
oa,2.11,F24,F24S,2.346825432032347
ai,2.03,H03,H03L,2.347076050937176
td,3.02,A01,A01N,2.347217888571322
hq,1.04,G04,G04G,2.347619057632983
qa,3.01,C03,C03B,2.3478261269629
dw,1.04,G06,G06N,2.347851660568267
ka,4.01,C07,C07K,2.347933690994978
xy,1.01,A63,A63F,2.348412722349167
uu,5.06,C03,C03C,2.348459387198091
ye,2.02,C09,C09B,2.348571430891752
zm,1.06,G06,G06T,2.348575856536627
uf,1.03,A61,A61C,2.348699775524437
iq,2.02,B21,B21F,2.348958343267441
cq,1.06,B27,B27N,2.349462389945984
ro,1.07,B65,B65H,2.349816862493753
qu,1.06,C10,C10M,2.350000005215406
ja,1.05,B22,B22C,2.350000008940697
mm,6.01,C01,C01B,2.350000023841858
pn,1.01,B21,B21D,2.350000023841858
rb,2.02,H01,H01H,2.350934585556388
bk,6.04,A61,A61M,2.351149443536997
wc,3.03,G06,G06N,2.351298646070063
ma,3.02,C09,C09D,2.351333117112517
ns,2.01,B21,B21D,2.351439960766584
mm,6.01,C09,C09B,2.351515160873532
yp,3.02,G03,G03F,2.351588952587917
uk,1.03,H01,H01K,2.351666688453406
sd,3.02,C08,C08L,2.351884735748172
wu,5.04,C01,C01B,2.353174616582692
co,1.06,H01,H01S,2.353437118465081
qf,9,B01,B01L,2.354012545198202
ij,2.11,B64,B64D,2.354166692122817
xw,3.03,H03,H03K,2.354349426925182
ij,2.11,B64,B64C,2.354642877355218
ji,5.01,E21,E21B,2.354861143045127
uu,5.06,G03,G03B,2.354978382587433
le,1.05,C09,C09C,2.355289785191417
dt,2.03,H02,H02N,2.355681836605072
lq,3.03,G06,G06K,2.355690704658628
iq,2.02,C07,C07H,2.355863355332986
up,1.03,C01,C01B,2.356610295828432
qe,2.09,H01,H01M,2.356640228070319
et,1.02,B66,B66B,2.357142867520452
ds,3.02,G01,G01K,2.357142873108387
tm,3.01,B29,B29C,2.35741661163047
ah,4.01,C08,C08J,2.357526620384306
cu,1.06,C01,C01G,2.358974369242787
fs,6.04,A61,A61M,2.358974384143949
ec,1.04,B01,B01F,2.359067695681006
gc,1.05,C01,C01F,2.359766852110624
da,1.06,B23,B23K,2.359905724879354
hb,5.03,A63,A63F,2.359920664224774
vi,5.01,G01,G01S,2.360401425510645
ih,2.07,D04,D04H,2.360822521150112
iy,1.06,C23,C23C,2.361111111938953
or,5.09,A63,A63B,2.361111119389534
eu,2.02,F16,F16K,2.361111121252179
fa,2.01,C22,C22C,2.361111126840115
nq,5.01,G05,G05B,2.361111145466566
gu,1.06,B22,B22D,2.362745108082891
id,2.07,B21,B21D,2.363005071878433
dr,1.06,A61,A61H,2.363464517053217
ru,3.01,H01,H01Q,2.363527389243245
ue,2.11,G01,G01H,2.36356058716774
ij,2.11,F24,F24F,2.363636374473572
gc,1.05,G01,G01F,2.363782085478306
ij,2.11,G01,G01H,2.364235050044954
ec,1.04,H04,H04W,2.364309416152537
dk,5.02,C02,C02F,2.364379089325666
ex,1.02,H01,H01H,2.364613545127213
im,2.01,H02,H02K,2.365795245859772
mc,1.06,B62,B62D,2.366203729063272
rt,3.02,B60,B60N,2.366233781911433
ev,1.02,B62,B62B,2.366666674613953
ha,5.03,A63,A63H,2.366666674613953
vm,5.06,A61,A61Q,2.366666678339243
ru,3.01,A61,A61G,2.366666682064533
ue,2.11,F41,F41G,2.366666689515114
ew,1.02,B21,B21D,2.367261916399002
pz,2.05,A23,A23L,2.367396973073483
hl,3.03,G11,G11C,2.367543876171112
pn,1.01,F02,F02C,2.368181828409433
ur,1.01,H05,H05H,2.368553044740111
vj,5.01,C04,C04B,2.368589751422405
tc,3.02,G16,G16H,2.369019965641201
pu,2.03,E04,E04D,2.369047623127699
qh,2.05,C07,C07D,2.369591920170933
sy,1.03,F28,F28D,2.370117336278781
js,6.04,C12,C12Q,2.370275544002652
ki,3.02,C09,C09K,2.370294813998044
ja,1.05,H01,H01Q,2.370744980871677
db,2.08,B64,B64D,2.370833341032267
et,1.02,B29,B29D,2.370833342894912
ye,2.02,B66,B66F,2.370833344757557
ac,2.02,F21,F21V,2.371171179227531
ei,1.04,D21,D21F,2.371212139725685
es,2.02,G06,G06E,2.372196641284972
zc,4.03,C08,C08J,2.37232493236661
db,2.08,C30,C30B,2.372343508759513
cq,1.06,B25,B25J,2.372365601360798
ii,2.04,G21,G21G,2.373117929324508
ub,1.03,C08,C08B,2.373314378550276
ik,2.11,B60,B60K,2.373397452756763
dr,1.06,A23,A23J,2.373617267236114
nu,5.08,H03,H03H,2.37363307736814
su,3.02,G06,G06N,2.373982083052397
if,2.11,G02,G02C,2.37413928611204
xy,1.01,G01,G01C,2.374206367880106
rb,2.02,H01,H01R,2.374295100569725
nm,5.02,A61,A61B,2.374566905200481
ox,6.02,G07,G07F,2.374572666361928
qf,9,A61,A61C,2.37484036013484
yg,6.04,G07,G07F,2.375
ea,1.04,E03,E03C,2.375
cu,1.06,D04,D04H,2.375
qa,3.01,B61,B61L,2.375
ub,1.03,E03,E03C,2.375
ot,6.02,H02,H02M,2.375
dw,1.04,E04,E04B,2.375000007450581
vj,5.01,E21,E21B,2.3756756875664
vy,3.02,H04,H04H,2.375757586210966
ds,3.02,B01,B01D,2.377144225407392
iq,2.02,B63,B63J,2.377500005066395
iy,1.06,H04,H04B,2.377777799963951
dq,9,C09,C09K,2.377931773662567
ev,1.02,F01,F01K,2.378075435757637
tq,3.02,H02,H02P,2.378154303878546
pt,3.03,A01,A01H,2.378787890076637
ba,3.02,C07,C07J,2.378887903178111
dx,3.01,B29,B29C,2.379001370631158
cq,1.06,C01,C01G,2.379267597571015
ru,3.01,A23,A23J,2.379276738502085
cu,1.06,G01,G01L,2.379444444552064
pg,6.02,C07,C07D,2.379761911928654
ih,2.07,B28,B28B,2.379807707853615
ye,2.02,B42,B42D,2.380156162660569
ue,2.11,H01,H01F,2.380284069338813
ry,2.03,C12,C12Q,2.380343219731003
pu,2.03,C12,C12P,2.380559044657275
za,3.02,C08,C08B,2.380711250007153
eq,3.01,C09,C09K,2.380952406674623
rp,6.04,H01,H01H,2.380952432751656
ev,1.02,A01,A01M,2.381944457069039
rz,3.03,B01,B01D,2.382795702666044
im,2.01,F24,F24S,2.382936535403132
vx,5.01,A61,A61Q,2.383333347737789
et,1.02,A61,A61H,2.383432052098215
zm,1.06,A01,A01G,2.383470705710351
gu,1.06,H01,H01J,2.383491147309542
dt,2.03,G01,G01L,2.38349676784128
yo,3.01,C23,C23C,2.383668017573655
ju,4.01,G05,G05B,2.383838386274874
ij,2.11,H04,H04Q,2.383904094807804
iy,1.06,D06,D06M,2.384920651093125
uy,1.04,C23,C23G,2.385106425732374
ne,3.03,B61,B61L,2.38571435958147
di,5.02,B01,B01J,2.385897466912866
lj,3.02,G02,G02B,2.385964915156364
zm,1.06,A63,A63F,2.386554632335901
iu,2.03,B41,B41M,2.386686273384839
ij,2.11,C03,C03B,2.38690479286015
qg,2.05,H03,H03L,2.387064094655216
qu,1.06,C13,C13K,2.387115000281483
cl,9,G01,G01M,2.387500017881393
qg,2.05,H04,H04B,2.388565553119406
es,2.02,C11,C11D,2.388888894580305
fa,2.01,H04,H04Q,2.388888899236917
ij,2.11,H01,H01Q,2.388930517248809
tc,3.02,B01,B01J,2.389104649424553
oa,2.11,C07,C07F,2.389723925152794
ub,1.03,B21,B21B,2.389728354290128
il,2.07,G05,G05B,2.390051873400807
iu,2.03,C07,C07F,2.390742092393339
bm,5.07,G11,G11C,2.391206638887525
tq,3.02,G08,G08B,2.391338534653187
qa,3.01,G11,G11B,2.391346886754036
ep,1.02,A47,A47F,2.391666673123837
ua,6.03,A61,A61Q,2.391666688024998
ns,2.01,F21,F21V,2.39174081524834
tc,3.02,C23,C23C,2.391918778419495
sd,3.02,C09,C09K,2.3920635022223
ij,2.11,G10,G10L,2.39207358751446
bk,6.04,C12,C12R,2.39215687289834
bk,6.04,G09,G09G,2.39215687289834
hq,1.04,H02,H02M,2.392174692824483
eu,2.02,F24,F24F,2.392857149243355
xw,3.03,E21,E21B,2.392857149243355
js,6.04,H02,H02P,2.392857149243355
ot,6.02,C08,C08F,2.393452394753695
ot,6.02,C07,C07C,2.394261320121586
cq,1.06,C22,C22C,2.394444465637207
hf,6.03,A61,A61Q,2.394444467499852
hq,1.04,A62,A62D,2.394529327750206
pj,2.05,B30,B30B,2.394841279834509
rp,6.04,H03,H03G,2.395224172621965
ik,2.11,F28,F28D,2.39531915076077
am,4.01,C01,C01B,2.395555565133691
ii,2.04,H01,H01S,2.395817491458729
ec,1.04,C05,C05G,2.395833343267441
oz,6.02,B22,B22D,2.395833343267441
wm,5.04,H04,H04H,2.395833343267441
dm,3.02,B05,B05D,2.395959617570043
xy,1.01,A61,A61M,2.396053965901956
db,2.08,B81,B81C,2.396387616172433
oz,6.02,G02,G02C,2.396825410425663
py,3.02,H01,H01F,2.398018660023808
ya,3.02,H01,H01J,2.398151186294854
im,2.01,H01,H01M,2.398852650541812
hi,5.01,A61,A61B,2.399110618513077
ot,6.02,C04,C04B,2.39918583445251
vy,3.02,G03,G03D,2.400000005960464
zr,1.05,B02,B02C,2.400000005960464
iu,2.03,C09,C09G,2.400000020861626
pe,5.02,B23,B23K,2.400087600573897
cl,9,F03,F03G,2.400641072541475
uk,1.03,G07,G07F,2.400648388080299
uf,1.03,F23,F23R,2.401515178382397
pu,2.03,G21,G21C,2.401587339118123
pc,5.02,C08,C08F,2.402061380445957
co,1.06,H01,H01Q,2.402144824154675
pu,2.03,B65,B65G,2.40218857396394
rt,3.02,H04,H04J,2.402777777984738
bp,6.04,H01,H01S,2.402777783572674
id,2.07,C07,C07G,2.40281835431233
nq,5.01,A63,A63F,2.402874638326466
ii,2.04,B28,B28B,2.403205191716552
yq,5.07,G09,G09B,2.403609074186534
dx,3.01,D06,D06M,2.403968264348805
gy,5.02,A61,A61L,2.40403560991399
vj,5.01,H04,H04J,2.404045959934592
qc,6.02,C08,C08L,2.404761910438538
nn,3.03,G05,G05D,2.404761917889118
td,3.02,A63,A63B,2.404761917889118
si,1.05,B06,B06B,2.404761917889118
ui,1.03,B60,B60Q,2.404761917889118
if,2.11,D04,D04H,2.404761917889118
ut,6.02,C08,C08J,2.404761917889118
ip,2.07,G06,G06N,2.405006241519004
uy,1.04,G10,G10L,2.405555566772819
py,3.02,G10,G10K,2.405555587261915
ui,1.03,C09,C09B,2.40607631765306
qq,1.05,G09,G09G,2.40625
ac,2.02,H02,H02S,2.406354888807982
ry,2.03,G08,G08G,2.40656565874815
az,3.02,C07,C07C,2.406838672235608
zq,2.07,E21,E21F,2.407142884097993
ae,4.05,C10,C10J,2.407224040944129
bm,5.07,A61,A61B,2.407269408460706
ev,1.02,C08,C08K,2.407751981168985
jb,5.07,H02,H02M,2.408333338797092
uk,1.03,A62,A62D,2.409204293508083
co,1.06,G05,G05D,2.409302394837141
am,4.01,B32,B32B,2.410014029592276
ik,2.11,G07,G07F,2.41005250159651
oa,2.11,C12,C12P,2.410238828742877
dm,3.02,B01,B01F,2.410416514147073
ep,1.02,C12,C12N,2.410954685532488
dw,1.04,A61,A61J,2.411091418005526
pj,2.05,A01,A01M,2.411421285010874
op,3.03,H01,H01L,2.411904785782099
uk,1.03,F24,F24S,2.41197215532884
ik,2.11,F16,F16K,2.412466119043529
kv,1.05,A61,A61K,2.412696128943935
mq,6.01,C08,C08G,2.412981879897416
lj,3.02,H04,H04B,2.413095261901617
cn,5.01,A61,A61L,2.414030643412843
yo,3.01,C07,C07B,2.414218004327267
nu,5.08,F16,F16K,2.414285734295845
ij,2.11,C09,C09J,2.414285734295845
mc,1.06,A61,A61L,2.414407653966919
gu,1.06,A23,A23G,2.414886981248856
hq,1.04,F03,F03G,2.414966598618776
pq,1.01,H01,H01S,2.415000035427511
bi,6.01,H04,H04B,2.415441028773785
vy,3.02,C11,C11B,2.41666667163372
pz,2.05,B06,B06B,2.41666667163372
zm,1.06,F02,F02B,2.41666667163372
iu,2.03,B09,B09B,2.41666667163372
ii,2.04,E03,E03F,2.41666667163372
sa,3.03,E21,E21B,2.41666667163372
bk,6.04,F16,F16L,2.41666667163372
rt,3.02,F02,F02M,2.41666667163372
if,2.11,A41,A41D,2.41666667163372
qk,6.01,H01,H01M,2.41666667163372
km,1.06,H01,H01R,2.416666677221656
iu,2.03,F01,F01M,2.416666679084301
bm,5.07,G03,G03F,2.416666679084301
uk,1.03,A01,A01H,2.416666679084301
pi,1.06,H04,H04B,2.416666679084301
de,1.06,C22,C22C,2.416666679084301
if,2.11,F23,F23K,2.416666679084301
za,3.02,B05,B05C,2.416666686534882
oy,9,B65,B65H,2.416666686534882
qa,3.01,H02,H02G,2.416666686534882
oz,6.02,G01,G01F,2.416666686534882
oz,6.02,C12,C12M,2.416666686534882
iy,1.06,C11,C11D,2.416666686534882
wy,5.04,A61,A61G,2.416666686534882
tc,3.02,F16,F16L,2.41666669305414
ka,4.01,B07,B07C,2.416666701436043
rt,3.02,C03,C03C,2.416666701436043
om,5.05,G21,G21F,2.416666716337204
uq,5.07,A61,A61B,2.416848457418382
hq,1.04,G01,G01G,2.416848778259009
ju,4.01,H01,H01L,2.41750843077898
ia,3.02,C09,C09D,2.417583746835589
ah,4.01,A62,A62D,2.41888018976897
pm,2.05,B26,B26F,2.419047635048628
ex,1.02,B24,B24B,2.41958977561444
bv,5.01,C07,C07K,2.41981328302063
lq,3.03,H04,H04B,2.420310586690903
dr,1.06,C10,C10L,2.420419571339153
ea,1.04,B29,B29D,2.420420037582517
ze,1.06,H01,H01L,2.420502921566367
gy,5.02,C22,C22C,2.420565312728286
ip,2.07,G06,G06K,2.420589172746986
ur,1.01,C02,C02F,2.421008916571736
dk,5.02,C04,C04B,2.42104980815202
ya,3.02,C09,C09J,2.421183887403458
dm,3.02,F26,F26B,2.421875
pf,6.02,G07,G07F,2.422222226858139
ig,2.06,C25,C25B,2.422500669956207
eq,3.01,B29,B29C,2.422619089484215
dq,9,F04,F04D,2.423333348706365
zc,4.03,A23,A23J,2.423484873026609
id,2.07,G01,G01C,2.423717974685133
pm,2.05,A23,A23C,2.424049351830035
ub,1.03,F15,F15C,2.424218066502362
dw,1.04,A01,A01K,2.424351324792951
vs,5.01,C07,C07D,2.424355891067535
ns,2.01,H02,H02J,2.425257024588063
am,4.01,G07,G07F,2.425287376157939
tu,3.01,D06,D06P,2.425641050562263
td,3.02,A61,A61C,2.425685535185039
ep,1.02,C22,C22C,2.425694458186626
ex,1.02,B65,B65G,2.425925947725773
xy,1.01,H02,H02J,2.426587322726846
gy,5.02,C04,C04B,2.426605359651148
ip,2.07,H01,H01Q,2.427696119062603
op,3.03,A61,A61L,2.429042144212872
qq,1.05,G01,G01B,2.430044865934178
db,2.08,G07,G07C,2.43021097779274
sy,1.03,E04,E04D,2.43055559694767
yq,5.07,G08,G08B,2.430591200478375
uk,1.03,B23,B23B,2.430677685886621
pz,2.05,H01,H01C,2.430792151018977
dr,1.06,C12,C12C,2.431192982941866
ec,1.04,D01,D01F,2.431356860790402
ev,1.02,F16,F16F,2.431372587569058
qu,1.06,B08,B08B,2.432303137611598
es,2.02,A23,A23L,2.432539688423276
ht,1.06,C12,C12P,2.432716881623492
ue,2.11,H04,H04Q,2.432954556308687
hq,1.04,A01,A01G,2.433273335453123
di,5.02,E02,E02F,2.433333344757557
ka,4.01,H04,H04Q,2.433333344757557
yg,6.04,B01,B01J,2.433333344757557
ha,5.03,F04,F04D,2.433333344757557
uu,5.06,G01,G01L,2.433333344757557
sr,2.07,H03,H03F,2.433604329358786
if,2.11,A01,A01K,2.434055494144559
rt,3.02,C23,C23C,2.434343472123146
bf,5.04,B01,B01D,2.434659103862941
ae,4.05,G01,G01M,2.435858588665724
nn,3.03,H02,H02M,2.436111144721508
dw,1.04,B03,B03C,2.437202389584854
vj,5.01,H02,H02K,2.43750000372529
cu,1.06,B60,B60R,2.437669385224581
eq,3.01,G16,G16H,2.438137249555439
ee,1.04,C07,C07G,2.438210193999112
ep,1.02,G09,G09F,2.438347784802318
wv,3.03,C07,C07D,2.439522399683483
si,1.05,B01,B01J,2.439622010104358
ro,1.07,B04,B04B,2.439727668650448
am,4.01,B01,B01F,2.43983066175133
ry,2.03,H02,H02N,2.440262519288808
ry,2.03,F02,F02C,2.440476208925247
bu,1.03,G21,G21B,2.440476210787892
um,3.01,G09,G09G,2.440981870517135
rq,1.06,H04,H04W,2.441520471125841
ip,2.07,B23,B23K,2.441602299921215
ye,2.02,F16,F16L,2.441666685044765
ja,1.05,F03,F03B,2.441666688770056
ea,1.04,A24,A24F,2.442208355292678
si,1.05,C07,C07D,2.442464967258275
pj,2.05,F04,F04D,2.442857176065445
ub,1.03,A43,A43B,2.443001477047801
pj,2.05,C12,C12R,2.443452406674623
tq,3.02,G03,G03F,2.443994233384728
jw,6.02,H04,H04N,2.444444455206394
ka,4.01,C23,C23C,2.444444455206394
oa,2.11,C08,C08C,2.444444455206394
tc,3.02,G07,G07F,2.444444455206394
oe,5.06,G10,G10L,2.444444455206394
ku,5.07,B01,B01J,2.444444455206394
sy,1.03,F02,F02K,2.444444462656975
nu,5.08,A61,A61J,2.44444446824491
jo,5.04,C04,C04B,2.444444470107555
pm,2.05,G21,G21H,2.444643836468458
mc,1.06,G01,G01C,2.444781728088856
nu,5.08,C23,C23F,2.446428574621677
ik,2.11,F02,F02K,2.446428604424
rp,6.04,C07,C07F,2.446716831997037
ka,4.01,A63,A63F,2.447655156254768
bq,6.05,H01,H01G,2.447916686534882
bd,1.06,A61,A61K,2.448182996129617
ui,1.03,C25,C25B,2.448686354793608
dx,3.01,H05,H05K,2.448771904455498
qf,9,H04,H04R,2.448867464903742
ep,1.02,B24,B24B,2.448999299202114
lj,3.02,A61,A61M,2.449789776233956
oe,5.06,H01,H01R,2.450000002980232
cu,1.06,C09,C09J,2.450132005847991
iu,2.03,A23,A23K,2.450380826368928
iu,2.03,C01,C01G,2.45098684495315
jb,5.07,B01,B01D,2.451866366900504
zc,4.03,C08,C08L,2.451918667182326
ja,1.05,D21,D21B,2.452227655332536
hi,5.01,G09,G09G,2.45238097384572
mm,6.01,B05,B05D,2.453479864634573
es,2.02,A01,A01K,2.453580245841295
pk,2.05,F16,F16J,2.453703716397285
ze,1.06,G06,G06K,2.453861385583878
pk,2.05,H01,H01T,2.454545468091965
gc,1.05,C21,C21D,2.454678365960717
ew,1.02,F01,F01N,2.454761911183596
zc,4.03,A23,A23B,2.454895216971636
mc,1.06,G08,G08B,2.45506132626906
ix,2.07,H01,H01R,2.455555625259876
iq,2.02,B65,B65F,2.456018539145589
tm,3.01,C08,C08F,2.456453029997647
py,3.02,F04,F04D,2.456666685640812
iq,2.02,G21,G21G,2.457122001796961
qh,2.05,B64,B64G,2.457971080206335
zd,9,G01,G01J,2.458170597441494
td,3.02,F16,F16L,2.458333343267441
ik,2.11,B05,B05B,2.458333386108279
vi,5.01,C25,C25D,2.458333406597376
vx,5.01,C25,C25D,2.458333406597376
qe,2.09,C22,C22F,2.458404945209622
aa,1.03,F15,F15B,2.458635284099728
zd,9,C09,C09K,2.459173681214452
rb,2.02,F15,F15B,2.459509731270373
fs,6.04,H04,H04B,2.45952383428812
wy,5.04,C07,C07D,2.459544680546969
ox,6.02,C08,C08G,2.459920644760132
ae,4.05,A61,A61B,2.46013480424881
if,2.11,H05,H05G,2.460315059870481
fy,3.02,G01,G01R,2.460331941954792
ac,2.02,C12,C12Q,2.460631618625484
ix,2.07,G06,G06T,2.460727984085679
uy,1.04,B82,B82B,2.461023365147412
dy,1.04,A01,A01M,2.46111112460494
re,1.05,E21,E21B,2.461230009794235
uk,1.03,C01,C01C,2.461434340104461
dw,1.04,B03,B03B,2.461956534534693
nq,5.01,A61,A61K,2.46281963668298
et,1.02,C12,C12M,2.463346848264337
gy,5.02,H02,H02M,2.463567523285747
um,3.01,C12,C12Y,2.463936069980264
da,1.06,C11,C11C,2.463982200017199
om,5.05,B32,B32B,2.464285720139742
vy,3.02,C01,C01B,2.4648721604608
sy,1.03,G10,G10H,2.465109633747488
if,2.11,H02,H02S,2.465662978589535
cu,1.06,A23,A23C,2.466416846960783
dy,1.04,F16,F16B,2.466666692867875
ip,2.07,F02,F02C,2.467348425183445
ui,1.03,F16,F16C,2.467361114919186
aa,1.03,C04,C04B,2.467403130605817
di,5.02,A23,A23L,2.467857152223587
um,3.01,G01,G01S,2.468384150415659
xq,2.11,G01,G01F,2.469017136842012
ni,3.01,B60,B60R,2.469512214884162
ne,3.03,F21,F21K,2.469607844948769
lj,3.02,A63,A63B,2.469655809924006
ew,1.02,G21,G21C,2.470138909760863
dx,3.01,G02,G02B,2.470144831575453
ih,2.07,C09,C09C,2.47023812122643
uk,1.03,G09,G09F,2.470415662042797
pc,5.02,G03,G03F,2.470695020630956
ox,6.02,H04,H04B,2.471049807965755
si,1.05,G10,G10K,2.472130674868822
cu,1.06,H04,H04B,2.472198187373579
ru,3.01,F01,F01D,2.472222257405519
ze,1.06,C08,C08G,2.472242561401799
ec,1.04,B60,B60C,2.47241785004735
ei,1.04,F16,F16H,2.472573872422799
wh,3.02,H01,H01J,2.472657164558768
ad,4.02,C07,C07H,2.47283103549853
ra,2.11,H01,H01G,2.47305765748024
wu,5.04,C07,C07K,2.473217784194276
de,1.06,A23,A23C,2.473862080834806
wm,5.04,A01,A01K,2.474358994746581
ga,3.02,B01,B01J,2.474558976013213
pn,1.01,G21,G21C,2.474722246639431
sd,3.02,G01,G01S,2.474821329116821
pq,1.01,C01,C01B,2.475000009872019
ki,3.02,F02,F02M,2.475000035017729
am,4.01,C12,C12M,2.475212899502367
ig,2.06,C22,C22F,2.475540389306843
qf,9,H01,H01G,2.475876740645617
ur,1.01,A61,A61M,2.476262814598158
nn,3.03,C40,C40B,2.476496022834908
rb,2.02,G01,G01T,2.476543229073286
ne,3.03,C25,C25D,2.476608188822865
uf,1.03,C12,C12M,2.476711535360664
gc,1.05,A61,A61F,2.476736122742295
ba,3.02,H01,H01L,2.477182205766439
tq,3.02,G05,G05D,2.477799252606928
ae,4.05,C07,C07G,2.477884032763541
ye,2.02,G09,G09C,2.478393930010498
uu,5.06,A61,A61C,2.478540945798159
dx,3.01,G03,G03G,2.478783308528364
jy,4.05,C25,C25B,2.47881209012121
ep,1.02,F01,F01K,2.47916667163372
ue,2.11,C08,C08J,2.479205012321472
ji,5.01,H04,H04B,2.479294226504862
ad,4.02,C01,C01B,2.48003968782723
pi,1.06,C11,C11D,2.48014595429413
dm,3.02,G07,G07C,2.480151515454054
bf,5.04,G01,G01R,2.480492880567908
ih,2.07,G01,G01J,2.480573818087578
ye,2.02,A23,A23L,2.480728757567704
ay,3.01,A61,A61M,2.480764511507004
oa,2.11,B65,B65B,2.480873034335673
ij,2.11,C12,C12P,2.4811899473425
ex,1.02,G01,G01Q,2.481388073414564
we,3.02,H01,H01J,2.481512475758791
co,1.06,G07,G07F,2.481812201440334
jy,4.05,H04,H04B,2.481854880927131
fi,1.04,A61,A61B,2.482892492553219
tm,3.01,B01,B01D,2.48295318428427
um,3.01,C12,C12R,2.48324951948598
oz,6.02,B23,B23H,2.483333364129066
zr,1.05,B03,B03D,2.483333364129066
uf,1.03,F16,F16K,2.483486296609044
if,2.11,C07,C07F,2.483599612489343
ka,4.01,C12,C12P,2.483713122317567
pj,2.05,C07,C07H,2.484181922394782
up,1.03,G02,G02F,2.484353132545948
wm,5.04,C07,C07C,2.484467533882707
yr,2.01,C04,C04B,2.484841205179691
nn,3.03,A41,A41D,2.484848514199257
ai,2.03,G03,G03B,2.48525645583868
ml,9,A61,A61L,2.4856062293984
sa,3.03,C12,C12C,2.485978972166777
ot,6.02,B60,B60R,2.486111121252179
ei,1.04,C05,C05G,2.486111131496727
ja,1.05,C30,C30B,2.486111137084663
ac,2.02,B05,B05D,2.48612936004065
ve,3.02,A61,A61H,2.486372621264309
uf,1.03,H04,H04B,2.486529173329473
ue,2.11,F16,F16K,2.486607159487903
jy,4.05,C07,C07B,2.487522087059915
yi,6.03,C02,C02F,2.488095246255398
oy,9,C22,C22C,2.488095261156559
ep,1.02,B64,B64G,2.48818345554173
yg,6.04,A61,A61M,2.488461542874575
ru,3.01,G01,G01K,2.48855240130797
pc,5.02,C23,C23C,2.488888897001743
dk,5.02,H04,H04Q,2.488888900727034
xa,5.04,H04,H04B,2.48956523090601
su,3.02,G01,G01V,2.489627058617771
uy,1.04,B62,B62D,2.491031757090241
uf,1.03,H01,H01B,2.491402304265648
sy,1.03,G09,G09C,2.491416049189866
im,2.01,G05,G05F,2.491514110937715
up,1.03,G06,G06N,2.491535906679928
iu,2.03,H01,H01C,2.491666670888662
yg,6.04,C04,C04B,2.491666674613953
ue,2.11,G01,G01D,2.491898700594902
fa,2.01,B41,B41C,2.492063550278544
im,2.01,B41,B41C,2.492063550278544
ix,2.07,B41,B41C,2.492063550278544
ne,3.03,A23,A23C,2.492543866857886
ni,3.01,B01,B01F,2.492808899143711
pu,2.03,G09,G09G,2.493141146376729
sd,3.02,B82,B82Y,2.49337347690016
ig,2.06,A23,A23L,2.493502743542194
rq,1.06,H04,H04L,2.494047623127699
dr,1.06,C05,C05F,2.49427772173658
pg,6.02,G06,G06T,2.494648412801325
un,1.03,H01,H01P,2.495370381511748
af,4.05,H01,H01L,2.495833344757557
ev,1.02,H02,H02N,2.496152851730585
hl,3.03,H03,H03M,2.496622416190803
yp,3.02,H01,H01M,2.497731041628867
iu,2.03,C21,C21C,2.49791668727994
dt,2.03,F02,F02K,2.497916713356972
yy,5.07,G01,G01N,2.498273684643209
tu,3.01,F24,F24F,2.498459408059716
ry,2.03,A62,A62D,2.498958364129066
dt,2.03,C08,C08K,2.499027696438134
oy,9,C07,C07F,2.499786336440593
dy,1.04,F41,F41A,2.5
tq,3.02,F16,F16L,2.5
bq,6.05,B08,B08B,2.5
xa,5.04,B22,B22C,2.5
rz,3.03,G01,G01D,2.5
dk,5.02,C09,C09J,2.5
pj,2.05,B21,B21B,2.5
oz,6.02,A47,A47J,2.5
te,1.05,H04,H04W,2.5
bk,6.04,F16,F16K,2.5
bk,6.04,G10,G10D,2.5
om,5.05,G03,G03C,2.5
bq,6.05,F16,F16D,2.5
mm,6.01,F04,F04D,2.5
zc,4.03,H03,H03F,2.5
bk,6.04,G02,G02F,2.5
dq,9,F02,F02M,2.5
ut,6.02,C01,C01B,2.5
bk,6.04,B25,B25B,2.5
oy,9,F04,F04D,2.5
mm,6.01,B65,B65B,2.5
py,3.02,G07,G07G,2.5
bq,6.05,F16,F16C,2.5
ip,2.07,F42,F42B,2.5
ut,6.02,B24,B24C,2.5
bm,5.07,H01,H01M,2.5
ni,3.01,B24,B24B,2.5
ku,5.07,A61,A61Q,2.5
am,4.01,F16,F16H,2.5
lq,3.03,B23,B23K,2.5
pn,1.01,C10,C10J,2.5
bp,6.04,B60,B60Q,2.5
ai,2.03,E01,E01H,2.5
et,1.02,F27,F27B,2.5
ai,2.03,C11,C11D,2.5
su,3.02,B60,B60P,2.5
ha,5.03,A62,A62C,2.5
pz,2.05,B25,B25B,2.5
ga,3.02,E21,E21C,2.5
zd,9,F02,F02B,2.5
fy,3.02,B05,B05B,2.5
ep,1.02,A47,A47B,2.5
vi,5.01,E02,E02F,2.5
ew,1.02,E05,E05D,2.5
bp,6.04,A01,A01G,2.5
ua,6.03,B41,B41F,2.5
di,5.02,F01,F01D,2.5
zc,4.03,B60,B60T,2.5
ka,4.01,F16,F16H,2.5
nm,5.02,H04,H04N,2.5
bk,6.04,B60,B60J,2.5
js,6.04,F16,F16C,2.5
xa,5.04,B60,B60R,2.5
nu,5.08,B21,B21C,2.5
eu,2.02,A42,A42B,2.5
im,2.01,F16,F16B,2.5
my,5.01,C10,C10G,2.5
za,3.02,C21,C21D,2.5
gy,5.02,F01,F01K,2.5
nu,5.08,F03,F03G,2.5
za,3.02,B60,B60G,2.5
mm,6.01,F42,F42B,2.5
rp,6.04,B22,B22D,2.5
fy,3.02,B01,B01F,2.5
nu,5.08,B60,B60J,2.5
db,2.08,A63,A63H,2.5
ja,1.05,B60,B60T,2.5
fe,5.05,A41,A41D,2.5
pf,6.02,B29,B29C,2.5
ut,6.02,G06,G06N,2.5
fy,3.02,B66,B66C,2.5
py,3.02,F15,F15B,2.5
fa,2.01,F16,F16B,2.5
fs,6.04,C08,C08L,2.5
yi,6.03,C08,C08L,2.5
ga,3.02,F04,F04D,2.5
bq,6.05,B41,B41M,2.5
zk,9,E04,E04D,2.5
uu,5.06,H02,H02S,2.5
gu,1.06,F16,F16H,2.5
my,5.01,H03,H03K,2.5
eu,2.02,F16,F16H,2.5
pa,6.02,F16,F16K,2.5
or,5.09,C09,C09J,2.5
rp,6.04,A47,A47J,2.5
ha,5.03,B25,B25B,2.5
im,2.01,B25,B25B,2.5
nu,5.08,D05,D05B,2.5
ih,2.07,H02,H02H,2.5
ve,3.02,B60,B60W,2.5
jm,5.04,A23,A23D,2.5
eu,2.02,B23,B23K,2.5
mm,6.01,B60,B60T,2.5
uu,5.06,B64,B64D,2.5
id,2.07,F28,F28B,2.5
fu,5.04,B65,B65G,2.5
pq,1.01,F02,F02B,2.5
zc,4.03,B23,B23Q,2.5
ne,3.03,F01,F01L,2.5
wm,5.04,B64,B64G,2.5
qj,2.05,B60,B60C,2.5
bq,6.05,C03,C03B,2.5
ga,3.02,B24,B24D,2.5
pa,6.02,F41,F41G,2.5
yo,3.01,A24,A24C,2.5
ro,1.07,B60,B60S,2.5
bq,6.05,B61,B61L,2.5
om,5.05,E05,E05F,2.5
lj,3.02,C08,C08L,2.5
bk,6.04,B29,B29B,2.5
if,2.11,E04,E04G,2.5
ee,1.04,G07,G07F,2.5
nu,5.08,B25,B25B,2.5
pk,2.05,F02,F02K,2.5
ru,3.01,B23,B23Q,2.5
nm,5.02,F02,F02D,2.5
am,4.01,C22,C22C,2.5
ya,3.02,B23,B23D,2.5
za,3.02,H04,H04J,2.5
if,2.11,A24,A24C,2.5
bp,6.04,F04,F04D,2.5
bp,6.04,F24,F24F,2.5
rz,3.03,E04,E04F,2.5
qq,1.05,F26,F26B,2.5
oe,5.06,G01,G01K,2.5
fy,3.02,E04,E04H,2.5
rp,6.04,G01,G01P,2.5
or,5.09,G09,G09G,2.5
iy,1.06,B62,B62D,2.5
ew,1.02,F41,F41C,2.5
dy,1.04,C05,C05B,2.5
ia,3.02,F21,F21V,2.5
pa,6.02,A62,A62C,2.5
pd,6.02,F02,F02M,2.5
dy,1.04,G10,G10D,2.5
jo,5.04,B01,B01L,2.5
tu,3.01,E04,E04D,2.5
or,5.09,H01,H01F,2.5
or,5.09,H01,H01R,2.5
bq,6.05,F24,F24F,2.5
nu,5.08,F27,F27B,2.5
dy,1.04,B25,B25B,2.5
oz,6.02,A47,A47C,2.5
oe,5.06,G01,G01M,2.5
my,5.01,H02,H02J,2.5
bp,6.04,H04,H04H,2.5
pa,6.02,B62,B62K,2.5
pa,6.02,G01,G01C,2.5
ji,5.01,G03,G03G,2.5
tu,3.01,A01,A01D,2.5
za,3.02,A47,A47J,2.5
pa,6.02,B60,B60Q,2.5
et,1.02,B21,B21C,2.5
fs,6.04,C08,C08K,2.5
yg,6.04,B65,B65D,2.5
ki,3.02,A47,A47B,2.5
yi,6.03,C09,C09J,2.5
qk,6.01,A61,A61Q,2.5
py,3.02,G07,G07B,2.5
yg,6.04,A63,A63B,2.5
rz,3.03,F01,F01D,2.5
yg,6.04,H01,H01Q,2.5
nu,5.08,B62,B62K,2.5
bq,6.05,G03,G03C,2.5
dk,5.02,G03,G03C,2.5
pa,6.02,B02,B02C,2.5
vp,3.03,G03,G03G,2.5
uf,1.03,A63,A63F,2.5
pa,6.02,B23,B23Q,2.5
dm,3.02,B65,B65G,2.5
ip,2.07,E01,E01H,2.5
zc,4.03,B41,B41J,2.5
cq,1.06,F16,F16C,2.5
jb,5.07,B65,B65G,2.5
qc,6.02,F02,F02D,2.5
vj,5.01,F16,F16K,2.5
uy,1.04,F02,F02F,2.5
aa,1.03,G10,G10C,2.5
za,3.02,H02,H02J,2.5
oz,6.02,E04,E04G,2.5
ba,3.02,H04,H04H,2.5
gc,1.05,G11,G11C,2.5
su,3.02,H01,H01R,2.5
qu,1.06,A47,A47C,2.5
bp,6.04,B25,B25B,2.5
nu,5.08,E04,E04H,2.5
qc,6.02,F24,F24D,2.5
uy,1.04,A63,A63F,2.5
ph,6.02,H04,H04B,2.5
pa,6.02,F02,F02C,2.5
gy,5.02,D01,D01F,2.5
bk,6.04,F02,F02D,2.5
vj,5.01,B23,B23G,2.5
ki,3.02,A63,A63H,2.5
im,2.01,B64,B64G,2.5
ia,3.02,F04,F04D,2.5
pa,6.02,F28,F28D,2.5
oz,6.02,A01,A01C,2.5
rt,3.02,B05,B05B,2.5
sa,3.03,E03,E03C,2.5
gy,5.02,F16,F16C,2.5
dm,3.02,F16,F16H,2.5
ox,6.02,D21,D21F,2.5
pq,1.01,F42,F42B,2.5
pu,2.03,B63,B63H,2.500000007450581
wq,5.01,C08,C08F,2.500000014901161
iu,2.03,H02,H02G,2.500000014901161
ae,4.05,H04,H04M,2.500000014901161
et,1.02,B63,B63B,2.500000014901161
ne,3.03,B26,B26B,2.500000014901161
uu,5.06,C03,C03B,2.500000014901161
km,1.06,G03,G03B,2.500000014901161
rb,2.02,F16,F16M,2.500000014901161
ni,3.01,A47,A47C,2.500000029802322
id,2.07,H02,H02B,2.500000029802322
iq,2.02,B64,B64B,2.500000048428774
ei,1.04,H04,H04Q,2.500297665596008
ya,3.02,H01,H01F,2.500641039106995
am,4.01,H01,H01M,2.501987628638744
pz,2.05,B29,B29B,2.502651268616319
za,3.02,H01,H01M,2.503017362207174
co,1.06,A21,A21D,2.503042511641979
am,4.01,G05,G05B,2.503205139189959
uy,1.04,F15,F15B,2.503936113789678
tc,3.02,C08,C08L,2.50411714753136
zr,1.05,G03,G03G,2.504166676662862
ex,1.02,B64,B64D,2.504166688770056
sy,1.03,F03,F03G,2.50434736860916
si,1.05,B01,B01D,2.504350665025413
am,4.01,A63,A63B,2.504464285913855
dq,9,B05,B05C,2.504484174773097
dt,2.03,C01,C01F,2.504624864086509
vm,5.06,H04,H04M,2.50476193241775
oy,9,C12,C12N,2.505196907790378
ti,9,A61,A61Q,2.505614759400487
iq,2.02,D04,D04H,2.50587122887373
mq,6.01,G01,G01G,2.506289307959378
pa,6.02,B25,B25J,2.506566248834133
cu,1.06,C05,C05F,2.506741652265191
da,1.06,H03,H03H,2.506856058491394
ai,2.03,B41,B41J,2.507575780153275
re,1.05,C03,C03B,2.508035731501877
fi,1.04,B29,B29C,2.508171609370038
ac,2.02,C03,C03B,2.508419623598456
li,3.02,G01,G01C,2.508823532611132
eu,2.02,C23,C23C,2.509006505832076
pm,2.05,F41,F41G,2.509259331971407
qc,6.02,C07,C07K,2.50927450787276
es,2.02,H03,H03J,2.509306236170232
oe,5.06,G03,G03B,2.509803921915591
vj,5.01,G01,G01S,2.510144952684641
ox,6.02,G02,G02B,2.510317470878363
dr,1.06,G16,G16H,2.510455758310854
eq,3.01,A61,A61H,2.510846581310034
yo,3.01,C12,C12Y,2.511358491610736
tq,3.02,A23,A23D,2.511591338552535
oi,3.02,B29,B29C,2.512048192322254
sy,1.03,A01,A01M,2.512393178418279
ae,4.05,C13,C13B,2.512809261679649
my,5.01,H04,H04N,2.512977719306946
qj,2.05,C23,C23C,2.513338698539883
ij,2.11,B81,B81C,2.513417406007648
dw,1.04,C13,C13B,2.513596134260297
xa,5.04,A61,A61M,2.513888891786337
am,4.01,A61,A61B,2.51402736431919
tq,3.02,B05,B05D,2.514084506779909
iu,2.03,A63,A63H,2.514404766261578
ha,5.03,A61,A61N,2.514718348160386
xy,1.01,G01,G01F,2.515141114592552
zc,4.03,C08,C08G,2.515147515106946
pz,2.05,G01,G01D,2.515625
ea,1.04,B22,B22C,2.516666667535901
ig,2.06,F25,F25B,2.516666673123837
nn,3.03,H01,H01R,2.516666680574417
dw,1.04,B65,B65B,2.517221959773451
ji,5.01,G01,G01R,2.517302011605352
zd,9,B23,B23K,2.517304965294898
yu,3.03,H04,H04L,2.518627462908626
yp,3.02,B65,B65D,2.519961263984442
jw,6.02,C07,C07D,2.52003370039165
da,1.06,C11,C11B,2.520412008045241
cq,1.06,B29,B29D,2.520808548200876
pu,2.03,F17,F17C,2.52083333581686
rt,3.02,C25,C25D,2.52083339728415
iy,1.06,C07,C07J,2.520839595235884
oa,2.11,G16,G16H,2.521017565391958
pn,1.01,G09,G09B,2.521042541135103
bp,6.04,B21,B21B,2.521739130839705
dr,1.06,E06,E06B,2.521739130839705
ia,3.02,B60,B60K,2.521739130839705
si,1.05,G09,G09B,2.522086469456553
et,1.02,B41,B41F,2.522817486897111
qe,2.09,G01,G01C,2.523809524253011
zc,4.03,A61,A61H,2.524430670775473
ue,2.11,G01,G01L,2.524630386382341
ne,3.03,H03,H03D,2.525000000372529
uh,1.03,A61,A61M,2.525579323992133
bi,6.01,B05,B05B,2.525641025975347
rt,3.02,D01,D01F,2.525709846056998
ye,2.02,B05,B05D,2.526126209646463
uh,1.03,C03,C03B,2.526607167907059
vx,5.01,G01,G01B,2.526923082768917
ea,1.04,B04,B04B,2.527347811497748
iu,2.03,D01,D01F,2.527757365256548
mq,6.01,D01,D01F,2.527777777984738
bf,5.04,G01,G01C,2.527777783572674
oe,5.06,C04,C04B,2.527777783572674
vj,5.01,C09,C09D,2.527777791023254
om,5.05,C02,C02F,2.527777798473835
pm,2.05,B28,B28C,2.527777813374996
bm,5.07,A01,A01N,2.528194458689541
fs,6.04,C08,C08F,2.528571428731084
tc,3.02,A61,A61Q,2.528594601899385
re,1.05,C21,C21D,2.528874270617962
nm,5.02,H04,H04L,2.528968278318644
rt,3.02,G10,G10H,2.529166677966714
ep,1.02,H02,H02G,2.529166679829359
ot,6.02,C03,C03C,2.52941176481545
id,2.07,G08,G08B,2.529629651457071
zk,9,H04,H04B,2.530555557459593
ru,3.01,H01,H01G,2.530555561184883
qh,2.05,C25,C25D,2.531209445558488
qc,6.02,C04,C04B,2.53125
nu,5.08,G01,G01P,2.53125
ig,2.06,H04,H04Q,2.531500645913184
ya,3.02,G03,G03F,2.531880240421742
pk,2.05,B81,B81C,2.532267841976136
aa,1.03,H02,H02P,2.532342090271413
da,1.06,G06,G06N,2.532394180772826
ry,2.03,G07,G07F,2.53247869387269
aa,1.03,H01,H01S,2.53282731724903
ii,2.04,B25,B25J,2.532946961000562
oz,6.02,H01,H01J,2.533180730417371
bk,6.04,H01,H01P,2.533333335071802
ro,1.07,B22,B22C,2.533333346247673
zk,9,G01,G01V,2.533333346247673
vm,5.06,H05,H05K,2.533333346247673
ep,1.02,C11,C11D,2.533333346247673
oz,6.02,C22,C22B,2.533333346247673
bq,6.05,C10,C10M,2.533333346247673
ik,2.11,B25,B25B,2.533333361148834
py,3.02,B64,B64D,2.533333376049995
il,2.07,F01,F01D,2.533333394676447
ee,1.04,C13,C13B,2.533862460404634
ga,3.02,G03,G03F,2.534482758492231
ka,4.01,C08,C08J,2.535317484289408
id,2.07,F04,F04F,2.535714286379516
km,1.06,A24,A24D,2.535714287310839
pz,2.05,H04,H04J,2.535714302212
we,3.02,C07,C07F,2.53608049149625
sd,3.02,A61,A61D,2.536250390578061
sy,1.03,F02,F02D,2.536363672930747
yo,3.01,B01,B01L,2.536690464359708
qj,2.05,H01,H01B,2.536706365644932
zq,2.07,C21,C21D,2.536908257752657
yo,3.01,A23,A23C,2.536929111927748
jy,4.05,F02,F02M,2.537037037312984
es,2.02,F16,F16H,2.537037044763565
pk,2.05,F02,F02M,2.538352310657501
ew,1.02,C10,C10M,2.538815789856017
ze,1.06,G06,G06Q,2.538899270817637
hq,1.04,H03,H03H,2.538971984758973
fs,6.04,E21,E21B,2.539224676787853
ac,2.02,B65,B65B,2.539285741746426
sy,1.03,B60,B60L,2.539377305656672
ae,4.05,G01,G01C,2.539393946528435
ur,1.01,H04,H04W,2.53973251208663
pu,2.03,G03,G03B,2.54031156282872
yr,2.01,B60,B60N,2.540317492559552
dy,1.04,C10,C10C,2.540404066443443
pz,2.05,B28,B28B,2.540598296560347
ad,4.02,B32,B32B,2.540613569319248
ry,2.03,C25,C25D,2.540768008679152
ac,2.02,A61,A61L,2.541104497388005
dr,1.06,B65,B65G,2.54166666790843
eu,2.02,H02,H02M,2.54166666790843
hb,5.03,A61,A61Q,2.54166667163372
oy,9,C03,C03B,2.54166667163372
es,2.02,C09,C09J,2.541666682809591
et,1.02,A47,A47J,2.541666682809591
iq,2.02,A21,A21B,2.541666699573398
bk,6.04,G01,G01F,2.541740823537111
ia,3.02,B01,B01J,2.54192021721974
fy,3.02,G01,G01L,2.542109929025173
um,3.01,G11,G11C,2.543109967838973
rz,3.03,G01,G01C,2.543137268163264
qa,3.01,B65,B65D,2.543328552506864
dm,3.02,E06,E06B,2.543478261679411
gy,5.02,G01,G01L,2.543478276580572
le,1.05,A61,A61L,2.543790874537081
bp,6.04,B22,B22F,2.543961353600025
ia,3.02,G01,G01C,2.544117647223175
rq,1.06,C07,C07H,2.544433148694225
ip,2.07,F23,F23C,2.544444464147091
da,1.06,B29,B29C,2.544792792759836
ae,4.05,G01,G01V,2.545454546809196
ia,3.02,G05,G05D,2.545454546809196
om,5.05,G07,G07B,2.545454546809196
le,1.05,G11,G11C,2.545454561710358
ij,2.11,H01,H01R,2.545634977519512
ix,2.07,H04,H04L,2.545734158717096
pj,2.05,A23,A23L,2.546079922933131
dy,1.04,C09,C09F,2.546296300366521
xw,3.03,G01,G01L,2.546388911083341
uh,1.03,G01,G01M,2.54674874432385
ra,2.11,G02,G02F,2.547203578054905
ju,4.01,B01,B01J,2.547619048506022
tm,3.01,H05,H05K,2.547619048506022
aq,3.02,C08,C08G,2.547738187946379
co,1.06,G01,G01C,2.547778489533812
zr,1.05,G01,G01P,2.548148185014725
un,1.03,G06,G06K,2.548379163257778
ee,1.04,G08,G08B,2.549054373055696
ep,1.02,H01,H01S,2.549491168465465
dy,1.04,G01,G01G,2.549723864765838
pd,6.02,C09,C09D,2.550000000745058
ua,6.03,F01,F01N,2.550000000745058
xy,1.01,B01,B01D,2.550241372780874
wq,5.01,G06,G06N,2.550282374024391
de,1.06,C11,C11C,2.550491212168708
dw,1.04,C07,C07G,2.550526805222034
gc,1.05,G09,G09G,2.55059524346143
ew,1.02,F24,F24F,2.55059527605772
ix,2.07,C02,C02F,2.550597473978996
wu,5.04,C12,C12N,2.550830681168009
cq,1.06,B41,B41J,2.55087723210454
xq,2.11,C07,C07J,2.550969823263586
li,3.02,H01,H01L,2.551234067417681
jy,4.05,H01,H01J,2.55132649699226
ii,2.04,H03,H03M,2.551428602077067
qh,2.05,F02,F02C,2.551785748451948
pj,2.05,G06,G06T,2.552380993962288
zc,4.03,B23,B23K,2.553333334624767
dm,3.02,B60,B60R,2.553658548742533
oe,5.06,B01,B01D,2.55436509475112
pc,5.02,C22,C22C,2.554761912673712
sa,3.03,B01,B01F,2.554761938750744
oz,6.02,E04,E04C,2.555555555969477
yi,6.03,E21,E21B,2.555555555969477
za,3.02,D01,D01D,2.555555555969477
pm,2.05,B60,B60T,2.555555567145348
ry,2.03,F16,F16C,2.555555570870638
pc,5.02,B64,B64C,2.555555582046509
et,1.02,B25,B25B,2.555555585771799
ue,2.11,G05,G05F,2.555930533912033
id,2.07,A47,A47J,2.556060612201691
am,4.01,D21,D21H,2.557245957665145
ti,9,A61,A61L,2.557315680664033
ac,2.02,H03,H03G,2.557750701904297
oy,9,E21,E21B,2.558328710496426
io,2.07,G10,G10K,2.558333348482847
ne,3.03,B41,B41M,2.558333363384008
pc,5.02,H02,H02J,2.558410661295056
py,3.02,C06,C06B,2.558823529630899
ye,2.02,F02,F02C,2.558964652940631
oz,6.02,B60,B60W,2.559523820877075
le,1.05,B65,B65G,2.559583951719105
ua,6.03,G02,G02F,2.559649124741554
si,1.05,A61,A61F,2.559674643911421
bu,1.03,H01,H01M,2.559737521223724
yp,3.02,C08,C08G,2.559864785056561
zq,2.07,B01,B01F,2.560472771525383
pm,2.05,D21,D21F,2.560497879981995
ot,6.02,G01,G01C,2.560683775693178
ub,1.03,E04,E04B,2.560714289546013
uf,1.03,H02,H02N,2.560906184837222
im,2.01,G21,G21F,2.561111133545637
mu,4.01,A01,A01M,2.561111133545637
zc,4.03,D01,D01F,2.561327231116593
ds,3.02,A23,A23L,2.561338580679148
ep,1.02,C07,C07K,2.56182276760228
ur,1.01,C08,C08F,2.562239090446383
ni,3.01,H05,H05K,2.56227108091116
xy,1.01,A63,A63B,2.5625
xq,2.11,H02,H02J,2.5625
km,1.06,B32,B32B,2.562500014901161
ut,6.02,A23,A23D,2.562500014901161
cq,1.06,F21,F21V,2.56399289239198
pd,6.02,G06,G06K,2.564224690198898
bv,5.01,A23,A23L,2.564531561452895
rt,3.02,H04,H04H,2.564814835786819
oa,2.11,A61,A61H,2.564881152939051
xw,3.03,G01,G01R,2.565207919571549
eq,3.01,G11,G11C,2.565678730607033
uf,1.03,C03,C03C,2.565964636392891
ip,2.07,A61,A61K,2.566469022422098
ev,1.02,B01,B01L,2.566479078901466
iy,1.06,G02,G02F,2.566666670143604
pu,2.03,B23,B23F,2.566666670143604
oz,6.02,F16,F16F,2.566666670143604
ei,1.04,A41,A41D,2.566666692495346
ev,1.02,B23,B23Q,2.566666711121798
tq,3.02,H01,H01J,2.568027226254344
rp,6.04,G06,G06N,2.569407908245921
id,2.07,C12,C12C,2.569444455206394
ub,1.03,B60,B60T,2.569444470107555
ni,3.01,H05,H05B,2.569510182365775
tq,3.02,A23,A23K,2.570030721835792
cn,5.01,H04,H04N,2.570092312758788
zq,2.07,H02,H02M,2.570139355259016
zq,2.07,H02,H02K,2.570354124065489
jy,4.05,C25,C25D,2.570707071572542
rb,2.02,H02,H02G,2.570833344012499
ui,1.03,B23,B23B,2.571428574621677
gm,3.03,A23,A23L,2.5715103559196
ih,2.07,A24,A24D,2.571527811698616
js,6.04,C12,C12P,2.572696681134403
co,1.06,A24,A24B,2.573175786528736
vy,3.02,G06,G06G,2.573900829069316
dy,1.04,B44,B44F,2.57407408952713
pm,2.05,B44,B44F,2.574074111878872
ew,1.02,B60,B60Q,2.574094300856814
tm,3.01,A63,A63B,2.574786325916648
dm,3.02,F42,F42B,2.575000001117587
oe,5.06,C22,C22C,2.575000002980232
ip,2.07,G02,G02B,2.575333260931075
le,1.05,A62,A62D,2.575612522661686
pe,5.02,G16,G16H,2.576011881697923
ya,3.02,C11,C11D,2.576085479464382
pa,6.02,B42,B42D,2.576190494000912
xy,1.01,H03,H03K,2.576190494000912
ni,3.01,D06,D06M,2.576388911344111
rb,2.02,B01,B01L,2.576458799652755
dt,2.03,C12,C12M,2.576510223327205
xq,2.11,B64,B64D,2.576785714365542
qc,6.02,H05,H05K,2.576923079788685
dy,1.04,F02,F02C,2.576923092128709
uu,5.06,A01,A01K,2.577272739261389
hq,1.04,F25,F25B,2.577631155028939
sr,2.07,G01,G01H,2.578009555116296
es,2.02,C08,C08K,2.5785714359954
ga,3.02,A63,A63F,2.57878151582554
da,1.06,C23,C23C,2.579227730166167
gy,5.02,C08,C08J,2.579572145361453
fy,3.02,B01,B01L,2.579666705802083
if,2.11,G21,G21K,2.579757482744753
ai,2.03,A61,A61C,2.580000014975667
si,1.05,G07,G07F,2.580128233879805
cn,5.01,A61,A61M,2.580551560502499
iu,2.03,F28,F28C,2.580687860026956
rb,2.02,B60,B60T,2.580748934298754
dq,9,H02,H02M,2.580808093771338
um,3.01,H04,H04W,2.581990260630846
ti,9,C12,C12P,2.582016165484674
pm,2.05,A61,A61J,2.582023413851857
ev,1.02,B65,B65D,2.58210784336552
mc,1.06,H01,H01J,2.582770826295018
ep,1.02,A01,A01B,2.582870437763631
et,1.02,C21,C21D,2.58333333581686
ru,3.01,B41,B41F,2.58333333581686
iu,2.03,B30,B30B,2.58333333581686
qq,1.05,B64,B64B,2.58333333581686
cl,9,F04,F04D,2.58333333581686
uu,5.06,H02,H02M,2.58333333581686
db,2.08,D04,D04H,2.58333333581686
gu,1.06,A63,A63B,2.583333343267441
oy,9,F16,F16H,2.583333343267441
cq,1.06,B60,B60C,2.583333343267441
iu,2.03,D06,D06F,2.583333343267441
pc,5.02,F02,F02D,2.583333343267441
rp,6.04,E04,E04B,2.583333343267441
di,5.02,E04,E04B,2.583333343267441
sd,3.02,H01,H01M,2.583333343267441
su,3.02,A63,A63B,2.583333343267441
oz,6.02,B61,B61L,2.583333343267441
nq,5.01,B64,B64D,2.583333343267441
pa,6.02,G09,G09B,2.583333343267441
rp,6.04,A63,A63C,2.583333343267441
ub,1.03,D06,D06F,2.583333343267441
uy,1.04,E04,E04G,2.583333343267441
zm,1.06,H01,H01F,2.583333343267441
ip,2.07,C23,C23F,2.583333343267441
ea,1.04,B65,B65G,2.583333343267441
ma,3.02,H02,H02J,2.583333343267441
ka,4.01,E21,E21B,2.583333346992731
ee,1.04,C01,C01C,2.583333346992731
pm,2.05,H02,H02B,2.583333373069763
si,1.05,B29,B29C,2.583333380520344
pm,2.05,A23,A23D,2.584186157211661
ee,1.04,G01,G01B,2.584483600454405
da,1.06,B65,B65D,2.584722245577723
im,2.01,B62,B62D,2.584920678753406
ps,5.04,H04,H04W,2.584996543359011
iq,2.02,A23,A23K,2.585227288305759
qq,1.05,G01,G01M,2.58564817160368
bm,5.07,G02,G02B,2.585897454991937
xy,1.01,C07,C07C,2.58618777472293
rb,2.02,H01,H01J,2.586441593710333
ew,1.02,B01,B01L,2.586450803326443
bp,6.04,H04,H04Q,2.587121229618788
dw,1.04,C10,C10K,2.587254942394793
rb,2.02,B81,B81B,2.587322543840855
id,2.07,H01,H01S,2.58762824209407
yq,5.07,G05,G05D,2.588142145657912
up,1.03,C07,C07C,2.58896777080372
ev,1.02,A61,A61L,2.589044653344899
hb,5.03,H04,H04B,2.589340818114579
ry,2.03,C10,C10G,2.589725732803345
qg,2.05,H03,H03K,2.59008088381961
tu,3.01,A24,A24F,2.590254720300436
ui,1.03,B30,B30B,2.590909093618393
rp,6.04,G03,G03B,2.590909093618393
oz,6.02,A21,A21D,2.590909093618393
ub,1.03,A44,A44C,2.590956576168537
ne,3.03,C12,C12R,2.591603248380125
ma,3.02,H04,H04Q,2.591666672378778
pi,1.06,A23,A23L,2.591703090816736
pm,2.05,F01,F01K,2.592063510790467
gy,5.02,C10,C10M,2.592857167124748
rb,2.02,G01,G01P,2.593053469434381
ea,1.04,F15,F15C,2.593106644228101
tq,3.02,C09,C09D,2.593328227754682
ja,1.05,H03,H03K,2.593518529087305
ui,1.03,F24,F24F,2.594298280775547
dy,1.04,B44,B44C,2.594400398433208
et,1.02,F41,F41H,2.594444464892149
ba,3.02,B82,B82Y,2.594495070632547
tu,3.01,C05,C05G,2.59453915245831
am,4.01,C08,C08H,2.594601339194924
ze,1.06,B01,B01D,2.595109576359391
ui,1.03,F02,F02B,2.595833335071802
ay,3.01,G06,G06K,2.595929366536438
cq,1.06,C12,C12H,2.596194852027111
wc,3.03,G01,G01B,2.596428616903722
co,1.06,H01,H01G,2.59648249251768
da,1.06,B32,B32B,2.596609206870198
ra,2.11,H03,H03K,2.596666693687439
aa,1.03,B81,B81B,2.596882306970656
fa,2.01,C01,C01B,2.597222265321761
xq,2.11,B41,B41M,2.598561541177332
qk,6.01,H01,H01L,2.598673075437546
ew,1.02,C08,C08L,2.598835571901873
im,2.01,C12,C12N,2.598944390192628
gu,1.06,G02,G02F,2.59895833581686
aa,1.03,G05,G05D,2.599175853654742
tc,3.02,B22,B22F,2.600000001490116
pa,6.02,B60,B60N,2.600000001490116
mq,6.01,F16,F16K,2.600000001490116
ot,6.02,A63,A63B,2.600000001490116
ve,3.02,H02,H02M,2.600000001490116
gu,1.06,B23,B23K,2.600000016391277
sy,1.03,F16,F16L,2.60000002104789
fa,2.01,F03,F03D,2.600000061094761
we,3.02,C07,C07J,2.600468428106979
wf,1.06,G06,G06T,2.600470409728587
ev,1.02,C08,C08F,2.600585723761469
ja,1.05,B24,B24B,2.600595273077488
qu,1.06,C01,C01B,2.600844973698258
rt,3.02,H04,H04S,2.600888696499169
ev,1.02,C10,C10L,2.601190485060215
oz,6.02,F41,F41A,2.601190492510796
ui,1.03,F41,F41A,2.601190492510796
cq,1.06,G01,G01L,2.601319220848382
ve,3.02,A01,A01H,2.601457277312875
rz,3.03,G07,G07F,2.602097927592695
ui,1.03,H01,H01C,2.602214495651424
le,1.05,G01,G01M,2.602294711396098
dy,1.04,B63,B63B,2.602380970492959
nu,5.08,F26,F26B,2.602564113214612
uk,1.03,A01,A01G,2.602678596973419
js,6.04,G01,G01V,2.602777786552906
zr,1.05,C10,C10G,2.602948731277138
dq,9,G21,G21G,2.603333372622728
qh,2.05,H02,H02S,2.603571463376284
aa,1.03,F41,F41H,2.603629039600492
pq,1.01,B60,B60L,2.604166675359011
om,5.05,G01,G01J,2.604251014068723
ik,2.11,G08,G08G,2.605079933069646
nq,5.01,G06,G06T,2.605717414990067
km,1.06,F16,F16K,2.60614429647103
or,5.09,G05,G05B,2.606150798499584
fi,1.04,H04,H04W,2.606696674600244
qh,2.05,A43,A43B,2.607142873108387
we,3.02,G06,G06K,2.607594002969563
zr,1.05,A61,A61F,2.608300920110196
ka,4.01,G06,G06N,2.60833334363997
wm,5.04,C11,C11D,2.608333345502615
et,1.02,D03,D03D,2.608333349227905
xe,4.01,C09,C09D,2.608333349227905
vy,3.02,A61,A61G,2.608928618952632
de,1.06,G09,G09B,2.609523825347424
ui,1.03,D21,D21H,2.609924329444766
cu,1.06,B32,B32B,2.609959040768445
ei,1.04,C05,C05D,2.610416704788804
dt,2.03,A01,A01N,2.61060913046822
wf,1.06,B64,B64C,2.611111111938953
pj,2.05,A47,A47C,2.611111111938953
im,2.01,F16,F16K,2.611111111938953
js,6.04,G09,G09B,2.611111111938953
mm,6.01,C06,C06B,2.611111111938953
pa,6.02,F24,F24F,2.611111111938953
mm,6.01,E04,E04H,2.611111111938953
di,5.02,A23,A23C,2.611111111938953
oa,2.11,A62,A62C,2.611111113801599
xa,5.04,B65,B65D,2.611111121252179
ye,2.02,B41,B41F,2.611111126840115
pm,2.05,F41,F41J,2.611111126840115
qj,2.05,B41,B41J,2.611111141741276
my,5.01,B01,B01J,2.611111141741276
af,4.05,G01,G01J,2.611111141741276
pu,2.03,A63,A63F,2.611402501352131
mm,6.01,H03,H03F,2.611694693565369
et,1.02,B44,B44C,2.611904764547944
er,1.02,G01,G01F,2.612068982794881
if,2.11,C08,C08B,2.612447625026107
zm,1.06,A23,A23J,2.613194462377578
im,2.01,B65,B65G,2.613407940603793
ub,1.03,F02,F02D,2.613666459452361
ba,3.02,A61,A61Q,2.614639539271593
ec,1.04,A23,A23K,2.614766129292548
ue,2.11,C09,C09C,2.615500224754214
dw,1.04,C01,C01D,2.615740761160851
eq,3.01,G02,G02B,2.615746781229973
qg,2.05,H01,H01R,2.616063898429275
aa,1.03,H02,H02J,2.616520556621253
xq,2.11,F41,F41G,2.616666674613953
ot,6.02,F28,F28D,2.616666678339243
ja,1.05,F16,F16C,2.616666682064533
ea,1.04,H02,H02M,2.616666685789824
mm,6.01,B61,B61L,2.616666689515114
sd,3.02,H02,H02M,2.616666689515114
ve,3.02,G03,G03B,2.616666704416275
le,1.05,B23,B23K,2.617175837047398
ik,2.11,B60,B60W,2.61726193362847
po,1.01,B29,B29C,2.617479810491204
ro,1.07,C05,C05B,2.617816105484962
km,1.06,A61,A61G,2.6178955482319
ku,5.07,C09,C09D,2.618077842518687
sy,1.03,F02,F02C,2.61924606282264
dt,2.03,H02,H02S,2.619338007643819
ro,1.07,B07,B07C,2.619444468989968
wm,5.04,H05,H05K,2.619678936898708
wf,1.06,B01,B01L,2.619878537720069
qu,1.06,G03,G03G,2.62007577996701
vy,3.02,B32,B32B,2.620202041231096
ij,2.11,B60,B60G,2.620370388031006
nn,3.03,G07,G07C,2.620370410382748
sr,2.07,H01,H01J,2.621144393458962
wq,5.01,G06,G06T,2.621328148525208
uk,1.03,B02,B02C,2.621428590267897
if,2.11,F21,F21V,2.622222229838371
db,2.08,C05,C05D,2.622630764730275
uf,1.03,G01,G01B,2.622978806961328
pm,2.05,C05,C05G,2.622979824431241
pm,2.05,B07,B07C,2.623148182407022
yr,2.01,H03,H03G,2.623313203919679
im,2.01,H04,H04H,2.623611152172089
ai,2.03,C07,C07F,2.623711276333779
ee,1.04,B27,B27K,2.623714473098516
db,2.08,G01,G01Q,2.6240815842757
dm,3.02,B62,B62D,2.624242428690195
dr,1.06,F26,F26B,2.624599376693368
dm,3.02,C11,C11C,2.624629819067195
if,2.11,C05,C05G,2.625
or,5.09,H04,H04R,2.625
zm,1.06,G01,G01M,2.625
ga,3.02,C09,C09C,2.625
wc,3.03,H02,H02G,2.625
nu,5.08,B09,B09B,2.625
pq,1.01,G01,G01K,2.625
di,5.02,F21,F21K,2.625
vj,5.01,C08,C08F,2.625
db,2.08,F16,F16F,2.625
et,1.02,B27,B27N,2.62500000372529
pa,6.02,H01,H01S,2.625000007450581
pn,1.01,B64,B64D,2.625000011175871
za,3.02,B62,B62J,2.625000029802322
po,1.01,C08,C08L,2.625000029802322
yg,6.04,A01,A01N,2.625000029802322
hl,3.03,H01,H01M,2.62509923428297
jy,4.05,D06,D06F,2.625320973806083
bf,5.04,C12,C12N,2.625774245825596
dr,1.06,B32,B32B,2.62606039759703
wm,5.04,H01,H01J,2.626230288762599
qh,2.05,C07,C07C,2.626516493503004
es,2.02,B60,B60K,2.626587335020304
aa,1.03,F03,F03G,2.62668167008087
jm,5.04,H04,H04W,2.627525279298425
ei,1.04,A01,A01G,2.627899917773902
fa,2.01,G01,G01C,2.628374652005732
bd,1.06,H04,H04N,2.628787882626057
rz,3.03,G01,G01S,2.628987173549831
uq,5.07,A24,A24B,2.629166670143604
ns,2.01,F16,F16C,2.63022730499506
tc,3.02,B32,B32B,2.630555567797273
dq,9,C12,C12Y,2.631343567278236
io,2.07,G05,G05D,2.631349246948957
he,5.03,H04,H04N,2.631389234215021
ui,1.03,B05,B05C,2.631666666828096
es,2.02,B05,B05B,2.631882851943374
ha,5.03,C07,C07F,2.631921269930899
iq,2.02,B21,B21J,2.631944455206394
ot,6.02,H01,H01R,2.63194446079433
pc,5.02,H01,H01J,2.6323944022879
dq,9,G01,G01L,2.6324034743011
wm,5.04,G01,G01F,2.632850242778659
le,1.05,G01,G01D,2.633297295309603
dm,3.02,G01,G01M,2.633333334699273
ev,1.02,F25,F25B,2.633333336561918
ga,3.02,E21,E21B,2.633333340287209
es,2.02,B21,B21B,2.633333344012499
ox,6.02,G01,G01S,2.633333344012499
oa,2.11,A24,A24C,2.63333335518837
rp,6.04,H04,H04J,2.6341736856848
pe,5.02,G01,G01D,2.634259272366762
ns,2.01,B62,B62D,2.634325420949608
dt,2.03,H04,H04B,2.634717476554215
wm,5.04,G08,G08B,2.634920643642545
hq,1.04,G05,G05F,2.635996638797224
ii,2.04,A45,A45D,2.636499404907227
oa,2.11,F24,F24F,2.636957070790231
pz,2.05,B28,B28D,2.6373873911798
gm,3.03,C07,C07C,2.638122065225616
tq,3.02,C08,C08G,2.638227787334472
ea,1.04,C06,C06B,2.638436274603009
co,1.06,G01,G01S,2.638660945929587
td,3.02,H03,H03G,2.638678836636245
dq,9,H03,H03K,2.638852349482477
ro,1.07,C05,C05C,2.638888891786337
ha,5.03,H04,H04R,2.638888914138079
pm,2.05,F23,F23R,2.639042224735022
ei,1.04,G08,G08B,2.639650872442871
dy,1.04,B03,B03B,2.639874055981636
js,6.04,H04,H04S,2.639933183789253
pz,2.05,B01,B01L,2.640228047035635
ac,2.02,C12,C12M,2.640392660163343
ga,3.02,G01,G01S,2.640476197004318
iq,2.02,B28,B28D,2.640561300329864
uk,1.03,H02,H02P,2.640579741448164
ia,3.02,C02,C02F,2.640893670730293
ub,1.03,G07,G07D,2.641269866377115
bu,1.03,E21,E21B,2.641620421782136
rt,3.02,D06,D06F,2.641666673123837
ru,3.01,F02,F02D,2.641666688024998
jy,4.05,D04,D04H,2.64177492633462
rt,3.02,H02,H02K,2.642026588320732
fs,6.04,H05,H05B,2.642857149243355
mm,6.01,F16,F16K,2.642857149243355
db,2.08,F16,F16D,2.642857149243355
pd,6.02,C08,C08G,2.642857149243355
nu,5.08,B66,B66C,2.642857149243355
eu,2.02,C08,C08L,2.642857156693935
sy,1.03,B23,B23B,2.642857156693935
za,3.02,G03,G03F,2.643035067245364
uu,5.06,C08,C08F,2.643205892294645
oe,5.06,C12,C12N,2.643228229717351
zc,4.03,C12,C12Y,2.643353642197326
my,5.01,G11,G11B,2.643559228628874
nn,3.03,H01,H01M,2.643998544663191
ra,2.11,C22,C22C,2.644444458186626
dr,1.06,G08,G08G,2.644444476813078
uy,1.04,F17,F17C,2.646082641556859
ui,1.03,C10,C10L,2.646170919761062
iu,2.03,H04,H04H,2.646861520595849
wm,5.04,G01,G01B,2.647727273404598
iu,2.03,A01,A01D,2.648214288055897
ae,4.05,B30,B30B,2.649735510349274
ot,6.02,C09,C09B,2.650000013411045
qf,9,C11,C11D,2.650000036694109
pj,2.05,B29,B29B,2.651149434968829
ga,3.02,H04,H04B,2.651189288124442
ka,4.01,G06,G06T,2.651266742032021
uy,1.04,C13,C13B,2.652020212262869
pw,2.06,H01,H01L,2.652136313728988
pa,6.02,F01,F01N,2.65263158082962
ru,3.01,H02,H02M,2.65269766189158
hl,3.03,A63,A63F,2.652777783572674
ac,2.02,F16,F16L,2.652777794748545
gy,5.02,F25,F25B,2.652777798473835
pn,1.01,G10,G10K,2.653218619525433
co,1.06,B05,B05D,2.653469022130594
fa,2.01,F02,F02C,2.654761910438538
qq,1.05,F16,F16K,2.654761917889118
eu,2.02,B65,B65H,2.654761917889118
ma,3.02,G07,G07F,2.65476193651557
ki,3.02,C08,C08L,2.655128210783005
wv,3.03,G06,G06T,2.655474149622023
if,2.11,C21,C21B,2.655555557459593
dr,1.06,C02,C02F,2.655752356629819
bk,6.04,G01,G01V,2.655879220925272
cn,5.01,C08,C08G,2.656003616051748
sa,3.03,C08,C08K,2.656746071763337
bm,5.07,E21,E21B,2.657142911106348
gy,5.02,G07,G07C,2.658026704564691
pu,2.03,H03,H03K,2.658144363434985
es,2.02,B60,B60L,2.658333338797092
tu,3.01,H03,H03F,2.658333338797092
dm,3.02,H03,H03M,2.659013629890978
vi,5.01,G05,G05B,2.659534574020654
xw,3.03,A47,A47C,2.659722225740552
fa,2.01,G01,G01S,2.659722249954939
wc,3.03,C08,C08G,2.659783318638802
tq,3.02,C12,C12R,2.660150859504938
rt,3.02,A23,A23G,2.660805879626423
pu,2.03,B03,B03C,2.660901413531974
ij,2.11,B65,B65G,2.661044986918569
if,2.11,F02,F02P,2.661715003894642
ep,1.02,C08,C08F,2.66220049187541
bq,6.05,G01,G01M,2.662500001490116
ot,6.02,C11,C11D,2.662500001490116
ev,1.02,G10,G10K,2.664500857703388
ne,3.03,B09,B09C,2.66479404270649
ii,2.04,A01,A01H,2.665537944529206
dt,2.03,C08,C08L,2.665773969143629
oy,9,H03,H03K,2.665978763252497
ni,3.01,B03,B03C,2.666247030254453
ne,3.03,F15,F15B,2.66666667163372
ev,1.02,C25,C25F,2.66666667163372
ha,5.03,C09,C09B,2.66666667163372
oy,9,B08,B08B,2.66666667163372
dy,1.04,B60,B60T,2.66666667163372
dy,1.04,B62,B62B,2.66666667163372
ve,3.02,F02,F02M,2.66666667163372
ee,1.04,C23,C23G,2.66666667163372
xy,1.01,B65,B65H,2.66666667163372
mm,6.01,G01,G01F,2.66666667163372
ac,2.02,B60,B60P,2.66666667163372
uy,1.04,F27,F27B,2.66666667163372
om,5.05,C01,C01B,2.66666667163372
pa,6.02,A01,A01K,2.66666667163372
tu,3.01,G01,G01F,2.66666667163372
ua,6.03,B60,B60R,2.66666667163372
wu,5.04,B64,B64C,2.66666667163372
mq,6.01,H04,H04Q,2.66666667163372
ei,1.04,B07,B07B,2.66666667163372
ne,3.03,F28,F28F,2.666666675359011
ru,3.01,F16,F16C,2.666666679084301
if,2.11,A61,A61G,2.666666679084301
et,1.02,B63,B63H,2.666666686534882
py,3.02,B41,B41M,2.666666686534882
bq,6.05,E04,E04H,2.666666686534882
ry,2.03,B65,B65H,2.666666686534882
oy,9,H02,H02G,2.666666686534882
jw,6.02,H04,H04W,2.666666686534882
qj,2.05,F16,F16L,2.666666686534882
sa,3.03,G01,G01C,2.666666686534882
rq,1.06,E21,E21B,2.666666686534882
di,5.02,B60,B60K,2.666666686534882
ut,6.02,H05,H05K,2.666666686534882
wq,5.01,G07,G07F,2.666666686534882
sy,1.03,B41,B41B,2.666666686534882
fs,6.04,G03,G03G,2.666666686534882
dk,5.02,E04,E04H,2.666666686534882
bk,6.04,C22,C22C,2.666666686534882
dw,1.04,B28,B28B,2.666666701436043
uu,5.06,G08,G08G,2.666666701436043
hl,3.03,B65,B65D,2.666666705161333
uy,1.04,F02,F02K,2.666666708886623
pj,2.05,G09,G09B,2.666666716337204
dq,9,B41,B41F,2.666666716337204
yr,2.01,B65,B65H,2.666666727513075
ex,1.02,A47,A47B,2.666666731238365
if,2.11,E02,E02F,2.666666738688946
xw,3.03,A01,A01N,2.66699414793402
vx,5.01,A63,A63B,2.667707402259111
ju,4.01,H04,H04B,2.667801296338439
zd,9,A23,A23G,2.668489962350577
ne,3.03,C11,C11B,2.668584676459432
zd,9,A63,A63B,2.668819193728268
ac,2.02,G16,G16H,2.668828564928845
bi,6.01,G02,G02B,2.668896322604269
db,2.08,C25,C25F,2.670256415614858
ya,3.02,C07,C07J,2.670425970107317
ai,2.03,G21,G21F,2.670634962618351
et,1.02,H03,H03B,2.671164730098099
cu,1.06,G01,G01J,2.671955735422671
ve,3.02,G06,G06N,2.672192969359457
qj,2.05,G05,G05B,2.672222245484591
ye,2.02,D06,D06F,2.672619078308344
ih,2.07,C22,C22C,2.672822543419898
af,4.05,H04,H04N,2.673329718410969
ec,1.04,D21,D21C,2.673339079134166
mm,6.01,B42,B42D,2.673611111938953
pi,1.06,A61,A61B,2.673699526116252
dq,9,B32,B32B,2.673701331019402
qf,9,C03,C03C,2.674469277262688
ep,1.02,G09,G09C,2.674523833207786
fa,2.01,A61,A61Q,2.675000011920929
ip,2.07,H05,H05B,2.675000037997961
ii,2.04,B60,B60K,2.676406936720014
wc,3.03,C12,C12Q,2.677201712038368
ew,1.02,G01,G01G,2.67777781188488
iq,2.02,G04,G04B,2.67777781188488
zc,4.03,A23,A23D,2.677807674743235
zq,2.07,B29,B29C,2.678977273404598
pe,5.02,H01,H01H,2.679166716523468
yo,3.01,H05,H05K,2.679324914701283
ra,2.11,C07,C07C,2.679745564004406
py,3.02,B60,B60W,2.681159425526857
pa,6.02,A23,A23L,2.681479285471141
py,3.02,G01,G01G,2.681603783741593
eo,6.02,H04,H04N,2.682142863050103
un,1.03,H01,H01F,2.682182148098946
dm,3.02,H02,H02M,2.682483099866658
qf,9,B64,B64C,2.682516822591424
ns,2.01,B06,B06B,2.682698429562151
qj,2.05,G06,G06K,2.682906029745936
rt,3.02,C09,C09B,2.682909902185202
ue,2.11,A01,A01G,2.68291761027649
db,2.08,G08,G08G,2.683333337306976
dy,1.04,G10,G10H,2.683333339169621
rp,6.04,C22,C22C,2.683333344757557
qu,1.06,F25,F25B,2.683333348482847
nn,3.03,H04,H04B,2.683828220702708
tu,3.01,H01,H01G,2.684247793862596
ei,1.04,G10,G10K,2.684851423837245
rz,3.03,G01,G01R,2.68511909339577
qa,3.01,G01,G01J,2.685670368256979
ji,5.01,G05,G05D,2.68567711324431
wm,5.04,A01,A01N,2.685850876383483
wf,1.06,C07,C07H,2.686273038387299
tu,3.01,G02,G02F,2.68636816367507
qu,1.06,C23,C23C,2.68660229165107
qa,3.01,C08,C08L,2.686962687876076
po,1.01,G09,G09B,2.687520859995857
ru,3.01,G01,G01L,2.688196106813848
jy,4.05,A24,A24D,2.688446993939579
vy,3.02,G05,G05D,2.688461553305387
yi,6.03,B01,B01J,2.689682554453611
ew,1.02,A61,A61J,2.689682559110224
bi,6.01,A61,A61F,2.690394125878811
if,2.11,B41,B41F,2.690476210787892
zm,1.06,A23,A23G,2.690708780195564
iq,2.02,B44,B44B,2.690972235053778
ih,2.07,G06,G06K,2.691332834772766
ro,1.07,G04,G04F,2.691731430590153
yi,6.03,C09,C09K,2.691798947751522
gu,1.06,A23,A23C,2.692119758576155
ga,3.02,D21,D21H,2.692298105917871
ei,1.04,A23,A23B,2.692392722703516
yo,3.01,C08,C08B,2.693177490262315
pc,5.02,H03,H03F,2.69343220256269
ei,1.04,G05,G05D,2.693841278320178
xa,5.04,H03,H03M,2.694047659635544
uk,1.03,G01,G01H,2.694380226545036
dm,3.02,A23,A23B,2.694444458931684
dt,2.03,G02,G02F,2.694444462656975
rt,3.02,G03,G03B,2.694444470107555
ps,5.04,A01,A01H,2.694444470107555
ee,1.04,E21,E21B,2.694574517197907
pe,5.02,B60,B60K,2.694593291729689
qg,2.05,G01,G01C,2.694605272263288
qe,2.09,H05,H05K,2.694794407114387
ds,3.02,G05,G05B,2.695480948314071
oy,9,C07,C07K,2.696426322218031
et,1.02,E01,E01C,2.696428574621677
il,2.07,H02,H02K,2.696428634226322
dq,9,G01,G01B,2.697019449435174
es,2.02,C02,C02F,2.697222234681249
jb,5.07,A61,A61F,2.697414512280375
ye,2.02,B24,B24B,2.69785357452929
qh,2.05,H05,H05B,2.697982963174582
aa,1.03,H03,H03D,2.698055574670434
ye,2.02,C01,C01B,2.698328190017492
ex,1.02,H03,H03D,2.699269508011639
db,2.08,B03,B03D,2.699389586225152
uy,1.04,A44,A44B,2.700000002980232
dk,5.02,C11,C11D,2.700000002980232
xy,1.01,H01,H01R,2.700000002980232
ja,1.05,B65,B65H,2.700000002980232
om,5.05,H01,H01J,2.700000002980232
rt,3.02,B21,B21B,2.700000002980232
wh,3.02,F16,F16K,2.700000002980232
fs,6.04,C11,C11D,2.700000002980232
qq,1.05,F02,F02C,2.700000002980232
fs,6.04,A61,A61C,2.700000002980232
tc,3.02,F04,F04B,2.700000010430813
if,2.11,A23,A23L,2.700198846869171
qh,2.05,B62,B62D,2.700952430721372
id,2.07,A47,A47K,2.700980395078659
ia,3.02,A61,A61J,2.70222872775048
oa,2.11,B65,B65G,2.702381003648043
ah,4.01,C09,C09B,2.702393228188157
ru,3.01,F25,F25B,2.702422858215868
pw,2.06,F16,F16K,2.702606921084225
cu,1.06,B23,B23K,2.702946010045707
et,1.02,G01,G01W,2.702958204317838
oi,3.02,B01,B01J,2.703472225228325
ub,1.03,B60,B60G,2.703703720122576
wf,1.06,A23,A23K,2.703848410397768
qe,2.09,B29,B29D,2.704616315662861
qq,1.05,G03,G03F,2.704712935723364
ro,1.07,A47,A47J,2.704761911183596
pt,3.03,C07,C07D,2.705191062297672
oa,2.11,A63,A63H,2.705262535717338
fi,1.04,C08,C08B,2.706222436623648
ve,3.02,G01,G01S,2.706644900143147
ua,6.03,B01,B01J,2.707312950864434
ns,2.01,G01,G01M,2.707656607963145
ma,3.02,C08,C08L,2.708071069791913
bf,5.04,H05,H05K,2.70833333581686
ew,1.02,F02,F02B,2.708333343267441
fe,5.05,G07,G07C,2.708333343267441
ia,3.02,H02,H02P,2.708333354443312
uu,5.06,C08,C08J,2.708333354443312
et,1.02,F02,F02C,2.708333355374634
dt,2.03,C21,C21D,2.70853178575635
ha,5.03,G01,G01R,2.709010276012123
pz,2.05,G10,G10L,2.709010480437428
uy,1.04,G01,G01Q,2.709142670035362
yg,6.04,A23,A23L,2.709523819386959
ai,2.03,B60,B60N,2.709523819386959
ni,3.01,H01,H01M,2.709660681895912
pe,5.02,B60,B60T,2.709722263738513
qj,2.05,C12,C12P,2.710030825110152
dx,3.01,A21,A21D,2.710160263581201
mq,6.01,G11,G11B,2.710725698620081
pq,1.01,F04,F04B,2.712126240134239
pu,2.03,H02,H02M,2.712260851170868
rt,3.02,C12,C12Y,2.71284494549036
oz,6.02,F21,F21V,2.713157897815108
un,1.03,H05,H05K,2.713636375265196
ev,1.02,C09,C09D,2.714345740387216
ps,5.04,A61,A61K,2.714605400338769
ot,6.02,H01,H01Q,2.715384513139725
jy,4.05,G02,G02F,2.716280576307327
si,1.05,H04,H04J,2.716443315148354
pn,1.01,G07,G07C,2.716445091180503
if,2.11,B23,B23H,2.716666672378778
uf,1.03,F04,F04D,2.71666668727994
rb,2.02,B41,B41J,2.717171752825379
ne,3.03,C22,C22B,2.717250261455774
db,2.08,G01,G01C,2.717292904853821
ui,1.03,C03,C03B,2.717318832874298
xy,1.01,H02,H02M,2.717673994600773
ne,3.03,C09,C09B,2.717948731034994
ei,1.04,C07,C07G,2.718048491515219
aa,1.03,C07,C07K,2.718198922928423
tu,3.01,C01,C01G,2.718972421716899
et,1.02,G01,G01T,2.719075282337144
rt,3.02,G01,G01L,2.71969697996974
le,1.05,B01,B01F,2.720238120295107
uy,1.04,C22,C22C,2.720299220643938
ve,3.02,B01,B01L,2.72069599153474
ex,1.02,B60,B60K,2.721645081415772
qu,1.06,A61,A61J,2.721685496158898
ii,2.04,A63,A63H,2.722222223877907
bq,6.05,E04,E04C,2.722222227603197
ai,2.03,G01,G01G,2.722222238779068
cq,1.06,A47,A47L,2.722222255542874
ew,1.02,B60,B60C,2.72222226113081
ub,1.03,F17,F17D,2.723809557035565
ff,3.02,G11,G11C,2.723875682801008
qh,2.05,E21,E21B,2.723917797207832
pt,3.03,B29,B29C,2.723981499206275
pz,2.05,D21,D21H,2.724153183400631
yy,5.07,G07,G07F,2.72440480068326
iq,2.02,D21,D21F,2.724747519940138
gc,1.05,C08,C08K,2.725000001490116
yi,6.03,C08,C08G,2.725000001490116
db,2.08,C01,C01F,2.725181893911213
hq,1.04,F02,F02C,2.725231528282166
qc,6.02,A01,A01N,2.726190492510796
ii,2.04,H02,H02H,2.726190507411957
om,5.05,H03,H03M,2.726190507411957
ne,3.03,G10,G10H,2.726190522313118
pm,2.05,A01,A01D,2.726406954228878
iq,2.02,C10,C10L,2.726987663656473
pe,5.02,B23,B23Q,2.727777820080519
om,5.05,B64,B64D,2.72916667163372
rb,2.02,B65,B65H,2.72916667163372
bp,6.04,F15,F15B,2.729166677221656
sd,3.02,A63,A63F,2.729166686534882
dt,2.03,F23,F23J,2.729166712611914
tu,3.01,H04,H04J,2.729404125362635
da,1.06,H03,H03K,2.73047436773777
pu,2.03,A61,A61N,2.730475571937859
ai,2.03,C01,C01B,2.730587762780488
ee,1.04,A23,A23F,2.730968901421875
jy,4.05,B27,B27K,2.730994157493114
xw,3.03,G11,G11B,2.731250002980232
tq,3.02,A63,A63B,2.73126295208931
ia,3.02,G09,G09G,2.73158991523087
lj,3.02,C07,C07K,2.731634643976577
ro,1.07,B29,B29B,2.731685027480125
ii,2.04,C12,C12H,2.732253096997738
oz,6.02,C07,C07H,2.732304591219872
pq,1.01,H02,H02J,2.73333334363997
ew,1.02,D04,D04B,2.733333349227905
xq,2.11,B05,B05B,2.733488798141479
mq,6.01,H04,H04B,2.733901525847614
ig,2.06,G08,G08G,2.734271293506026
ha,5.03,G10,G10H,2.734659120440483
da,1.06,G03,G03H,2.734864993020892
yq,5.07,B60,B60W,2.735317500308156
rp,6.04,C22,C22B,2.735714331269264
cl,9,G11,G11B,2.735930753871799
dm,3.02,G03,G03C,2.736111113801599
uk,1.03,B22,B22D,2.736941028386354
ei,1.04,A23,A23J,2.737037055194378
dx,3.01,G06,G06T,2.737618190702051
aa,1.03,B23,B23K,2.737797616049647
ui,1.03,B64,B64C,2.73786842264235
sa,3.03,G05,G05B,2.738179818261415
dm,3.02,H01,H01F,2.738600313663483
nu,5.08,G21,G21K,2.738888900727034
mw,5.09,A61,A61K,2.738894517533481
pu,2.03,G10,G10L,2.738900951109827
ua,6.03,C07,C07F,2.739021167624742
we,3.02,A23,A23L,2.739813481457531
pa,6.02,G07,G07C,2.739877361804247
aq,3.02,H04,H04L,2.739880966022611
xe,4.01,C01,C01F,2.74050539219752
ku,5.07,C08,C08G,2.741666682064533
wc,3.03,A01,A01H,2.741666693240404
pc,5.02,B01,B01F,2.741666704416275
es,2.02,C23,C23F,2.743095131590962
dk,5.02,A61,A61L,2.74318395042792
oe,5.06,B29,B29C,2.74328368389979
ka,4.01,C12,C12R,2.743326148018241
ih,2.07,B82,B82Y,2.743377638049424
dm,3.02,A63,A63B,2.743478264659643
hy,1.06,C12,C12Y,2.743917563697323
iu,2.03,B28,B28D,2.744369376450777
bu,1.03,G11,G11C,2.744490461423993
vp,3.03,A61,A61K,2.74512932356447
mu,4.01,B01,B01J,2.74593956489116
co,1.06,G11,G11C,2.74593980750069
pm,2.05,A62,A62B,2.746527809649706
ka,4.01,C10,C10G,2.746790485456586
jy,4.05,F42,F42B,2.746913600713015
da,1.06,G16,G16H,2.746921844547614
ui,1.03,C12,C12R,2.747619051486254
ui,1.03,F02,F02M,2.747619058936834
mw,5.09,A63,A63F,2.748133130371571
da,1.06,G08,G08B,2.74828056525439
ew,1.02,G21,G21K,2.748484872281551
cq,1.06,A45,A45D,2.749018039088696
ij,2.11,B41,B41J,2.749138504266739
ea,1.04,C13,C13K,2.749248709529638
tu,3.01,C10,C10M,2.749320606701076
xe,4.01,A01,A01K,2.75
bq,6.05,F16,F16B,2.75
uq,5.07,A61,A61F,2.75
bq,6.05,H02,H02P,2.75
wf,1.06,H01,H01M,2.75
cq,1.06,B21,B21D,2.75
zm,1.06,D21,D21H,2.75
uu,5.06,B60,B60T,2.75
rp,6.04,F16,F16D,2.75
yg,6.04,C08,C08L,2.75
oa,2.11,B30,B30B,2.75
tm,3.01,B23,B23K,2.75
eu,2.02,B21,B21D,2.75
ip,2.07,F23,F23N,2.75
db,2.08,B67,B67D,2.75
if,2.11,F24,F24C,2.75
ga,3.02,C05,C05G,2.75
qc,6.02,A61,A61G,2.75
wu,5.04,G09,G09F,2.75
bk,6.04,G05,G05D,2.75
pn,1.01,B60,B60G,2.75
qf,9,E03,E03B,2.75
bp,6.04,C21,C21D,2.75
sa,3.03,G07,G07F,2.75
rb,2.02,B07,B07C,2.75
pq,1.01,B25,B25B,2.75
oy,9,B21,B21D,2.75
bm,5.07,H05,H05B,2.75
bq,6.05,F41,F41G,2.75
xw,3.03,H05,H05K,2.75
qk,6.01,G11,G11B,2.75
su,3.02,G08,G08B,2.75
fa,2.01,F16,F16L,2.75
gy,5.02,F42,F42B,2.75
bf,5.04,C08,C08K,2.75
ua,6.03,H01,H01B,2.75
fy,3.02,H03,H03M,2.75
uq,5.07,C04,C04B,2.75
if,2.11,F02,F02N,2.750000007450581
ip,2.07,H02,H02J,2.750000007450581
ga,3.02,A63,A63B,2.750000007450581
nu,5.08,D06,D06N,2.750000014901161
et,1.02,D06,D06N,2.750000014901161
aa,1.03,H03,H03C,2.750000014901161
am,4.01,C08,C08F,2.750000014901161
pz,2.05,G09,G09F,2.750000022351742
pq,1.01,B29,B29D,2.750000022351742
mm,6.01,B23,B23K,2.750000022351742
js,6.04,G07,G07C,2.750000029802322
bk,6.04,A63,A63F,2.750000029802322
nn,3.03,G01,G01C,2.750000033527613
dw,1.04,D06,D06N,2.750000044703484
yr,2.01,B65,B65D,2.750000059604645
ne,3.03,B22,B22D,2.750081706792116
rb,2.02,B63,B63B,2.750610517337918
db,2.08,G09,G09F,2.751404515933245
pa,6.02,A47,A47L,2.752292465418577
vi,5.01,G03,G03B,2.752631600946188
hf,6.03,G05,G05B,2.752945676445961
ba,3.02,G06,G06K,2.753115525469184
ox,6.02,A61,A61C,2.753362776711583
jy,4.05,A61,A61D,2.75357432756573
ve,3.02,G10,G10L,2.753659744746983
fs,6.04,H04,H04R,2.753968261182308
un,1.03,E21,E21B,2.754482354037464
ex,1.02,C08,C08G,2.75503474008292
db,2.08,F01,F01N,2.756328877061605
up,1.03,H02,H02M,2.756850209087133
oy,9,G07,G07C,2.756944455206394
pq,1.01,H01,H01B,2.757142857182771
ei,1.04,G01,G01P,2.757683685515076
sd,3.02,A61,A61G,2.758064518682659
ui,1.03,G07,G07D,2.758333347737789
wq,5.01,H01,H01M,2.758741267025471
dw,1.04,A63,A63F,2.759016663068905
ig,2.06,C25,C25F,2.759049782529473
pw,2.06,G09,G09B,2.759195283520967
ry,2.03,H01,H01P,2.759469703771174
ps,5.04,G06,G06K,2.759530503302813
ip,2.07,C08,C08K,2.760396846570075
am,4.01,C05,C05B,2.760632226243615
qq,1.05,A61,A61Q,2.761111127212644
ex,1.02,F16,F16C,2.761111155152321
uy,1.04,G09,G09B,2.761138370260596
qk,6.01,A61,A61K,2.761479233391583
le,1.05,B65,B65D,2.761494252830744
wu,5.04,G01,G01V,2.761599869467318
ex,1.02,C04,C04B,2.761752167716622
ad,4.02,C08,C08B,2.76197936758399
vm,5.06,H04,H04B,2.763095267117023
qg,2.05,F21,F21V,2.763130367733538
ij,2.11,C08,C08H,2.763515981845558
fi,1.04,G03,G03C,2.763888895511627
im,2.01,B23,B23K,2.764411050826311
fs,6.04,B01,B01J,2.764866346493363
nq,5.01,G06,G06N,2.765476198866963
dw,1.04,B22,B22F,2.765555576654151
db,2.08,C23,C23F,2.765575441531837
pz,2.05,C01,C01D,2.765873029828072
zm,1.06,E21,E21B,2.765873037278652
ve,3.02,F16,F16K,2.766666680574417
aa,1.03,E01,E01F,2.766666688024998
gu,1.06,C10,C10M,2.766666688024998
ii,2.04,H01,H01T,2.766666705720127
ye,2.02,A01,A01N,2.766714791767299
ig,2.06,C08,C08H,2.766802774276584
li,3.02,A61,A61F,2.767040704842657
er,1.02,G01,G01P,2.767222722992301
en,9,H04,H04W,2.767481775023043
pa,6.02,G01,G01L,2.767543859779835
jb,5.07,C08,C08G,2.767676774412394
iq,2.02,C40,C40B,2.768371352576651
es,2.02,B41,B41F,2.768518518656492
dk,5.02,B01,B01L,2.768867924809456
uu,5.06,G08,G08B,2.770833333954215
ip,2.07,F04,F04B,2.770833343267441
ro,1.07,F03,F03B,2.77142857760191
pc,5.02,C08,C08G,2.7714285813272
ec,1.04,C23,C23F,2.771461243275553
ah,4.01,C08,C08K,2.772486791945994
zd,9,A61,A61J,2.773889246629551
ua,6.03,H01,H01F,2.77424244582653
uk,1.03,B64,B64C,2.774648997932673
yg,6.04,H01,H01S,2.774908433668315
ij,2.11,G01,G01J,2.77499017957598
dw,1.04,C40,C40B,2.775004664057633
dt,2.03,C11,C11D,2.775036100530997
uk,1.03,G02,G02C,2.775260237976909
km,1.06,C08,C08B,2.775560476118699
ev,1.02,B01,B01F,2.775572688027751
dm,3.02,A62,A62D,2.77611431479454
ga,3.02,A61,A61H,2.776126887649298
qf,9,B41,B41J,2.776825512759387
pu,2.03,A61,A61C,2.776890277862549
mm,6.01,C07,C07F,2.777152485214174
ea,1.04,B09,B09C,2.77719470532611
le,1.05,A61,A61Q,2.777380958199501
ii,2.04,E04,E04D,2.777777798473835
ya,3.02,F16,F16H,2.777777798473835
et,1.02,E04,E04F,2.777777798473835
lq,3.03,B65,B65D,2.777777805924416
bk,6.04,G01,G01L,2.777848042547703
qf,9,C09,C09J,2.777960954234004
rp,6.04,B01,B01J,2.778217528015375
ns,2.01,C40,C40B,2.778458309709094
pu,2.03,A01,A01H,2.778654986992478
ht,1.06,C07,C07D,2.779180842684582
oy,9,C03,C03C,2.77941176481545
jy,4.05,F04,F04B,2.780234032310545
re,1.05,B22,B22D,2.78033875208348
aq,3.02,A23,A23C,2.780452501028776
ja,1.05,G09,G09B,2.783304004464298
ue,2.11,B08,B08B,2.783319158479571
bp,6.04,C08,C08B,2.783333346247673
rq,1.06,G03,G03G,2.783333376049995
ui,1.03,C12,C12P,2.783569659339264
ih,2.07,C03,C03C,2.783717878162861
dq,9,A61,A61G,2.783730171620846
sy,1.03,A23,A23L,2.783766238950193
oa,2.11,B63,B63B,2.784127002581954
ui,1.03,F28,F28D,2.784498862922192
ik,2.11,A63,A63F,2.78519719094038
zc,4.03,G01,G01S,2.785256430506706
et,1.02,G01,G01L,2.785295714624226
we,3.02,A63,A63F,2.785353560000658
yr,2.01,F01,F01N,2.785661781206727
fe,5.05,H04,H04M,2.78571429848671
ka,4.01,D21,D21H,2.786111146211624
cu,1.06,G01,G01C,2.786120105534792
uk,1.03,H04,H04J,2.786391821689904
fi,1.04,G03,G03H,2.786674284376204
ot,6.02,C08,C08G,2.786805564537644
dm,3.02,C07,C07B,2.78687572106719
sd,3.02,C08,C08B,2.787006369791925
oz,6.02,C11,C11B,2.787393168546259
ku,5.07,C07,C07C,2.787840549368411
ei,1.04,B02,B02C,2.788095280528069
io,2.07,B63,B63G,2.788690524175763
un,1.03,C30,C30B,2.789012303110212
hb,5.03,C07,C07F,2.789215519092977
et,1.02,A47,A47K,2.789215717464685
hl,3.03,A01,A01N,2.78925031516701
ex,1.02,G01,G01W,2.789321845863014
ds,3.02,G07,G07F,2.789384666830301
ga,3.02,G01,G01L,2.789972919970751
pm,2.05,B66,B66B,2.790404041297734
ur,1.01,C09,C09K,2.791100667091087
vm,5.06,C07,C07D,2.791228565387428
ac,2.02,B62,B62K,2.791269875131547
sd,3.02,C23,C23C,2.79166667163372
er,1.02,B60,B60T,2.79173793643713
db,2.08,H04,H04J,2.791774900630116
pn,1.01,F16,F16H,2.792063522152603
vx,5.01,H04,H04R,2.79212635406293
es,2.02,C08,C08F,2.792981539387256
ht,1.06,A61,A61B,2.793000566074625
dw,1.04,G01,G01J,2.79414782486856
zc,4.03,C04,C04B,2.794533549342304
ry,2.03,C08,C08K,2.795000040903687
tq,3.02,C08,C08L,2.795039842370898
pk,2.05,F23,F23R,2.795238137245178
rp,6.04,C12,C12Q,2.795483716297895
cl,9,F16,F16F,2.795604430139065
bp,6.04,A61,A61L,2.796918790787458
cq,1.06,G03,G03B,2.796969756484032
wc,3.03,C07,C07K,2.797139353933744
vx,5.01,G03,G03F,2.797222230583429
dk,5.02,A23,A23L,2.797480621375144
zm,1.06,D01,D01F,2.797619048506022
ui,1.03,F41,F41B,2.797619067132473
gy,5.02,A47,A47B,2.797619070857763
co,1.06,C09,C09J,2.797668098239228
ns,2.01,B25,B25J,2.797976071713492
qf,9,F28,F28F,2.79809501953423
es,2.02,B21,B21D,2.798214294016361
ut,6.02,A61,A61M,2.798302583396435
ru,3.01,A61,A61J,2.798335186205804
ru,3.01,G01,G01P,2.798545610159636
kv,1.05,H01,H01L,2.798771928995848
di,5.02,A63,A63B,2.798812750726938
ji,5.01,H04,H04H,2.799115316476673
bp,6.04,C25,C25D,2.800000011920929
pn,1.01,F23,F23N,2.800000037997961
zm,1.06,A61,A61D,2.800123560242355
wc,3.03,H01,H01L,2.800313372630626
ru,3.01,C40,C40B,2.800850847852416
ub,1.03,B28,B28B,2.801250027958304
co,1.06,G05,G05B,2.801447213161737
ne,3.03,G01,G01K,2.801851879805326
bi,6.01,A61,A61L,2.802386304363608
ac,2.02,A01,A01K,2.802692240104079
fy,3.02,H04,H04R,2.80362556874752
ha,5.03,B60,B60R,2.803968274965882
qh,2.05,C30,C30B,2.804035743698478
ee,1.04,D01,D01D,2.805073705269024
ex,1.02,C08,C08J,2.805084292311221
de,1.06,B29,B29C,2.805431496351957
rt,3.02,C04,C04B,2.806004447862506
xq,2.11,C02,C02F,2.806168854236603
iq,2.02,E02,E02B,2.807142885401845
aa,1.03,C08,C08F,2.807291669771075
vy,3.02,H02,H02N,2.808465634472668
he,5.03,H04,H04L,2.808632584288716
yy,5.07,A61,A61K,2.809004810405895
ae,4.05,A23,A23G,2.809027783572674
ih,2.07,A01,A01K,2.809439211152494
pa,6.02,G10,G10H,2.809523820877075
ae,4.05,C08,C08H,2.809551395010203
di,5.02,C12,C12Q,2.810680439230055
az,3.02,A61,A61B,2.811335440725088
pn,1.01,G16,G16H,2.81222666031681
un,1.03,F25,F25B,2.812500008381903
am,4.01,B09,B09C,2.813043912407011
db,2.08,H04,H04H,2.813131336122751
om,5.05,H04,H04H,2.813492085784674
hi,5.01,C07,C07C,2.814102564938366
li,3.02,C07,C07F,2.815562701318413
py,3.02,H02,H02G,2.816666670143604
dq,9,B65,B65D,2.816666677594185
fy,3.02,A63,A63F,2.816666677594185
im,2.01,E06,E06B,2.816666759550571
my,5.01,G06,G06K,2.817180521786213
aa,1.03,G08,G08G,2.81795287784189
pc,5.02,C08,C08L,2.817956354469061
ka,4.01,E04,E04C,2.817982476204634
qg,2.05,G01,G01F,2.818075123243034
pu,2.03,F16,F16J,2.818452391773462
ee,1.04,A23,A23B,2.818452425301075
id,2.07,B62,B62D,2.818750018253922
bm,5.07,G11,G11B,2.819444451481104
uu,5.06,C01,C01B,2.81944446451962
de,1.06,H04,H04M,2.819444477558136
pz,2.05,G01,G01M,2.819827612489462
nq,5.01,B60,B60W,2.820085482671857
ik,2.11,B22,B22C,2.820555608719587
bu,1.03,G02,G02F,2.820812478661537
ei,1.04,G21,G21G,2.821266544051468
db,2.08,F28,F28F,2.821428574621677
oy,9,H01,H01H,2.821428574621677
oi,3.02,G01,G01S,2.821428574621677
om,5.05,G09,G09B,2.821428582072258
qa,3.01,A01,A01H,2.821696860482916
if,2.11,B29,B29D,2.821875009220093
ru,3.01,C08,C08B,2.822089710272849
or,5.09,A24,A24B,2.822117222473025
yi,6.03,A24,A24B,2.822117222473025
ba,3.02,B29,B29C,2.822390594985336
dx,3.01,C12,C12Y,2.822492898092605
ye,2.02,C12,C12N,2.822779295674991
ac,2.02,C08,C08F,2.82335996394977
tc,3.02,B25,B25B,2.823684219270945
fy,3.02,C12,C12M,2.824507324956357
vi,5.01,C09,C09K,2.824947486631572
iq,2.02,G03,G03D,2.825000017881393
ip,2.07,B29,B29C,2.825877204537392
js,6.04,C08,C08F,2.826149445027113
yr,2.01,G03,G03B,2.826470666565001
vy,3.02,B05,B05D,2.826556801795959
cq,1.06,C01,C01D,2.826634078286588
ne,3.03,C10,C10L,2.826751733198762
ui,1.03,A45,A45D,2.826923109591007
bp,6.04,A63,A63B,2.827380958944559
qa,3.01,B01,B01F,2.827612122928258
iu,2.03,B65,B65B,2.82833333639428
gu,1.06,H05,H05B,2.828333340585232
de,1.06,H02,H02J,2.828418811783195
ep,1.02,B65,B65H,2.829166695475578
iu,2.03,B60,B60B,2.829166700132191
pt,3.03,H04,H04B,2.829246187582612
py,3.02,C25,C25B,2.82952382043004
ry,2.03,H02,H02M,2.829761927947402
pz,2.05,F04,F04B,2.831199421081692
ea,1.04,H02,H02J,2.831373129040003
fa,2.01,A61,A61M,2.831546364352107
un,1.03,A61,A61L,2.831758808810264
yo,3.01,B09,B09C,2.831850353628397
ep,1.02,B01,B01L,2.831867737462744
cq,1.06,G01,G01P,2.832510892767459
qh,2.05,C07,C07F,2.833134410437196
dy,1.04,H02,H02P,2.83333333581686
js,6.04,C03,C03B,2.833333343267441
rt,3.02,F15,F15B,2.833333343267441
am,4.01,G11,G11B,2.833333343267441
ye,2.02,B66,B66B,2.833333343267441
nm,5.02,B32,B32B,2.833333343267441
pa,6.02,F41,F41A,2.833333343267441
ip,2.07,B64,B64C,2.833333343267441
bq,6.05,C03,C03C,2.833333343267441
bq,6.05,A44,A44B,2.833333343267441
ia,3.02,F16,F16H,2.833333343267441
nn,3.03,G07,G07F,2.833333343267441
nu,5.08,D02,D02G,2.833333343267441
vj,5.01,B60,B60P,2.833333343267441
ut,6.02,F04,F04B,2.833333343267441
mm,6.01,F02,F02B,2.833333343267441
lj,3.02,B65,B65D,2.833333343267441
xa,5.04,E04,E04F,2.833333343267441
pa,6.02,F02,F02M,2.833333343267441
wu,5.04,B23,B23C,2.833333343267441
pa,6.02,A42,A42B,2.833333343267441
uq,5.07,C10,C10M,2.833333343267441
uy,1.04,B28,B28B,2.833333343267441
pz,2.05,E04,E04H,2.833333343267441
ro,1.07,B60,B60G,2.833333343267441
ox,6.02,A01,A01H,2.833333343267441
oz,6.02,F01,F01N,2.833333343267441
pz,2.05,F16,F16G,2.833333343267441
bp,6.04,C03,C03C,2.833333343267441
gy,5.02,C03,C03C,2.833333343267441
su,3.02,H04,H04M,2.833333343267441
gy,5.02,F02,F02M,2.833333343267441
qc,6.02,C23,C23C,2.833333343267441
nu,5.08,F25,F25D,2.833333343267441
mm,6.01,A23,A23G,2.833333343267441
qc,6.02,H03,H03K,2.833333343267441
oy,9,B24,B24B,2.833333343267441
ne,3.03,E02,E02F,2.833333343267441
uu,5.06,E04,E04D,2.833333343267441
nu,5.08,F41,F41A,2.833333343267441
ya,3.02,F02,F02D,2.833333343267441
xq,2.11,B62,B62D,2.833333343267441
tq,3.02,G02,G02F,2.833333343267441
eu,2.02,H02,H02K,2.833333343267441
di,5.02,F24,F24F,2.833333350718021
bk,6.04,C10,C10G,2.833333358168602
jy,4.05,B30,B30B,2.833333358168602
jy,4.05,G21,G21C,2.833333358168602
oz,6.02,B05,B05D,2.833333358168602
oy,9,F21,F21S,2.833333358168602
ii,2.04,F23,F23K,2.833333359099925
ne,3.03,E04,E04D,2.833333373069763
pk,2.05,F28,F28F,2.833333373069763
ro,1.07,B24,B24D,2.833427362143993
wm,5.04,G01,G01S,2.833826917689294
ye,2.02,B01,B01J,2.834173714974895
ji,5.01,G08,G08B,2.834252219647169
om,5.05,A01,A01N,2.834397166036069
ut,6.02,G11,G11C,2.834498845040798
if,2.11,B08,B08B,2.834943873807788
pk,2.05,H04,H04B,2.835250411182642
id,2.07,A01,A01H,2.835347833111882
mm,6.01,C11,C11D,2.835483880946413
iq,2.02,B82,B82B,2.835504197515547
pn,1.01,C09,C09K,2.835976670961827
dr,1.06,D06,D06M,2.836128529161215
ne,3.03,C12,C12P,2.836691363831051
aa,1.03,H02,H02M,2.83680179528892
le,1.05,A61,A61N,2.837236915016547
if,2.11,E04,E04B,2.8375000115484
un,1.03,B82,B82Y,2.838019866263494
tu,3.01,F01,F01N,2.838095247745514
oa,2.11,C22,C22B,2.838302277028561
tu,3.01,C12,C12C,2.83864686684683
we,3.02,C12,C12M,2.839155429042876
ja,1.05,A61,A61C,2.839285175316036
et,1.02,F16,F16J,2.840277787763625
cq,1.06,G01,G01F,2.840676149353385
ha,5.03,C04,C04B,2.840909108519554
ru,3.01,C25,C25D,2.841036492958665
ye,2.02,H01,H01C,2.841505743563175
pm,2.05,F24,F24H,2.842948738485575
er,1.02,H02,H02P,2.843174621462822
re,1.05,C08,C08G,2.843266043812037
ip,2.07,C08,C08G,2.843333350494504
tm,3.01,B01,B01J,2.843378189951181
oa,2.11,C09,C09B,2.84384433273226
zr,1.05,A61,A61M,2.844232501462102
uq,5.07,G06,G06T,2.844444449990988
db,2.08,F42,F42B,2.844769342802465
tm,3.01,C03,C03C,2.845381535589695
dm,3.02,F25,F25B,2.845454562455416
iu,2.03,F15,F15C,2.845807952340692
ua,6.03,A61,A61M,2.846302330493927
ac,2.02,A01,A01D,2.846509769558907
ik,2.11,C23,C23F,2.846582603408024
cq,1.06,G09,G09G,2.846743294969201
pz,2.05,F02,F02B,2.847222242504358
rz,3.03,C08,C08G,2.847222247160971
dr,1.06,G05,G05D,2.847230087034404
am,4.01,C08,C08J,2.847280253656209
ew,1.02,B05,B05C,2.847826089709997
re,1.05,C30,C30B,2.847924321889877
ac,2.02,C07,C07D,2.848470321157947
dq,9,H03,H03H,2.849033864215016
dw,1.04,C12,C12M,2.849780043005012
aq,3.02,A61,A61F,2.849851803388447
dt,2.03,F04,F04B,2.8498595636338
gu,1.06,B65,B65D,2.850000001490116
vj,5.01,B65,B65D,2.850000001490116
id,2.07,D06,D06F,2.850000016391277
dq,9,C01,C01B,2.850158204557374
ye,2.02,B29,B29D,2.850731927435845
ry,2.03,F25,F25J,2.851190514862537
sr,2.07,A01,A01G,2.851518814917654
ih,2.07,A23,A23L,2.851596775464714
im,2.01,F03,F03G,2.852488332893699
pn,1.01,H02,H02K,2.852567701134831
zc,4.03,C08,C08K,2.853333342820406
ih,2.07,C08,C08B,2.853991681477055
iu,2.03,B62,B62K,2.85416667163372
cq,1.06,B41,B41M,2.854219447821379
pt,3.03,B25,B25J,2.855033290339634
ox,6.02,G01,G01C,2.855072466656566
uf,1.03,F28,F28F,2.855594384483993
ij,2.11,G01,G01P,2.855831987224519
sy,1.03,C09,C09G,2.855952402576804
dq,9,H05,H05B,2.856060616672039
oy,9,C09,C09K,2.856565676629543
ja,1.05,G01,G01C,2.856605472741649
im,2.01,B60,B60R,2.856780894100666
ry,2.03,H03,H03L,2.857108655385673
eu,2.02,C08,C08J,2.857142869383097
ne,3.03,C09,C09C,2.857142884284258
fy,3.02,F21,F21V,2.857142895460129
zq,2.07,C07,C07C,2.857185380998999
im,2.01,C08,C08J,2.857574677560478
uk,1.03,C06,C06B,2.858074849005789
bm,5.07,C23,C23C,2.858333364129066
zc,4.03,H01,H01R,2.858333364129066
ee,1.04,C30,C30B,2.859090209938586
si,1.05,B63,B63C,2.859325440600514
ma,3.02,C08,C08F,2.859372161328793
dt,2.03,H04,H04W,2.859777577221394
ba,3.02,H04,H04W,2.860119067132473
sy,1.03,B44,B44C,2.860317479819059
op,3.03,B01,B01L,2.860744887031615
si,1.05,G11,G11B,2.861111111938953
ah,4.01,G05,G05D,2.861111119389534
dy,1.04,F21,F21S,2.861111121252179
et,1.02,B60,B60N,2.861111134290695
fa,2.01,C02,C02F,2.861111141741276
qu,1.06,C05,C05G,2.862550135701895
dx,3.01,G06,G06K,2.862606578972191
ex,1.02,F16,F16F,2.863034203648567
ry,2.03,G01,G01D,2.863384628202766
ii,2.04,B63,B63J,2.863636389374733
ro,1.07,B66,B66B,2.863636404275894
ya,3.02,H02,H02K,2.863888904452324
up,1.03,G08,G08G,2.863970591686666
ye,2.02,A61,A61H,2.86458197189495
bf,5.04,C12,C12Q,2.86465042619966
hi,5.01,H04,H04M,2.865078020840883
ut,6.02,G06,G06K,2.865079384297132
yo,3.01,A01,A01H,2.865604970371351
xq,2.11,H01,H01F,2.866087072528899
ut,6.02,H04,H04H,2.866666689515114
ij,2.11,B65,B65D,2.866666689515114
qf,9,G03,G03G,2.866666696965694
aa,1.03,G06,G06G,2.867171728983521
ji,5.01,A61,A61F,2.867561917286366
ma,3.02,F02,F02D,2.867816101759672
qu,1.06,D06,D06P,2.86834392696619
oa,2.11,G06,G06G,2.868488492909819
et,1.02,G06,G06G,2.869044643826783
qg,2.05,A61,A61C,2.869321309961379
tc,3.02,G01,G01S,2.869444468058646
vy,3.02,C12,C12P,2.869497437495738
hy,1.06,A61,A61M,2.86974213598296
if,2.11,D21,D21C,2.86994287930429
pa,6.02,F21,F21K,2.870370380580425
yr,2.01,A63,A63B,2.8709776699543
mc,1.06,A63,A63B,2.87195061147213
dw,1.04,F02,F02B,2.872549053281546
ns,2.01,H01,H01P,2.873332432238385
sr,2.07,G11,G11B,2.873347021639347
sd,3.02,A23,A23C,2.874776368960738
db,2.08,H04,H04R,2.874812799040228
oa,2.11,E03,E03C,2.875
ru,3.01,B66,B66B,2.875
ha,5.03,D06,D06F,2.875000011175871
ro,1.07,B28,B28B,2.875000011175871
wc,3.03,F16,F16M,2.875000014901161
iq,2.02,F41,F41J,2.875000018626451
ah,4.01,C12,C12H,2.875268636271358
ev,1.02,F02,F02D,2.875562821514904
wm,5.04,G11,G11C,2.876479496248066
db,2.08,B62,B62D,2.876556802541018
ro,1.07,D06,D06P,2.876801025122404
fa,2.01,C23,C23C,2.877092376817018
po,1.01,G01,G01S,2.877595988102257
uh,1.03,H03,H03K,2.877866750350222
ba,3.02,G01,G01L,2.878048747777939
ve,3.02,A63,A63B,2.878571458160877
wm,5.04,H04,H04B,2.878730174154043
gu,1.06,G05,G05B,2.880475137382746
ii,2.04,F03,F03G,2.880718974396586
ik,2.11,G03,G03G,2.880871237255633
om,5.05,H05,H05B,2.880952391773462
ya,3.02,B65,B65D,2.880952415056527
ia,3.02,B23,B23K,2.881410256493837
oa,2.11,D21,D21G,2.881720466539264
hq,1.04,B60,B60K,2.881944455206394
ry,2.03,B32,B32B,2.882510090712458
im,2.01,G01,G01J,2.882794233504683
cu,1.06,C08,C08B,2.883300965419039
bm,5.07,G09,G09G,2.883333336561918
oz,6.02,E04,E04H,2.883333344012499
im,2.01,F01,F01D,2.88333336263895
oa,2.11,G07,G07B,2.883333370089531
bm,5.07,A61,A61M,2.883333384990692
tc,3.02,C04,C04B,2.883549949619919
uy,1.04,A23,A23D,2.883554392494261
iy,1.06,H04,H04W,2.883695651777089
id,2.07,H05,H05H,2.884185367263854
uf,1.03,G08,G08G,2.884523827582598
ew,1.02,B05,B05B,2.884595983661711
ka,4.01,A01,A01M,2.885190676897764
ra,2.11,G07,G07F,2.885317493230104
pz,2.05,F16,F16B,2.885416693985462
hf,6.03,H01,H01L,2.88563053868711
ub,1.03,G10,G10H,2.885714313015342
gy,5.02,G08,G08B,2.885964937508106
ea,1.04,D21,D21C,2.887216418981552
rb,2.02,B81,B81C,2.887460664380342
dm,3.02,C22,C22C,2.888095244765282
um,3.01,C08,C08J,2.888324089348316
yq,5.07,B60,B60L,2.888461578637362
xa,5.04,G06,G06N,2.888487361371517
ze,1.06,B29,B29C,2.888888917863369
yo,3.01,C10,C10L,2.888997759670019
oa,2.11,G02,G02C,2.889137456659228
ze,1.06,A61,A61B,2.889209392480552
pe,5.02,H04,H04H,2.889372579287738
ut,6.02,A01,A01N,2.889391273260117
pu,2.03,C12,C12M,2.88962439657189
nq,5.01,H04,H04W,2.889636240899563
wu,5.04,B32,B32B,2.890151523053646
iu,2.03,A23,A23G,2.891203738749027
ye,2.02,B01,B01F,2.891723291017115
uy,1.04,F28,F28F,2.892066055908799
yq,5.07,G05,G05B,2.892145922873169
nn,3.03,G06,G06N,2.892295901663601
ro,1.07,H03,H03J,2.892857164144516
ih,2.07,A01,A01G,2.892994068562984
ue,2.11,C04,C04B,2.893055565655231
ro,1.07,G05,G05F,2.893209738656878
ei,1.04,B27,B27N,2.893939405679703
fy,3.02,C12,C12R,2.894144946709275
pm,2.05,F03,F03H,2.894444460049272
ii,2.04,C12,C12F,2.894444465637207
pa,6.02,H04,H04R,2.894488364458084
vj,5.01,A23,A23L,2.894519708352163
qa,3.01,C22,C22C,2.894566872157156
db,2.08,D01,D01C,2.894675947725773
ya,3.02,D01,D01F,2.894756319001317
mw,5.09,A01,A01H,2.894999999552965
ro,1.07,C25,C25F,2.895051413215697
iq,2.02,D01,D01H,2.895833343267441
ni,3.01,G01,G01R,2.89609473454766
ur,1.01,H01,H01Q,2.896746164187789
yo,3.01,G06,G06K,2.896891832351685
rq,1.06,C12,C12Y,2.896910772891715
ex,1.02,B60,B60T,2.896927196532488
ff,3.02,H01,H01L,2.897293455898762
ep,1.02,F16,F16F,2.897619091905653
ui,1.03,B04,B04B,2.897849470376968
re,1.05,B23,B23K,2.898026895243675
zd,9,A61,A61Q,2.898836345411837
pu,2.03,B29,B29B,2.899199514649808
uk,1.03,C12,C12M,2.899361140909605
tq,3.02,A23,A23G,2.8997259051539
id,2.07,A61,A61Q,2.900624711066484
uk,1.03,H05,H05G,2.900874836370349
ep,1.02,F03,F03G,2.901117728091776
iq,2.02,B61,B61D,2.901785764843225
ra,2.11,G01,G01K,2.901847590692341
if,2.11,A62,A62C,2.902222258970141
uy,1.04,B60,B60K,2.902597442269325
bq,6.05,A23,A23G,2.90263158082962
et,1.02,D06,D06F,2.902777779847383
id,2.07,F15,F15B,2.902777791023254
ji,5.01,H02,H02J,2.902858719229698
si,1.05,A61,A61M,2.903237478807569
ii,2.04,B60,B60L,2.903571458533406
et,1.02,H02,H02N,2.904444529674947
ru,3.01,F16,F16H,2.904761917889118
qj,2.05,B65,B65D,2.904761917889118
dt,2.03,C25,C25B,2.905046318192035
az,3.02,C07,C07D,2.907674533315003
qf,9,G09,G09G,2.907687164843082
ig,2.06,F16,F16K,2.907924527302384
ay,3.01,A01,A01N,2.909295273013413
py,3.02,D06,D06P,2.909523822367191
bp,6.04,C12,C12P,2.909928220324218
up,1.03,B41,B41J,2.91071429848671
ev,1.02,B32,B32B,2.911063930951059
ij,2.11,B24,B24D,2.911111131310463
ah,4.01,H01,H01L,2.911255437880754
if,2.11,F02,F02M,2.912148404400796
ih,2.07,B22,B22F,2.912280591204762
hy,1.06,H04,H04N,2.912282170727849
ro,1.07,B02,B02C,2.913095250725746
ai,2.03,F03,F03G,2.91314104013145
nq,5.01,A01,A01H,2.913461539894342
ad,4.02,C11,C11C,2.913637714926153
pn,1.01,F01,F01N,2.91499999910593
uf,1.03,G11,G11C,2.915053171105683
pq,1.01,A61,A61L,2.915208256803453
im,2.01,C10,C10G,2.915310496231541
dm,3.02,A47,A47J,2.915384624153376
uy,1.04,B31,B31F,2.91666667163372
km,1.06,A47,A47L,2.91666667163372
ik,2.11,B23,B23F,2.91666667163372
hf,6.03,C11,C11B,2.91666667163372
wc,3.03,G02,G02F,2.91666667163372
fe,5.05,G01,G01S,2.91666667163372
ac,2.02,A22,A22C,2.91666667163372
pq,1.01,H03,H03G,2.91666667163372
gu,1.06,C03,C03B,2.91666667163372
qc,6.02,A61,A61F,2.91666667163372
om,5.05,C11,C11B,2.91666667163372
zm,1.06,C03,C03B,2.91666667163372
bq,6.05,F16,F16L,2.91666667163372
oy,9,A61,A61G,2.91666667163372
pq,1.01,B41,B41M,2.916666679084301
uf,1.03,A62,A62D,2.916666679084301
pq,1.01,B01,B01F,2.916666679084301
et,1.02,E04,E04H,2.916666679084301
vj,5.01,H01,H01R,2.916666679084301
sd,3.02,G05,G05B,2.916666679084301
oz,6.02,C25,C25D,2.916666686534882
ds,3.02,G03,G03G,2.916666686534882
ew,1.02,B23,B23D,2.916666686534882
gy,5.02,G09,G09F,2.916666686534882
gy,5.02,B60,B60N,2.916666686534882
hf,6.03,F24,F24F,2.916666686534882
iu,2.03,E04,E04D,2.916666693985462
iq,2.02,F01,F01P,2.916666701436043
fy,3.02,C08,C08B,2.917295511811972
ro,1.07,B06,B06B,2.919642873108387
ha,5.03,H04,H04Q,2.919798269867897
es,2.02,C01,C01B,2.919926327653229
ot,6.02,E21,E21B,2.920406010001898
ae,4.05,B05,B05B,2.922212952747941
si,1.05,E02,E02B,2.92222223803401
nu,5.08,G07,G07B,2.922727279365063
um,3.01,G01,G01B,2.922953679575585
zr,1.05,F16,F16K,2.923202626872808
lq,3.03,A63,A63F,2.923423443455249
yr,2.01,H04,H04Q,2.923629205208272
zd,9,C11,C11D,2.923809528816491
ne,3.03,B01,B01F,2.923858355265111
ye,2.02,C02,C02F,2.924603183753788
cq,1.06,G05,G05D,2.924877653829753
xe,4.01,C05,C05B,2.925287418067455
ze,1.06,A01,A01H,2.925659817643464
xa,5.04,C07,C07K,2.926470695761964
um,3.01,G16,G16H,2.926604470936581
if,2.11,F23,F23N,2.926645331084728
vi,5.01,B41,B41J,2.927777782082558
dk,5.02,A61,A61N,2.928080351091921
bp,6.04,A61,A61M,2.928490044549108
oe,5.06,C07,C07K,2.92849312024191
we,3.02,G01,G01F,2.928571447730064
ew,1.02,G01,G01T,2.9285973245278
jb,5.07,G01,G01S,2.928734333720058
qa,3.01,B29,B29C,2.928988064872101
if,2.11,G03,G03H,2.928994955495
ga,3.02,C23,C23C,2.929006095975637
ex,1.02,C11,C11D,2.930555578321218
yp,3.02,H04,H04B,2.931034007109702
if,2.11,B07,B07C,2.931481508538127
ui,1.03,C07,C07B,2.931656663306057
td,3.02,G01,G01R,2.931696446612477
sr,2.07,G03,G03F,2.932289005257189
ns,2.01,B23,B23H,2.932564559392631
jy,4.05,A45,A45D,2.932795703411102
hq,1.04,G01,G01V,2.932822205126286
ma,3.02,C09,C09J,2.933000006712973
gy,5.02,A24,A24B,2.933228338137269
ps,5.04,A24,A24B,2.933228338137269
bq,6.05,F01,F01N,2.933333344757557
su,3.02,A45,A45C,2.933333352208138
gm,3.03,H01,H01L,2.933338660746813
gy,5.02,C07,C07F,2.933568824315444
zc,4.03,G11,G11C,2.934523820877075
wq,5.01,G02,G02B,2.934523835778236
bm,5.07,C07,C07C,2.934974770992994
pn,1.01,H02,H02P,2.935311464592814
id,2.07,B22,B22D,2.936111140996218
my,5.01,A61,A61M,2.93664983427152
ja,1.05,G09,G09G,2.936960658989847
gy,5.02,F24,F24F,2.9375
tu,3.01,F41,F41G,2.9375
ew,1.02,B64,B64D,2.937500013038516
ep,1.02,F02,F02M,2.937589605338871
ta,1.06,G06,G06F,2.938095260411501
lj,3.02,A61,A61F,2.938854024745524
ji,5.01,H02,H02K,2.939464774914086
pm,2.05,E01,E01D,2.940476212650537
ea,1.04,C12,C12C,2.940700053237379
sy,1.03,B60,B60W,2.940822559408844
nn,3.03,A61,A61C,2.940873041749001
aa,1.03,F04,F04B,2.941507972311229
km,1.06,C09,C09D,2.941924276296049
nn,3.03,C12,C12Y,2.941988337319344
qu,1.06,C12,C12H,2.942128756083548
ac,2.02,G01,G01G,2.942147057503462
pm,2.05,A63,A63H,2.942628218326718
sy,1.03,G07,G07B,2.942647088319063
fs,6.04,A61,A61N,2.942893231287599
iu,2.03,D01,D01D,2.943716896697879
ry,2.03,C10,C10L,2.94419177621603
pj,2.05,E04,E04B,2.944444447755814
fs,6.04,C04,C04B,2.944444455206394
if,2.11,B63,B63H,2.944444457069039
pk,2.05,H02,H02S,2.944444457069039
dm,3.02,A47,A47C,2.944444485008717
zr,1.05,E02,E02D,2.944444488734007
ea,1.04,A47,A47L,2.944444499909878
hq,1.04,G06,G06N,2.944656418636441
tm,3.01,C40,C40B,2.944694903679192
gu,1.06,G01,G01S,2.945021828636527
dm,3.02,H05,H05H,2.946342527866364
uy,1.04,G01,G01V,2.946428591385484
wh,3.02,G06,G06K,2.947392633184791
mq,6.01,H04,H04M,2.948653236031532
ue,2.11,G21,G21K,2.949751162435859
pi,1.06,A47,A47C,2.950000002980232
pa,6.02,G01,G01T,2.950000002980232
yg,6.04,C21,C21D,2.950000002980232
ut,6.02,C07,C07C,2.950000003911555
pk,2.05,F23,F23C,2.950000017881393
ro,1.07,F16,F16B,2.950000025331974
my,5.01,C07,C07C,2.95010736072436
ro,1.07,F15,F15C,2.950183627661318
eu,2.02,G05,G05B,2.95185187086463
bi,6.01,A61,A61M,2.95202705822885
mm,6.01,C23,C23C,2.952749736607075
qj,2.05,B27,B27K,2.953216448426247
dw,1.04,H01,H01F,2.953223098535091
ei,1.04,D02,D02G,2.95404597138986
pk,2.05,F24,F24S,2.954166688024998
pk,2.05,G03,G03B,2.954545468091965
ik,2.11,H04,H04J,2.954592985101044
zk,9,H01,H01L,2.954626962076873
sd,3.02,C08,C08G,2.955051837489009
jb,5.07,H04,H04M,2.955668412148952
vy,3.02,A61,A61J,2.955714318319224
pu,2.03,H04,H04Q,2.956046767532825
ig,2.06,H03,H03G,2.956437888788059
dw,1.04,G21,G21F,2.957095541059971
py,3.02,G02,G02C,2.957339935004711
dm,3.02,A24,A24B,2.957656393060461
qk,6.01,H04,H04N,2.957988765090704
wf,1.06,H04,H04N,2.95833333954215
li,3.02,E21,E21B,2.958333343267441
co,1.06,H04,H04Q,2.958333343267441
es,2.02,F02,F02B,2.958333343267441
xa,5.04,C08,C08J,2.958333343267441
ua,6.03,B23,B23K,2.958333343267441
jb,5.07,H01,H01P,2.958333395421505
pi,1.06,G01,G01S,2.95942872017622
ju,4.01,A23,A23D,2.960429796017706
pc,5.02,H04,H04J,2.96070183487609
mq,6.01,C09,C09K,2.961111122742295
ha,5.03,A61,A61L,2.962133621796966
de,1.06,C08,C08H,2.962722867261618
ev,1.02,H01,H01P,2.962792667560279
ry,2.03,H01,H01G,2.96284725703299
zr,1.05,G06,G06K,2.96406879927963
aa,1.03,B29,B29C,2.964188049081713
ij,2.11,G01,G01F,2.964885355904698
ba,3.02,G01,G01R,2.965325503610075
eu,2.02,H01,H01J,2.966666672378778
if,2.11,B63,B63B,2.96666668727994
mu,4.01,A61,A61L,2.966690043918788
pz,2.05,B09,B09C,2.967603761702776
pu,2.03,C10,C10J,2.968329589813948
ha,5.03,G01,G01C,2.969100395217538
te,1.05,H04,H04L,2.969202908687294
fs,6.04,H05,H05K,2.96978022903204
vm,5.06,A01,A01H,2.970000002533197
ex,1.02,G04,G04G,2.970039730891585
qf,9,A01,A01N,2.970128639601171
uh,1.03,C09,C09J,2.970297699794173
qa,3.01,B32,B32B,2.970578108914196
ew,1.02,G01,G01Q,2.970882401103154
ua,6.03,C08,C08F,2.971428576856852
ue,2.11,B01,B01D,2.972212956752628
om,5.05,H04,H04Q,2.972222223877907
lj,3.02,G06,G06T,2.972271376289427
bd,1.06,H04,H04W,2.972588551230729
ji,5.01,A63,A63B,2.972702987492085
yg,6.04,E21,E21B,2.972756430506706
ei,1.04,H02,H02M,2.973363681696355
zd,9,C12,C12Y,2.97379597928375
yy,5.07,G06,G06K,2.973856221884489
vj,5.01,B01,B01J,2.974074099212885
ns,2.01,H05,H05G,2.974291718099266
ve,3.02,A01,A01K,2.974546239711344
bq,6.05,C07,C07H,2.975408492609859
ut,6.02,G03,G03F,2.975490216165781
mm,6.01,A01,A01K,2.975694477558136
ki,3.02,H04,H04J,2.976190492510796
fa,2.01,B01,B01F,2.976460432633758
qf,9,B05,B05D,2.976623198017478
ea,1.04,A21,A21D,2.977003441890702
ns,2.01,B44,B44C,2.977514539845288
za,3.02,G11,G11C,2.978685295209289
fa,2.01,G01,G01V,2.979118587449193
ya,3.02,A42,A42B,2.97916667163372
ex,1.02,B64,B64C,2.979166686534882
ii,2.04,C21,C21D,2.979166701436043
ye,2.02,C08,C08F,2.979196717962623
xe,4.01,C12,C12P,2.980236719362438
de,1.06,C10,C10G,2.981101501733065
or,5.09,G01,G01R,2.981547646224499
ui,1.03,F24,F24S,2.982178967446089
ea,1.04,G21,G21K,2.983040066435933
sy,1.03,F25,F25D,2.983333356678486
hq,1.04,F16,F16D,2.983333379030228
et,1.02,G01,G01Q,2.984029893297702
dm,3.02,G01,G01K,2.984434657730162
dk,5.02,C08,C08G,2.984444469213486
pu,2.03,F23,F23C,2.984523821622133
ij,2.11,F01,F01D,2.985555587336421
ei,1.04,A63,A63F,2.986126258037984
de,1.06,C22,C22B,2.986327610909939
rx,3.02,G01,G01N,2.986419528839178
uf,1.03,B22,B22F,2.986450518481433
ec,1.04,H01,H01F,2.987030010670424
uh,1.03,G01,G01S,2.987162000499666
ew,1.02,C07,C07H,2.987680734600872
rp,6.04,C25,C25D,2.988095261156559
le,1.05,H01,H01J,2.98822938464582
sy,1.03,A61,A61G,2.988239262253046
zd,9,B32,B32B,2.989305514842272
pz,2.05,B26,B26D,2.989583351649344
gy,5.02,B60,B60L,2.989850454032421
wm,5.04,C08,C08F,2.990719713270664
fy,3.02,H04,H04M,2.990909107029438
ub,1.03,F01,F01N,2.990967226680368
sr,2.07,B60,B60R,2.991309564560652
vx,5.01,G02,G02F,2.991666670888662
rz,3.03,A61,A61G,2.991666674613953
ei,1.04,F42,F42B,2.9928571684286
mc,1.06,H03,H03M,2.993231564643793
xe,4.01,H04,H04M,2.993824254721403
sy,1.03,G04,G04B,2.994047630578279
ep,1.02,F25,F25B,2.99404766689986
ev,1.02,H02,H02P,2.994384492281824
hq,1.04,G05,G05D,2.995547452941537
pq,1.01,G01,G01J,2.996464660391212
oa,2.11,C10,C10M,2.996871380135417
ei,1.04,C06,C06D,2.997222244739532
da,1.06,G01,G01P,2.99834668263793
er,1.02,A61,A61K,2.99872293160297
ew,1.02,G01,G01P,2.999168341048062
jb,5.07,A61,A61G,3
nu,5.08,A63,A63G,3
my,5.01,C03,C03C,3
bk,6.04,A63,A63H,3
js,6.04,E04,E04B,3
pz,2.05,B25,B25H,3
fy,3.02,F04,F04D,3
ja,1.05,B61,B61D,3
yg,6.04,B41,B41F,3
rz,3.03,H01,H01R,3
ha,5.03,B22,B22D,3
pk,2.05,B41,B41N,3
gy,5.02,E04,E04D,3
su,3.02,B65,B65D,3
js,6.04,C10,C10M,3
dm,3.02,B23,B23C,3
pa,6.02,B23,B23B,3
bp,6.04,B41,B41F,3
bp,6.04,B60,B60T,3
bq,6.05,B23,B23P,3
xw,3.03,F01,F01L,3
sd,3.02,F15,F15D,3
tu,3.01,B41,B41F,3
nn,3.03,E02,E02D,3
ue,2.11,C25,C25C,3
oz,6.02,A63,A63H,3
bq,6.05,F02,F02M,3
bp,6.04,A47,A47J,3
qc,6.02,F16,F16J,3
rp,6.04,F03,F03B,3
bq,6.05,B21,B21D,3
ry,2.03,E01,E01F,3
ki,3.02,B65,B65D,3
ne,3.03,A24,A24C,3
mm,6.01,E04,E04B,3
eu,2.02,B41,B41M,3
ut,6.02,H04,H04J,3
rp,6.04,F28,F28G,3
iu,2.03,B25,B25B,3
if,2.11,B60,B60B,3
ja,1.05,F16,F16D,3
ki,3.02,B66,B66B,3
fy,3.02,B60,B60C,3
ae,4.05,A23,A23N,3
ae,4.05,B64,B64D,3
om,5.05,A47,A47F,3
ro,1.07,D21,D21F,3
mm,6.01,G04,G04G,3
bq,6.05,B60,B60P,3
py,3.02,B05,B05C,3
yg,6.04,B65,B65H,3
rp,6.04,H02,H02H,3
mm,6.01,B23,B23P,3
ut,6.02,B28,B28B,3
oy,9,B60,B60B,3
bp,6.04,B60,B60C,3
oi,3.02,G07,G07F,3
gc,1.05,B65,B65D,3
uu,5.06,B02,B02C,3
yg,6.04,F23,F23C,3
gu,1.06,A47,A47L,3
oz,6.02,F26,F26B,3
fu,5.04,G04,G04R,3
km,1.06,B24,B24D,3
ki,3.02,B65,B65G,3
uq,5.07,C01,C01B,3
xq,2.11,B60,B60B,3
js,6.04,B65,B65G,3
ut,6.02,C12,C12M,3
ew,1.02,C25,C25B,3
ki,3.02,B22,B22C,3
iu,2.03,B60,B60S,3
fy,3.02,G03,G03C,3
ut,6.02,B01,B01L,3
tq,3.02,B22,B22F,3
ai,2.03,F16,F16B,3
qj,2.05,B65,B65G,3
uy,1.04,C06,C06C,3
ua,6.03,B60,B60K,3
sy,1.03,B44,B44D,3
nu,5.08,F02,F02B,3
oz,6.02,A41,A41D,3
yg,6.04,B07,B07B,3
qk,6.01,G03,G03G,3
uu,5.06,E01,E01C,3
js,6.04,H01,H01F,3
xq,2.11,B65,B65G,3
oy,9,D02,D02G,3
nu,5.08,A47,A47B,3
bf,5.04,C09,C09C,3
py,3.02,B23,B23Q,3
ne,3.03,A01,A01D,3
om,5.05,F16,F16C,3
bp,6.04,E03,E03F,3
yi,6.03,B60,B60W,3
wy,5.04,B01,B01D,3
oe,5.06,B65,B65G,3
eo,6.02,H05,H05K,3
td,3.02,E21,E21B,3
js,6.04,A22,A22C,3
qc,6.02,H01,H01R,3
bf,5.04,F02,F02D,3
pd,6.02,C22,C22C,3
rt,3.02,B23,B23F,3
js,6.04,A63,A63C,3
dm,3.02,E02,E02D,3
ro,1.07,A47,A47K,3
if,2.11,B67,B67D,3
bm,5.07,H03,H03F,3
qc,6.02,B65,B65D,3
iy,1.06,B60,B60T,3
om,5.05,B60,B60R,3
yi,6.03,G03,G03F,3
rp,6.04,B60,B60R,3
bq,6.05,B25,B25F,3
vy,3.02,B62,B62M,3
ru,3.01,E21,E21D,3
ew,1.02,B27,B27F,3
pq,1.01,B60,B60R,3
ut,6.02,B65,B65B,3
pk,2.05,B65,B65H,3
tu,3.01,F15,F15B,3
et,1.02,F01,F01M,3
zm,1.06,F16,F16B,3
fe,5.05,F01,F01D,3
bk,6.04,B41,B41J,3
te,1.05,B60,B60R,3
za,3.02,A47,A47L,3
ua,6.03,H02,H02P,3
rt,3.02,E02,E02D,3
oe,5.06,F02,F02D,3
ua,6.03,A23,A23G,3
pa,6.02,B24,B24B,3
pj,2.05,B23,B23Q,3
mm,6.01,F16,F16C,3
oz,6.02,B26,B26D,3
ro,1.07,H05,H05F,3
ew,1.02,B62,B62B,3
pd,6.02,B60,B60R,3
ut,6.02,F04,F04C,3
uu,5.06,E04,E04F,3
nn,3.03,B65,B65G,3
pa,6.02,F42,F42B,3
ji,5.01,G03,G03F,3
rp,6.04,G10,G10D,3
pa,6.02,B66,B66D,3
rp,6.04,H01,H01G,3
bq,6.05,A41,A41D,3
bk,6.04,C09,C09B,3
rp,6.04,H01,H01P,3
zd,9,B60,B60C,3
js,6.04,C09,C09B,3
rz,3.03,B60,B60K,3
yg,6.04,F16,F16D,3
pa,6.02,A45,A45D,3
dq,9,F16,F16K,3
bq,6.05,B60,B60L,3
rz,3.03,F16,F16H,3
oy,9,H02,H02M,3
ox,6.02,G02,G02F,3
bq,6.05,E03,E03C,3
tc,3.02,B60,B60K,3
zc,4.03,F16,F16F,3
ut,6.02,H02,H02K,3
if,2.11,D01,D01H,3
py,3.02,F41,F41B,3
qc,6.02,G01,G01F,3
oz,6.02,A22,A22C,3
ui,1.03,F16,F16D,3
wh,3.02,B32,B32B,3
pe,5.02,A61,A61G,3
oz,6.02,D05,D05B,3
eu,2.02,F02,F02B,3
qq,1.05,G04,G04D,3
pd,6.02,B65,B65D,3
td,3.02,G11,G11B,3
qk,6.01,B65,B65D,3
js,6.04,B23,B23Q,3
ni,3.01,F16,F16H,3
pa,6.02,B05,B05C,3
yp,3.02,F04,F04B,3
za,3.02,H03,H03K,3
di,5.02,B65,B65D,3
ui,1.03,B22,B22C,3
dk,5.02,F02,F02D,3
ee,1.04,B42,B42D,3
et,1.02,F27,F27D,3
gm,3.03,A63,A63F,3
pa,6.02,D06,D06F,3
dr,1.06,E02,E02D,3
pz,2.05,D05,D05B,3
wm,5.04,B27,B27C,3
nu,5.08,F01,F01K,3
ve,3.02,F16,F16H,3
pa,6.02,B03,B03B,3
py,3.02,C25,C25C,3
vj,5.01,F15,F15B,3
km,1.06,C09,C09J,3
rp,6.04,A22,A22C,3
de,1.06,A62,A62C,3
eq,3.01,B62,B62D,3
cq,1.06,B23,B23F,3
ka,4.01,A41,A41D,3
yi,6.03,F16,F16C,3
bk,6.04,F01,F01D,3.000000011175871
le,1.05,G09,G09G,3.000000013038516
et,1.02,D02,D02G,3.000000014901161
ew,1.02,F21,F21S,3.000000014901161
bq,6.05,A61,A61G,3.000000014901161
aa,1.03,B60,B60T,3.000000014901161
ra,2.11,H04,H04W,3.000000014901161
pj,2.05,G03,G03C,3.000000014901161
bu,1.03,G05,G05D,3.000000014901161
nu,5.08,A47,A47L,3.000000014901161
mm,6.01,C10,C10M,3.000000014901161
ro,1.07,C21,C21C,3.000000022351742
vi,5.01,A61,A61Q,3.000000022351742
cq,1.06,A01,A01B,3.000000029802322
ro,1.07,H02,H02B,3.000000029802322
ga,3.02,C09,C09J,3.000000029802322
iu,2.03,F23,F23K,3.000000052154064
ye,2.02,G01,G01W,3.000438346061856
pc,5.02,G08,G08B,3.000595292076468
qe,2.09,C02,C02F,3.000763149000704
dt,2.03,B01,B01L,3.001141621498391
jy,4.05,A62,A62D,3.001203435473144
pu,2.03,D01,D01D,3.001328072976321
ig,2.06,H01,H01B,3.001982659567147
dx,3.01,F26,F26B,3.002314850687981
ve,3.02,A23,A23G,3.002382831647992
bi,6.01,E21,E21B,3.002631582319736
dk,5.02,G05,G05B,3.002631589770317
ui,1.03,G21,G21F,3.003113605082035
zm,1.06,H04,H04Q,3.003787890076637
ra,2.11,C08,C08J,3.003863133024424
pg,6.02,G06,G06Q,3.004365123808384
xa,5.04,C07,C07F,3.004411768168211
hb,5.03,G11,G11B,3.004855525679886
km,1.06,B65,B65D,3.004918865859509
uf,1.03,F23,F23G,3.005952395498753
or,5.09,H05,H05K,3.006666666828096
ka,4.01,B29,B29C,3.006871376186609
wc,3.03,A61,A61Q,3.007208211347461
eq,3.01,G11,G11B,3.00724639184773
km,1.06,A61,A61C,3.00739798694849
vm,5.06,A61,A61B,3.007416912354529
fi,1.04,C12,C12P,3.007993179722689
ka,4.01,G01,G01C,3.0092476492282
id,2.07,A63,A63F,3.009523842483759
dr,1.06,A23,A23D,3.009741070913151
ia,3.02,C11,C11C,3.009863364044577
sy,1.03,B66,B66B,3.010101010091603
iu,2.03,H03,H03L,3.010846729855984
un,1.03,C08,C08J,3.010855748318136
bv,5.01,G06,G06Q,3.01090599456802
bf,5.04,G05,G05B,3.011111126281321
dy,1.04,F41,F41H,3.012794988695532
xq,2.11,F01,F01N,3.012896846979856
cu,1.06,G01,G01S,3.013285972177982
gy,5.02,B22,B22F,3.013888888992369
cq,1.06,C03,C03B,3.014492798596621
fa,2.01,C03,C03C,3.014880977571011
uk,1.03,F41,F41H,3.016316375695169
rp,6.04,C09,C09C,3.016666673123837
co,1.06,G03,G03H,3.017504458781332
uu,5.06,H03,H03G,3.017543859779835
ii,2.04,D06,D06L,3.018055599182844
uh,1.03,H01,H01F,3.018416888080537
uq,5.07,C08,C08L,3.018867924809456
ro,1.07,F15,F15D,3.018979279324412
tu,3.01,E05,E05B,3.019444465637207
py,3.02,G01,G01B,3.019559288397431
db,2.08,D01,D01F,3.01990471011959
sy,1.03,A47,A47J,3.020833333954215
ia,3.02,G07,G07F,3.020833343267441
ip,2.07,G05,G05D,3.020833365619183
pc,5.02,B41,B41J,3.022222237661481
py,3.02,G03,G03B,3.022727273404598
da,1.06,A23,A23K,3.023171869805083
ja,1.05,C08,C08H,3.023202499840409
ev,1.02,A01,A01H,3.023379240650684
pz,2.05,C07,C07H,3.023397443816066
eq,3.01,C07,C07K,3.023417676449753
wu,5.04,A63,A63B,3.023675851523876
wc,3.03,H02,H02J,3.023809524253011
ro,1.07,F15,F15B,3.025252547115088
js,6.04,C11,C11D,3.02541827596724
im,2.01,E02,E02F,3.025641055777669
pm,2.05,C06,C06C,3.026111133396626
iu,2.03,B23,B23D,3.02638890594244
er,1.02,A61,A61M,3.026598311495036
qu,1.06,B09,B09B,3.027304150164127
ep,1.02,B64,B64F,3.027380976825953
dm,3.02,E04,E04F,3.027777777984738
ij,2.11,B21,B21C,3.027777783572674
ne,3.03,A42,A42B,3.027777798473835
up,1.03,H01,H01M,3.028001013910398
ia,3.02,C11,C11B,3.028591216308996
ra,2.11,H01,H01M,3.028636757284403
oz,6.02,B01,B01L,3.028846181929111
id,2.07,E21,E21D,3.029040404595435
ub,1.03,B07,B07C,3.029411794617772
ew,1.02,C22,C22B,3.029761932790279
ut,6.02,G07,G07F,3.029761947691441
pk,2.05,G21,G21K,3.030465386807919
ea,1.04,G16,G16H,3.031787597807124
aq,3.02,A01,A01K,3.032338198274374
vy,3.02,A63,A63F,3.032768202479929
xy,1.01,G03,G03F,3.032789761899039
gu,1.06,C21,C21D,3.033333346247673
rp,6.04,H01,H01M,3.033333346247673
ro,1.07,F23,F23G,3.033333346247673
pk,2.05,C06,C06B,3.033333349972963
xe,4.01,C08,C08L,3.033333353698254
js,6.04,A62,A62C,3.033333353698254
gu,1.06,F16,F16L,3.033333361148834
da,1.06,H05,H05K,3.033416600897908
ns,2.01,B23,B23P,3.033511452376842
pq,1.01,H04,H04R,3.033549800515175
qh,2.05,E04,E04B,3.033730177208781
vx,5.01,G05,G05B,3.034110156353563
bk,6.04,B66,B66C,3.034482758492231
mm,6.01,C08,C08L,3.034920679405332
ia,3.02,G02,G02F,3.035714287310839
ev,1.02,H02,H02K,3.035950165940449
if,2.11,B06,B06B,3.036038985475898
ki,3.02,C08,C08K,3.036231884732842
um,3.01,C11,C11D,3.036655654199421
uu,5.06,G01,G01B,3.03678679279983
ew,1.02,B29,B29B,3.037037037312984
sr,2.07,H05,H05K,3.037685844115913
qg,2.05,F27,F27D,3.037745108827949
zd,9,H04,H04J,3.038461539894342
dw,1.04,F28,F28D,3.039032457396388
wm,5.04,G09,G09G,3.040000025182962
dm,3.02,G01,G01L,3.040784442797303
uh,1.03,B01,B01L,3.041340801399201
ij,2.11,F16,F16B,3.04166666790843
za,3.02,H03,H03M,3.04166667163372
oe,5.06,G01,G01C,3.04166667163372
cq,1.06,F16,F16H,3.041666686534882
tu,3.01,C06,C06B,3.041666686534882
ew,1.02,B66,B66B,3.041666746139526
vx,5.01,H01,H01H,3.042857144027948
fa,2.01,G01,G01R,3.043081972748041
dr,1.06,G09,G09B,3.04336522333324
ui,1.03,F21,F21K,3.043783077970147
za,3.02,C08,C08K,3.044202911667526
ry,2.03,C12,C12N,3.044250809878577
ip,2.07,G09,G09B,3.04444444924593
cu,1.06,B62,B62D,3.044444454833865
le,1.05,G11,G11B,3.044444467872381
qa,3.01,G09,G09G,3.04454025067389
mu,4.01,C07,C07H,3.044736556475982
ju,4.01,G07,G07F,3.044934641569853
ne,3.03,G01,G01L,3.045511393807828
ra,2.11,B01,B01L,3.04682748648338
ht,1.06,H04,H04N,3.047250357922167
om,5.05,B62,B62D,3.047619048506022
im,2.01,A01,A01G,3.047635360620916
zd,9,C08,C08G,3.048243277939036
jb,5.07,H03,H03K,3.048534830100834
ex,1.02,A61,A61H,3.048632780555636
ru,3.01,F04,F04D,3.049206376075745
id,2.07,F42,F42B,3.04962134314701
re,1.05,C22,C22F,3.049671591259539
km,1.06,G01,G01S,3.049901022575796
ne,3.03,E05,E05B,3.050000000745058
cu,1.06,B64,B64C,3.050102445296943
pu,2.03,B24,B24C,3.050396863371134
um,3.01,B41,B41J,3.050757577642798
tc,3.02,C08,C08J,3.051559922751039
ea,1.04,C01,C01D,3.051695566624403
ns,2.01,C09,C09B,3.051740222144872
oe,5.06,A23,A23L,3.052339902147651
pn,1.01,H04,H04S,3.053037733770907
uk,1.03,F21,F21K,3.053688704269007
ru,3.01,C09,C09B,3.054291725158691
sr,2.07,H04,H04R,3.054871591739357
pu,2.03,C22,C22F,3.055016690865159
et,1.02,G03,G03H,3.055181245319545
jy,4.05,A01,A01M,3.055428862571716
ot,6.02,B60,B60C,3.055555555969477
wm,5.04,B65,B65D,3.055555555969477
tc,3.02,B42,B42D,3.055555555969477
pz,2.05,B41,B41N,3.055555555969477
ei,1.04,F23,F23J,3.055555572733283
pm,2.05,D21,D21C,3.055595141835511
pc,5.02,G01,G01D,3.056818194687366
li,3.02,A61,A61M,3.05757334898226
er,1.02,A61,A61H,3.058169083669782
et,1.02,B41,B41C,3.058333348482847
jy,4.05,H03,H03K,3.05846154037863
py,3.02,A23,A23J,3.05864629521966
ns,2.01,G03,G03H,3.058779112063348
ku,5.07,G02,G02B,3.059498850256205
pq,1.01,B60,B60W,3.060439561493695
ju,4.01,C12,C12M,3.060606077313423
xa,5.04,H04,H04Q,3.061111114919186
oa,2.11,B21,B21B,3.061309583485126
nu,5.08,H04,H04S,3.061323776841164
gy,5.02,H04,H04Q,3.061580127105117
hb,5.03,H01,H01J,3.061811551917344
iq,2.02,A47,A47F,3.062500014901161
fi,1.04,H03,H03K,3.063052667770535
gy,5.02,C03,C03B,3.063095264136791
oe,5.06,G05,G05B,3.063405817374587
pz,2.05,E21,E21D,3.064393941313028
mm,6.01,H02,H02J,3.064583346247673
pk,2.05,A63,A63F,3.0651516020298
cq,1.06,H03,H03G,3.065824288874865
jy,4.05,E21,E21B,3.06650185585022
qq,1.05,B60,B60N,3.066666670143604
pj,2.05,F23,F23G,3.066666670143604
dm,3.02,B21,B21D,3.066666670143604
ma,3.02,B23,B23K,3.066666685044765
id,2.07,B29,B29B,3.067358027212322
dy,1.04,B21,B21D,3.067358378320932
mu,4.01,B01,B01D,3.068357519805431
xw,3.03,G01,G01C,3.068613685434684
ui,1.03,F28,F28F,3.068783102557063
ot,6.02,B32,B32B,3.069444451481104
tm,3.01,H04,H04B,3.069444455206394
wu,5.04,H01,H01Q,3.06946607795544
ra,2.11,H01,H01F,3.069841270335019
ea,1.04,H01,H01H,3.070048360154033
bk,6.04,A61,A61N,3.07027043774724
py,3.02,F04,F04B,3.071031782776117
ua,6.03,F16,F16L,3.071428574621677
pi,1.06,A61,A61M,3.071759276092052
pi,1.06,C07,C07C,3.072401541052386
ut,6.02,G01,G01B,3.072751324623823
jb,5.07,H04,H04B,3.07290774025023
nn,3.03,G11,G11C,3.07424246519804
ro,1.07,E02,E02B,3.075000002980232
ii,2.04,C05,C05C,3.075000029057264
bq,6.05,H01,H01S,3.075000032782555
oa,2.11,C10,C10B,3.075870016589761
ub,1.03,G08,G08C,3.07636388624087
ro,1.07,H03,H03L,3.076772464439273
jw,6.02,G01,G01R,3.076923079788685
es,2.02,B05,B05C,3.076992761343718
mm,6.01,B82,B82Y,3.077271344140172
re,1.05,H04,H04W,3.077380988746881
hy,1.06,G06,G06K,3.077727532014251
am,4.01,C07,C07J,3.077939599985257
uu,5.06,F04,F04B,3.078197665512562
rb,2.02,B66,B66F,3.078888934105635
pm,2.05,F03,F03D,3.079166704788804
qj,2.05,C04,C04B,3.079437244683504
ea,1.04,F28,F28D,3.079576436430216
ze,1.06,C04,C04B,3.079811282455921
ex,1.02,C08,C08L,3.07996213180013
hf,6.03,G03,G03F,3.079990362748504
ij,2.11,G08,G08C,3.080208346247673
li,3.02,A61,A61L,3.081089806742966
qf,9,H01,H01F,3.082110218703747
db,2.08,H05,H05H,3.083020067773759
ig,2.06,B60,B60R,3.083187183365226
nu,5.08,A47,A47K,3.083333343267441
py,3.02,H02,H02H,3.083333343267441
nu,5.08,F16,F16F,3.083333343267441
oz,6.02,F16,F16D,3.083333343267441
qc,6.02,G10,G10L,3.083333343267441
di,5.02,B23,B23K,3.083333343267441
iu,2.03,B26,B26B,3.083333343267441
gu,1.06,B60,B60N,3.083333343267441
li,3.02,B29,B29C,3.083333343267441
sd,3.02,B60,B60T,3.083333343267441
bf,5.04,C08,C08J,3.083333343267441
rp,6.04,C02,C02F,3.083333346992731
bq,6.05,G05,G05D,3.083333365619183
ev,1.02,F16,F16H,3.083333373069763
ja,1.05,G02,G02C,3.083333387970924
vy,3.02,C22,C22B,3.083493486046791
nn,3.03,G09,G09B,3.083629340166226
pz,2.05,G09,G09B,3.083731379359961
dt,2.03,C08,C08F,3.084198095370084
ya,3.02,C02,C02F,3.084391571581364
mm,6.01,F21,F21V,3.084586469456553
up,1.03,G01,G01B,3.084616808220744
po,1.01,H04,H04B,3.08533982699737
km,1.06,B41,B41J,3.085353557020426
ig,2.06,G02,G02F,3.085613763425499
vj,5.01,A61,A61L,3.08611112460494
pq,1.01,B65,B65H,3.086111128330231
pm,2.05,F24,F24F,3.086541447788477
yo,3.01,C08,C08J,3.086866520810872
ba,3.02,G08,G08B,3.087289419025183
qa,3.01,A63,A63F,3.08755014790222
ub,1.03,D04,D04H,3.087637346237898
iu,2.03,F42,F42B,3.087976227514446
cu,1.06,A41,A41D,3.08823530934751
pw,2.06,B03,B03C,3.088281903183088
im,2.01,G01,G01B,3.088711542775854
ay,3.01,C07,C07D,3.088767633656971
ih,2.07,C11,C11C,3.089027408510447
cu,1.06,G11,G11C,3.089094330091029
un,1.03,C10,C10L,3.089641059283167
oy,9,H01,H01B,3.090151518583298
ex,1.02,H02,H02H,3.090277833864093
sa,3.03,B01,B01J,3.090354302898049
uq,5.07,G02,G02B,3.09065935947001
aa,1.03,F02,F02D,3.09074075659737
rp,6.04,A61,A61J,3.090909093618393
om,5.05,H03,H03H,3.090909108519554
nu,5.08,C07,C07J,3.091142937541008
xy,1.01,G03,G03G,3.091287879273295
jb,5.07,G05,G05B,3.091873720288277
ev,1.02,H01,H01F,3.09194422303699
uu,5.06,A23,A23L,3.09235823713243
cq,1.06,A01,A01D,3.092592623084784
sy,1.03,F27,F27B,3.092857145704329
ja,1.05,B22,B22F,3.093585318420082
ue,2.11,B05,B05D,3.093607491347939
uh,1.03,C25,C25B,3.093991835368797
pu,2.03,F16,F16H,3.09444447979331
qq,1.05,H05,H05K,3.096466991119087
pn,1.01,C12,C12Q,3.096803590888157
tc,3.02,A47,A47C,3.097222227603197
yp,3.02,G06,G06T,3.097382065374404
hq,1.04,H01,H01F,3.098463312722743
ai,2.03,G03,G03F,3.099628807045519
di,5.02,A61,A61N,3.099715128540993
nu,5.08,A22,A22C,3.100000001490116
li,3.02,G11,G11B,3.100000001490116
et,1.02,G21,G21F,3.100000001490116
oe,5.06,H03,H03M,3.100000001490116
oy,9,A63,A63B,3.100000001490116
ia,3.02,F42,F42B,3.100000001490116
pz,2.05,F01,F01K,3.100000005215406
sy,1.03,G03,G03D,3.100000008940697
ne,3.03,F04,F04D,3.100000008940697
et,1.02,B22,B22C,3.100000010803342
ju,4.01,E02,E02B,3.100000016391277
iq,2.02,A42,A42B,3.100000016391277
su,3.02,H01,H01H,3.100000031292439
ns,2.01,D06,D06M,3.100434439023957
ae,4.05,H01,H01M,3.100617846939713
qe,2.09,C07,C07H,3.100672141648829
ae,4.05,G01,G01F,3.100694485008717
if,2.11,A01,A01G,3.100899723358452
ih,2.07,G08,G08B,3.101010140031576
we,3.02,H05,H05K,3.101190492510796
pn,1.01,B63,B63B,3.101592861115932
pn,1.01,A61,A61Q,3.102296334924176
cu,1.06,G03,G03F,3.102478783577681
ec,1.04,G07,G07F,3.102626064792275
wu,5.04,H02,H02J,3.103095255792141
ea,1.04,F02,F02M,3.103174638003111
er,1.02,G16,G16H,3.103473679395393
sy,1.03,C10,C10M,3.103703717701137
cq,1.06,C08,C08C,3.104079176671803
ha,5.03,G02,G02F,3.105278739705682
id,2.07,E04,E04C,3.105555601418018
gc,1.05,G02,G02B,3.105895928107202
ew,1.02,C25,C25D,3.106517997570336
ya,3.02,A01,A01H,3.10698377341032
zd,9,G01,G01M,3.107142861932516
un,1.03,H04,H04N,3.107581423595548
qj,2.05,C09,C09C,3.107837387360632
dk,5.02,A45,A45D,3.108064524829388
ae,4.05,D21,D21H,3.108071696944535
ia,3.02,G08,G08B,3.108156027272344
im,2.01,G21,G21C,3.108333336189389
rp,6.04,A61,A61Q,3.10833334363997
zq,2.07,C08,C08L,3.108565534465015
dk,5.02,B01,B01D,3.108766252174973
pi,1.06,B01,B01D,3.108786636032164
bq,6.05,G01,G01B,3.108974361792207
tu,3.01,H02,H02K,3.109649147838354
co,1.06,H01,H01F,3.109893430257216
we,3.02,F16,F16H,3.111111111938953
id,2.07,A43,A43B,3.111111111938953
rz,3.03,G09,G09G,3.111111111938953
bk,6.04,D01,D01D,3.111111111938953
yi,6.03,A01,A01D,3.111111111938953
ro,1.07,F16,F16J,3.111111121252179
aa,1.03,B64,B64D,3.111111175268888
ea,1.04,C12,C12G,3.112500004470348
ea,1.04,C03,C03B,3.113029426429421
yo,3.01,C01,C01B,3.113208338618279
oa,2.11,H03,H03C,3.113221912644804
vi,5.01,A01,A01H,3.113461542874575
xq,2.11,G01,G01Q,3.113634312292561
dk,5.02,G02,G02B,3.113636396825314
vx,5.01,G10,G10H,3.113809616304934
le,1.05,G01,G01K,3.114453626796603
eq,3.01,A01,A01K,3.114524206146598
xa,5.04,C04,C04B,3.114583343267441
tq,3.02,H02,H02J,3.11481486260891
sd,3.02,G05,G05D,3.116291315294802
if,2.11,B81,B81B,3.116584227187559
ij,2.11,A47,A47L,3.116666670888662
wy,5.04,C04,C04B,3.116666674613953
oz,6.02,D21,D21H,3.116666674613953
ro,1.07,E01,E01C,3.116666689515114
or,5.09,C07,C07C,3.116666689515114
yg,6.04,H04,H04M,3.116666693240404
ja,1.05,A01,A01M,3.117157128639519
ei,1.04,B65,B65H,3.117521391250193
ze,1.06,C07,C07J,3.117723708041012
wc,3.03,G11,G11B,3.118353201076388
pi,1.06,C08,C08B,3.118770448490977
pa,6.02,C02,C02F,3.11914683971554
bf,5.04,C07,C07D,3.119474872015417
jy,4.05,H01,H01B,3.119629191234708
dw,1.04,C30,C30B,3.119874435011297
eu,2.02,H01,H01M,3.119886392727494
ii,2.04,G01,G01G,3.120000023394823
qq,1.05,F25,F25J,3.120370395481586
qg,2.05,G21,G21C,3.120535742491484
ki,3.02,H01,H01R,3.120833335444331
nu,5.08,A61,A61G,3.121428576298058
qh,2.05,C10,C10M,3.121846238151193
qa,3.01,G06,G06N,3.122167386347428
sd,3.02,H04,H04M,3.122222268953919
et,1.02,B22,B22F,3.122269889339805
fy,3.02,B82,B82Y,3.122774683870375
uf,1.03,F03,F03D,3.122916730120778
fi,1.04,H03,H03H,3.123078455217183
ee,1.04,G21,G21F,3.12349443603307
hy,1.06,G06,G06T,3.124688014388084
hb,5.03,F01,F01D,3.125
ds,3.02,B23,B23K,3.125
qc,6.02,G05,G05B,3.125
rp,6.04,G02,G02C,3.125
wm,5.04,B23,B23Q,3.125
si,1.05,G21,G21F,3.125
lj,3.02,A01,A01H,3.125
oe,5.06,F01,F01N,3.125
uh,1.03,F15,F15B,3.125
vx,5.01,H01,H01R,3.125
ne,3.03,B67,B67D,3.125
pe,5.02,C08,C08J,3.125
ad,4.02,C05,C05G,3.125000014901161
pm,2.05,B63,B63H,3.125000022351742
ma,3.02,H05,H05K,3.125000029802322
pw,2.06,C40,C40B,3.12501953355968
zq,2.07,B03,B03C,3.12567276135087
ex,1.02,C12,C12Q,3.126161606283858
cq,1.06,H03,H03F,3.126537153497338
ah,4.01,B01,B01J,3.127026276197284
qg,2.05,H01,H01H,3.12732756184414
mm,6.01,B24,B24B,3.127777779474854
pm,2.05,E04,E04G,3.127777822315693
et,1.02,F02,F02M,3.12779570184648
ox,6.02,C07,C07D,3.127875925973058
en,9,G06,G06T,3.127896616235375
ei,1.04,H03,H03B,3.12815737305209
if,2.11,G04,G04F,3.128787890076637
su,3.02,B05,B05B,3.129166694357991
im,2.01,H03,H03K,3.129367748275399
hf,6.03,G11,G11B,3.130434782709926
vx,5.01,G08,G08B,3.130909100174904
zq,2.07,C09,C09K,3.131977023789659
wm,5.04,B29,B29C,3.132074144668877
pw,2.06,C12,C12Y,3.13236664282158
ew,1.02,F41,F41H,3.132539695128798
if,2.11,B60,B60Q,3.132936511188745
bu,1.03,C12,C12N,3.133237895322964
pj,2.05,B03,B03D,3.133333340287209
pa,6.02,B60,B60G,3.133333340287209
ub,1.03,F23,F23D,3.133333353325725
cq,1.06,F02,F02C,3.133680558996275
zd,9,H02,H02K,3.133771929889917
ro,1.07,H04,H04S,3.134911857545376
de,1.06,B82,B82Y,3.135089804884046
ru,3.01,A24,A24B,3.136243391782045
yg,6.04,G06,G06T,3.136446908116341
le,1.05,B64,B64G,3.136749483644962
qa,3.01,G01,G01V,3.136904798448086
bu,1.03,G01,G01M,3.138425933197141
om,5.05,C08,C08G,3.138461571186781
ew,1.02,B22,B22D,3.138766350224614
pw,2.06,C11,C11D,3.138888899236917
oy,9,A63,A63F,3.139231635257602
pz,2.05,C06,C06B,3.139243325218558
wh,3.02,G02,G02B,3.140476208180189
ni,3.01,G03,G03G,3.141035378910601
fi,1.04,C10,C10M,3.141364130657166
yr,2.01,G03,G03F,3.141961738467216
dm,3.02,A23,A23F,3.142410456202924
qj,2.05,C07,C07F,3.142455136403441
fs,6.04,G07,G07F,3.142857149243355
po,1.01,C07,C07D,3.142890287097543
uf,1.03,B32,B32B,3.14307120628655
sa,3.03,C09,C09B,3.1431197039783
aa,1.03,A23,A23L,3.143809540197253
ew,1.02,H05,H05H,3.144444447010756
ps,5.04,G06,G06N,3.144994898699224
re,1.05,C09,C09D,3.145120173692703
wm,5.04,C12,C12N,3.145212484640069
ih,2.07,H05,H05K,3.145255657844245
io,2.07,B63,B63H,3.145833337679505
gm,3.03,G11,G11B,3.145833343267441
wu,5.04,C23,C23C,3.146031776443124
tu,3.01,F21,F21V,3.146368109155446
ew,1.02,A61,A61H,3.146445785649121
oi,3.02,H01,H01L,3.146825399249792
ru,3.01,B61,B61L,3.146825399249792
xa,5.04,C08,C08L,3.147222232073545
if,2.11,C12,C12M,3.147280975594185
dw,1.04,C08,C08C,3.147336039226502
ei,1.04,F23,F23G,3.147853577509522
yi,6.03,A61,A61M,3.147954564541578
pz,2.05,B09,B09B,3.148148149251938
de,1.06,C08,C08G,3.14916125126183
pm,2.05,B27,B27K,3.149367567151785
iu,2.03,E05,E05F,3.150000002235174
oy,9,C09,C09B,3.150000013411045
xq,2.11,G08,G08B,3.150252539664507
wh,3.02,C08,C08B,3.150349369738251
ex,1.02,G10,G10K,3.151062632910907
ou,1.06,G01,G01V,3.151107162237167
ei,1.04,A44,A44C,3.151315804570913
ah,4.01,B29,B29C,3.151666685938835
dy,1.04,B02,B02C,3.151851872913539
pu,2.03,G01,G01Q,3.152229110943154
iu,2.03,F01,F01P,3.152777813374996
cq,1.06,C06,C06B,3.153361346572638
oa,2.11,B08,B08B,3.154232452623546
fs,6.04,B01,B01D,3.154365096241236
pq,1.01,H01,H01J,3.154761917889118
il,2.07,B63,B63H,3.154761932790279
dr,1.06,H01,H01R,3.154761947691441
dt,2.03,C07,C07D,3.155250755837187
ih,2.07,G05,G05D,3.157076798379421
tc,3.02,B65,B65D,3.157142858020961
ex,1.02,F16,F16H,3.157142894342542
mw,5.09,H01,H01L,3.157612908631563
et,1.02,A47,A47L,3.157826956827193
ij,2.11,A61,A61C,3.158165702596307
py,3.02,G01,G01J,3.158684443216771
ig,2.06,C10,C10L,3.159126995131373
kv,1.05,G01,G01V,3.15912886057049
sd,3.02,H03,H03M,3.159523829817772
ja,1.05,A23,A23C,3.159812439233065
sr,2.07,G10,G10L,3.159961974713951
za,3.02,B23,B23K,3.160317476838827
xe,4.01,H01,H01L,3.160714287310839
xa,5.04,H01,H01J,3.160714302212
mq,6.01,G06,G06T,3.16091419942677
jy,4.05,B65,B65G,3.160984849557281
ah,4.01,G01,G01C,3.161363646388054
er,1.02,G08,G08C,3.161408749874681
bf,5.04,C04,C04B,3.162121217697859
iu,2.03,A43,A43B,3.162500001490116
ja,1.05,A24,A24D,3.162847265601158
oy,9,H03,H03M,3.162896854802966
ua,6.03,A23,A23L,3.163991614244878
uk,1.03,G21,G21F,3.164033918641508
yo,3.01,H01,H01M,3.164241896709427
rt,3.02,B41,B41J,3.164682555943727
yg,6.04,C07,C07F,3.16499999910593
pu,2.03,H03,H03H,3.166011641733348
ku,5.07,B60,B60R,3.16666666790843
eq,3.01,G09,G09G,3.16666667163372
qa,3.01,H01,H01H,3.16666667163372
pj,2.05,B08,B08B,3.16666667163372
pa,6.02,G01,G01P,3.16666667163372
bp,6.04,H01,H01C,3.16666667163372
xq,2.11,A43,A43B,3.16666667163372
bp,6.04,G01,G01V,3.16666667163372
nu,5.08,E04,E04D,3.16666667163372
dm,3.02,A43,A43B,3.16666667163372
if,2.11,E01,E01C,3.16666667163372
dy,1.04,E02,E02D,3.16666667163372
im,2.01,G09,G09F,3.16666667163372
js,6.04,B64,B64C,3.16666667163372
bp,6.04,H01,H01H,3.16666667163372
pq,1.01,H02,H02P,3.16666667163372
pz,2.05,F04,F04C,3.16666667163372
oz,6.02,B65,B65B,3.16666667163372
nu,5.08,A63,A63C,3.16666667163372
oz,6.02,E02,E02D,3.16666667163372
oe,5.06,H01,H01S,3.16666667163372
pz,2.05,B65,B65H,3.16666667163372
oy,9,D21,D21H,3.166666686534882
ct,9,B22,B22F,3.166666686534882
ja,1.05,B67,B67D,3.166666686534882
qj,2.05,B60,B60R,3.166666686534882
ne,3.03,E01,E01C,3.166666686534882
bu,1.03,F16,F16H,3.166666686534882
qc,6.02,H02,H02J,3.166666686534882
pm,2.05,F01,F01C,3.166666686534882
pz,2.05,F23,F23J,3.166666686534882
di,5.02,E04,E04C,3.166666686534882
hq,1.04,B60,B60R,3.166666693985462
ub,1.03,B23,B23D,3.166666693985462
bk,6.04,C02,C02F,3.166666701436043
iq,2.02,E04,E04G,3.166666701436043
uy,1.04,E02,E02D,3.166666701436043
dt,2.03,B23,B23P,3.166666757315397
tc,3.02,B60,B60R,3.166666761040688
if,2.11,H01,H01P,3.166974704712629
qh,2.05,A61,A61M,3.167748208157718
ve,3.02,C07,C07F,3.168278989847749
po,1.01,G01,G01R,3.168357544112951
ae,4.05,C08,C08G,3.169323472306132
et,1.02,C11,C11C,3.169419771526009
rp,6.04,H01,H01S,3.170681394636631
wq,5.01,H04,H04M,3.171031771227717
dw,1.04,F16,F16L,3.171428635716438
uf,1.03,C03,C03B,3.171488144434988
or,5.09,H04,H04M,3.172003289684653
tc,3.02,H04,H04B,3.172161189839244
pd,6.02,A61,A61M,3.172222226858139
qg,2.05,E06,E06B,3.172222305089235
qg,2.05,B41,B41N,3.172480628825724
om,5.05,C07,C07K,3.173172373208217
tm,3.01,C09,C09K,3.173400248400867
ip,2.07,H04,H04B,3.173611154779792
ro,1.07,A47,A47C,3.175000000745058
bp,6.04,G06,G06N,3.175000011920929
ue,2.11,G01,G01W,3.175331990234554
py,3.02,D01,D01F,3.17536233831197
ia,3.02,G01,G01K,3.17581651173532
dm,3.02,H01,H01S,3.176212240941823
pz,2.05,B01,B01F,3.176391297020018
nu,5.08,G05,G05F,3.176923103630543
eo,6.02,C07,C07D,3.178320366889238
wh,3.02,C07,C07F,3.178876980673522
ia,3.02,A63,A63B,3.178884683176875
pw,2.06,C08,C08G,3.179120016749948
ec,1.04,C25,C25C,3.179166726768017
rb,2.02,G03,G03F,3.180358681827784
gy,5.02,C02,C02F,3.18065269337967
xq,2.11,H03,H03F,3.180729022249579
dr,1.06,H05,H05K,3.18140454730019
id,2.07,F04,F04C,3.182142870500684
eu,2.02,F03,F03D,3.182539686560631
wm,5.04,C23,C23C,3.182575761340559
ui,1.03,F41,F41G,3.183333344757557
vy,3.02,C22,C22C,3.183333352208138
pj,2.05,B01,B01L,3.183333355933428
bk,6.04,G08,G08B,3.183333367109299
dm,3.02,G01,G01F,3.183573853224516
pm,2.05,D06,D06B,3.183982718735933
ia,3.02,A41,A41D,3.184027790557593
sy,1.03,A61,A61H,3.184523824602365
gy,5.02,C09,C09D,3.184848504140973
xy,1.01,H01,H01J,3.184875255450606
le,1.05,C09,C09D,3.184891641139984
cq,1.06,G02,G02C,3.184897513128817
rp,6.04,A01,A01K,3.185069457627833
zd,9,F04,F04B,3.185714289546013
sd,3.02,C12,C12P,3.185969657148235
ah,4.01,C05,C05G,3.185982175171375
ne,3.03,H03,H03C,3.186111152172089
qq,1.05,C10,C10G,3.186177260242403
nu,5.08,B27,B27N,3.186583582311869
ep,1.02,D05,D05B,3.187222259584814
ju,4.01,A61,A61L,3.187500040978193
oz,6.02,C09,C09B,3.188034191727638
zq,2.07,B22,B22D,3.188233493827283
pe,5.02,F02,F02D,3.189789433963597
ik,2.11,B29,B29D,3.190331943333149
ev,1.02,G05,G05F,3.190384132321924
dr,1.06,B60,B60R,3.190447185188532
bp,6.04,A61,A61C,3.190476195886731
ix,2.07,G11,G11C,3.190476197749376
xy,1.01,G11,G11C,3.190842501819134
ut,6.02,A23,A23G,3.190909095108509
ia,3.02,H03,H03K,3.191489355638623
iy,1.06,C11,C11B,3.191662180237472
gy,5.02,D21,D21H,3.191666699945927
qg,2.05,C10,C10G,3.192099596606568
ue,2.11,H02,H02J,3.192159211728722
up,1.03,H03,H03F,3.19220366422087
ne,3.03,G05,G05F,3.192857183516026
yg,6.04,A63,A63F,3.194444447755814
wu,5.04,H01,H01G,3.194444455206394
rz,3.03,A23,A23G,3.194444462656975
dw,1.04,A63,A63B,3.194444485008717
hq,1.04,C01,C01F,3.19468548707664
qq,1.05,H01,H01B,3.195303039625287
ei,1.04,A61,A61J,3.195500635076314
fi,1.04,H04,H04B,3.195533925667405
tm,3.01,H01,H01M,3.19567901827395
ae,4.05,C09,C09D,3.19610857218504
ja,1.05,C03,C03B,3.197759126313031
or,5.09,E21,E21B,3.19791667163372
co,1.06,F15,F15B,3.198148151859641
ql,9,G06,G06Q,3.19883469492197
ue,2.11,B01,B01J,3.199634425109252
id,2.07,B65,B65D,3.199838420376182
ps,5.04,H01,H01L,3.199890132062137
fy,3.02,A61,A61D,3.199945935979486
rz,3.03,B41,B41J,3.200000002980232
xy,1.01,H05,H05K,3.200000002980232
ut,6.02,C23,C23C,3.200000002980232
gy,5.02,C10,C10G,3.200000002980232
ku,5.07,F16,F16L,3.200000002980232
js,6.04,B66,B66F,3.200000002980232
mm,6.01,C21,C21D,3.200000002980232
co,1.06,B24,B24D,3.200000002980232
rp,6.04,B41,B41M,3.200000002980232
ii,2.04,B23,B23Q,3.200000002980232
py,3.02,B26,B26D,3.200000002980232
zc,4.03,F16,F16J,3.200000002980232
oz,6.02,H03,H03F,3.200000002980232
zc,4.03,B64,B64C,3.200000002980232
ii,2.04,F16,F16G,3.200000006705523
gy,5.02,G01,G01B,3.200000017881393
ep,1.02,H03,H03B,3.200000032782555
rt,3.02,C02,C02F,3.200009855441749
qq,1.05,B05,B05B,3.200356272049248
yi,6.03,G01,G01N,3.200690670404583
tq,3.02,B01,B01D,3.201453012414277
fa,2.01,B23,B23K,3.20290149608627
sa,3.03,C09,C09K,3.203212783671916
bp,6.04,G01,G01J,3.20395658351481
mm,6.01,H02,H02M,3.20444917306304
ep,1.02,C09,C09K,3.204957663081586
qq,1.05,H04,H04M,3.205316118896008
ig,2.06,C11,C11D,3.20602110074833
ai,2.03,C08,C08L,3.206849317997694
ih,2.07,C06,C06B,3.206935876980424
rt,3.02,G05,G05D,3.207656938582659
pm,2.05,B65,B65G,3.208035758230835
vi,5.01,C07,C07K,3.208138472400606
gc,1.05,B29,B29C,3.20833333581686
zm,1.06,B65,B65D,3.20833333954215
sy,1.03,F42,F42C,3.208333343267441
dm,3.02,H02,H02J,3.208333343267441
ne,3.03,A47,A47B,3.208333343267441
bf,5.04,B41,B41J,3.208333343267441
if,2.11,B22,B22C,3.208333343267441
pm,2.05,B60,B60W,3.208333350718021
iq,2.02,F16,F16M,3.208333399146795
io,2.07,G06,G06K,3.208945882506669
rt,3.02,G01,G01V,3.209763083141297
cq,1.06,H04,H04R,3.210200272500515
wc,3.03,B29,B29C,3.210464889416471
wh,3.02,A01,A01K,3.210723766766023
ju,4.01,G02,G02B,3.210863128304482
gy,5.02,H03,H03M,3.211949828080833
pn,1.01,B61,B61L,3.213095258921385
iu,2.03,D02,D02G,3.214056783355772
gy,5.02,E06,E06B,3.214285720139742
tu,3.01,H03,H03M,3.215136079117656
oy,9,H01,H01Q,3.215384513139725
pa,6.02,G05,G05D,3.215620589442551
lq,3.03,C07,C07C,3.216216603992507
yq,5.07,G01,G01B,3.216964310966432
pn,1.01,C08,C08J,3.217267024330795
nq,5.01,H04,H04M,3.217857186682522
ns,2.01,H05,H05H,3.218853634316474
ya,3.02,G01,G01J,3.218929652939551
ep,1.02,A01,A01N,3.219098649220541
pj,2.05,C23,C23C,3.219230776652694
oo,3.03,H04,H04W,3.219444455578923
ur,1.01,G08,G08G,3.219526167027652
dy,1.04,G07,G07D,3.220000017434359
ye,2.02,F41,F41H,3.220138939097524
nq,5.01,G01,G01N,3.220789041370153
rb,2.02,H04,H04M,3.220935704186559
bf,5.04,A63,A63F,3.221182033419609
oz,6.02,B25,B25J,3.222222223877907
ro,1.07,C21,C21B,3.222222227603197
jy,4.05,G01,G01M,3.222222242504358
ha,5.03,G01,G01D,3.222222242504358
pm,2.05,A47,A47C,3.222222253680229
aa,1.03,H01,H01R,3.222222272306681
ha,5.03,H01,H01R,3.223232328891754
qj,2.05,B82,B82Y,3.223496056161821
bp,6.04,C12,C12N,3.224078316939995
wu,5.04,B05,B05B,3.225000001490116
ve,3.02,B60,B60T,3.225000001490116
dy,1.04,H04,H04H,3.225140560418367
pk,2.05,G03,G03C,3.22539684176445
ai,2.03,B22,B22D,3.22549020126462
ka,4.01,G09,G09G,3.22549020126462
uq,5.07,C07,C07C,3.225829772651196
da,1.06,G11,G11C,3.225919866003096
de,1.06,C40,C40B,3.226104084809776
ai,2.03,B65,B65H,3.226190492510796
iu,2.03,B41,B41F,3.226190499961376
dr,1.06,G10,G10L,3.226452400907874
ns,2.01,B42,B42D,3.226563308387995
ij,2.11,G03,G03G,3.227020232006907
zm,1.06,C12,C12Y,3.227038206765428
pw,2.06,H04,H04W,3.227632871828973
uh,1.03,C07,C07H,3.227644626866095
qf,9,G01,G01Q,3.227724309079349
dt,2.03,F24,F24H,3.227777812629938
ha,5.03,C03,C03C,3.228787884116173
ad,4.02,A61,A61M,3.228846188634634
im,2.01,B63,B63H,3.229166699573398
ex,1.02,A01,A01K,3.229940591147169
ya,3.02,G07,G07F,3.230158761143684
nu,5.08,G01,G01L,3.230994157493114
hl,3.03,B29,B29C,3.231891078874469
vm,5.06,H04,H04N,3.232801569625735
pj,2.05,D21,D21J,3.233333356678486
ep,1.02,F41,F41A,3.233333375304937
rz,3.03,C12,C12P,3.234038154245354
pc,5.02,H04,H04R,3.23437259811908
ei,1.04,A01,A01K,3.234688416589051
ga,3.02,G11,G11B,3.234911076724529
dr,1.06,G03,G03F,3.235036239027977
qq,1.05,G07,G07F,3.235119063407183
ui,1.03,B60,B60H,3.236111111938953
qk,6.01,G03,G03F,3.236111111938953
qg,2.05,B24,B24C,3.236111111938953
ye,2.02,F25,F25B,3.236652248539031
qg,2.05,C12,C12N,3.236811123555526
ac,2.02,F01,F01D,3.236984198912978
ex,1.02,F15,F15B,3.237016994506121
iu,2.03,C25,C25B,3.237054941710085
zd,9,G09,G09G,3.238095246255398
ii,2.04,H03,H03K,3.238204301334918
uk,1.03,G21,G21C,3.238392889499664
ja,1.05,C01,C01C,3.238461594097316
pe,5.02,G01,G01B,3.238568453118205
id,2.07,C09,C09J,3.238988117314875
iq,2.02,F42,F42D,3.239850446581841
oz,6.02,H01,H01F,3.239898996427655
ea,1.04,C12,C12H,3.240298757562414
ui,1.03,G02,G02C,3.240799207240343
gy,5.02,B62,B62D,3.240909107029438
ry,2.03,B22,B22F,3.241652731550857
qq,1.05,B60,B60R,3.241666670888662
ja,1.05,G01,G01D,3.241786007769406
ba,3.02,A01,A01N,3.242361479438841
up,1.03,H05,H05G,3.242566305678338
zr,1.05,H01,H01B,3.242882226593792
gc,1.05,G01,G01K,3.243223467841744
le,1.05,C12,C12P,3.243761381949298
iq,2.02,A45,A45D,3.244001450017095
if,2.11,C07,C07K,3.244044201215729
bf,5.04,G11,G11B,3.244444459676743
uu,5.06,G10,G10L,3.244444459676743
pz,2.05,H02,H02P,3.244576809927821
ja,1.05,F02,F02M,3.245138932019472
nu,5.08,B60,B60K,3.245671004056931
uq,5.07,G01,G01N,3.245709353126585
ma,3.02,G16,G16H,3.246593217831105
ik,2.11,C07,C07D,3.246739096473902
tu,3.01,G01,G01D,3.246969703584909
dy,1.04,B09,B09B,3.248672221787274
bq,6.05,F04,F04B,3.25
za,3.02,G10,G10L,3.25
we,3.02,F41,F41H,3.25
pj,2.05,C09,C09B,3.25
bk,6.04,H02,H02J,3.25
rp,6.04,D06,D06M,3.25
ox,6.02,B41,B41F,3.25
bq,6.05,B29,B29D,3.25
bq,6.05,E05,E05B,3.25
pg,6.02,A61,A61M,3.25
ij,2.11,B66,B66F,3.25
ai,2.03,A62,A62C,3.25
gy,5.02,H01,H01P,3.25
bu,1.03,B41,B41J,3.25
iy,1.06,C08,C08K,3.25
qj,2.05,D06,D06H,3.25
oz,6.02,B62,B62K,3.25
jy,4.05,F02,F02D,3.25
ro,1.07,B23,B23D,3.25
di,5.02,C08,C08K,3.25
iy,1.06,A47,A47C,3.25
rt,3.02,B21,B21D,3.25
pa,6.02,F28,F28F,3.25
qk,6.01,H03,H03F,3.25
dm,3.02,H04,H04H,3.25
oz,6.02,B21,B21D,3.25
bi,6.01,H03,H03F,3.25
xw,3.03,F16,F16F,3.25
yi,6.03,B62,B62D,3.25
tu,3.01,B60,B60K,3.25
sd,3.02,C09,C09D,3.250000002793968
ub,1.03,F02,F02F,3.250000007450581
ro,1.07,B23,B23Q,3.250000014901161
yi,6.03,H04,H04Q,3.250000014901161
pu,2.03,F22,F22B,3.250000014901161
py,3.02,H04,H04H,3.250000014901161
ro,1.07,B63,B63G,3.250000022351742
ae,4.05,B03,B03B,3.250000029802322
ot,6.02,B66,B66B,3.250000029802322
fa,2.01,G03,G03F,3.250000052154064
bq,6.05,H01,H01B,3.250441925600171
wu,5.04,C08,C08G,3.25143885333091
zq,2.07,H04,H04N,3.252236656844616
vx,5.01,A01,A01K,3.252540406305343
qf,9,B05,B05B,3.252597415819764
oa,2.11,C09,C09C,3.253576481482014
pk,2.05,G10,G10K,3.253787890076637
ac,2.02,A61,A61Q,3.253831417532638
pm,2.05,G10,G10D,3.254166670143604
rt,3.02,B60,B60K,3.254227067343891
ve,3.02,G16,G16H,3.255142617039382
ns,2.01,C07,C07H,3.255189349758439
ui,1.03,A62,A62C,3.255555558949709
nn,3.03,G01,G01M,3.255555596202612
hq,1.04,H01,H01R,3.256027612835169
ro,1.07,H01,H01K,3.25650798715651
if,2.11,F04,F04B,3.256564236246049
ye,2.02,E04,E04B,3.256944485008717
uu,5.06,H05,H05B,3.257042253389955
iu,2.03,H01,H01T,3.257407431490719
js,6.04,G01,G01S,3.257575780153275
io,2.07,H02,H02J,3.25757578201592
ja,1.05,F28,F28D,3.257660488830879
zc,4.03,C23,C23C,3.257781048305333
et,1.02,B61,B61L,3.258521346375346
ry,2.03,A61,A61M,3.258529337821528
fi,1.04,B24,B24D,3.259503884240985
jb,5.07,G01,G01N,3.260293428320438
xy,1.01,G08,G08G,3.26068377494812
re,1.05,B82,B82Y,3.260887974640355
mm,6.01,E06,E06B,3.261904772371054
ei,1.04,F21,F21V,3.262350333854556
yq,5.07,H02,H02M,3.262515007518232
dy,1.04,A47,A47F,3.263888891786337
pc,5.02,F24,F24F,3.264285714365542
ii,2.04,G07,G07C,3.264411043375731
db,2.08,B60,B60R,3.264837420545518
pg,6.02,H04,H04N,3.265115480870008
id,2.07,B01,B01L,3.265570016112179
zr,1.05,D21,D21H,3.266271727159619
vi,5.01,A61,A61M,3.266313410247676
iu,2.03,B33,B33Y,3.266666667535901
rp,6.04,B42,B42D,3.266666688024998
ew,1.02,D03,D03D,3.266666695475578
ro,1.07,A44,A44B,3.266666725277901
uk,1.03,G21,G21H,3.266743302345276
pk,2.05,D01,D01D,3.267233260208741
pz,2.05,D01,D01F,3.268373858183622
ii,2.04,C06,C06C,3.268888894468546
zd,9,A41,A41D,3.269607843831182
ry,2.03,A61,A61Q,3.270491184666753
up,1.03,G05,G05B,3.270949748810381
ih,2.07,E01,E01C,3.271153869107366
bq,6.05,C10,C10G,3.27142857760191
ac,2.02,C10,C10G,3.272222243249416
iy,1.06,A23,A23K,3.272708969423547
ac,2.02,G01,G01T,3.272767396643758
ae,4.05,C08,C08K,3.273412727750838
ev,1.02,H03,H03L,3.273570563644171
cl,9,G01,G01R,3.274750574491918
pd,6.02,C07,C07D,3.274847853928804
bq,6.05,B05,B05D,3.275000013411045
zq,2.07,G08,G08G,3.275000035762787
yo,3.01,H04,H04N,3.275545835494995
uy,1.04,B22,B22D,3.276010127738118
qa,3.01,C08,C08F,3.276213648030534
gc,1.05,C01,C01G,3.276351719629019
qh,2.05,C22,C22F,3.276696372777224
ex,1.02,H01,H01S,3.277242679148912
mm,6.01,F04,F04B,3.277380973100662
bu,1.03,G03,G03G,3.277777791023254
di,5.02,G08,G08B,3.277777803130448
zr,1.05,G01,G01C,3.277777805924416
vj,5.01,A63,A63B,3.278138536959887
iy,1.06,C07,C07F,3.278180930996314
db,2.08,D01,D01D,3.279382994165644
zm,1.06,A41,A41D,3.27941176481545
ig,2.06,H01,H01P,3.27944633923471
ik,2.11,G01,G01C,3.279592529637739
yq,5.07,H03,H03M,3.279744794592261
ue,2.11,B23,B23K,3.279845986980945
fi,1.04,G01,G01B,3.28140686545521
pm,2.05,A43,A43B,3.281691936776042
if,2.11,B62,B62K,3.283333335071802
dm,3.02,F03,F03D,3.283333338797092
oy,9,H02,H02P,3.283333346247673
up,1.03,G11,G11C,3.283522771671414
za,3.02,B82,B82Y,3.283799458295107
ox,6.02,G11,G11C,3.284155860543251
ry,2.03,B05,B05D,3.284658290445805
pz,2.05,G01,G01K,3.285310520324856
de,1.06,G01,G01D,3.28571429848671
ve,3.02,F16,F16D,3.28571429848671
jb,5.07,A01,A01N,3.286453565815464
ro,1.07,A47,A47G,3.287786045111716
ua,6.03,A61,A61L,3.288893030956388
pa,6.02,C03,C03C,3.290227202698588
te,1.05,G06,G06Q,3.290266739204526
ua,6.03,C07,C07K,3.290753475390375
ai,2.03,C08,C08K,3.290833337232471
rt,3.02,B62,B62D,3.290909122675657
dq,9,G01,G01V,3.291540188714862
gu,1.06,D21,D21H,3.29166667163372
nn,3.03,F16,F16L,3.291666679084301
bk,6.04,B41,B41M,3.291666686534882
ik,2.11,B65,B65B,3.291666686534882
ea,1.04,B60,B60R,3.291666693985462
es,2.02,A47,A47L,3.292760985903442
ga,3.02,A23,A23L,3.292969401925802
pm,2.05,B27,B27N,3.293225768953562
ro,1.07,G07,G07G,3.293650802224874
id,2.07,G09,G09F,3.293650830164552
ue,2.11,G01,G01K,3.29367208480835
dw,1.04,D04,D04H,3.293891342356801
hq,1.04,F01,F01K,3.294298302382231
vy,3.02,H01,H01H,3.294444473460317
vy,3.02,C08,C08J,3.294819965725765
nn,3.03,G02,G02B,3.2949003810063
di,5.02,C07,C07K,3.29542915977072
ot,6.02,A63,A63F,3.295620566233993
bu,1.03,G11,G11B,3.296034961007535
jb,5.07,A61,A61B,3.296124733518809
ro,1.07,C13,C13K,3.296596630476415
et,1.02,C08,C08B,3.296759264543653
rt,3.02,F16,F16L,3.297222251072526
ne,3.03,B23,B23P,3.297619048506022
ah,4.01,C07,C07F,3.297846031840891
ai,2.03,C10,C10L,3.297880781814456
jy,4.05,C12,C12J,3.297916695475578
ki,3.02,G01,G01B,3.2988515435718
vi,5.01,G08,G08B,3.299540370237082
iq,2.02,B62,B62J,3.300000017508864
ju,4.01,H04,H04N,3.300396842882037
pa,6.02,B64,B64C,3.300595261156559
dk,5.02,H01,H01Q,3.301282051950693
dx,3.01,H04,H04N,3.302142783999443
dw,1.04,C12,C12H,3.302296865731478
ii,2.04,B21,B21C,3.30303031206131
ji,5.01,H01,H01L,3.303333272691816
qf,9,H01,H01R,3.303763448260725
im,2.01,H04,H04J,3.304166685789824
ut,6.02,A61,A61N,3.304213211871684
ii,2.04,F24,F24C,3.305303052067757
am,4.01,D21,D21C,3.305364762432873
bp,6.04,C23,C23C,3.305555555969477
nu,5.08,G01,G01D,3.305555569007993
rb,2.02,G07,G07F,3.306318719405681
xe,4.01,H04,H04L,3.306453347206116
ya,3.02,C12,C12Y,3.306629094528034
ra,2.11,C04,C04B,3.306997672654688
tu,3.01,G09,G09G,3.307271809317172
iq,2.02,C08,C08B,3.30819699075073
pu,2.03,F23,F23N,3.308333367109299
qg,2.05,H04,H04M,3.308928575366735
oa,2.11,F17,F17C,3.309077323414385
hq,1.04,H04,H04M,3.309089775197208
mm,6.01,F16,F16L,3.309523820877075
bq,6.05,F41,F41A,3.309523835778236
ia,3.02,C04,C04B,3.309594645397738
su,3.02,B29,B29C,3.310406712815166
qq,1.05,G03,G03G,3.310690806247294
qg,2.05,B26,B26B,3.31097562238574
ni,3.01,E21,E21B,3.311455268412828
uy,1.04,A42,A42B,3.3125
lj,3.02,G06,G06K,3.313095253892243
wc,3.03,G07,G07D,3.313622316345572
dy,1.04,C12,C12G,3.313888929784298
db,2.08,A47,A47L,3.314031275454909
dy,1.04,B65,B65G,3.315313879400492
iu,2.03,B26,B26F,3.315476205199957
si,1.05,G05,G05B,3.316339746117592
pf,6.02,H04,H04L,3.317633777856827
ig,2.06,A01,A01H,3.318807192612439
ai,2.03,B66,B66C,3.319421282969415
dy,1.04,B23,B23B,3.319444462656975
ij,2.11,F16,F16L,3.319444475695491
ox,6.02,H04,H04M,3.320372216403484
ep,1.02,G03,G03H,3.320690097287297
ex,1.02,C12,C12N,3.3210289341514
gy,5.02,E04,E04B,3.321428574621677
hq,1.04,G21,G21B,3.321472561918199
dk,5.02,C07,C07C,3.321962936781347
dw,1.04,H01,H01G,3.32203606236726
ur,1.01,H03,H03M,3.324056925484911
eu,2.02,H04,H04H,3.324453555047512
ot,6.02,H01,H01J,3.32474747672677
pq,1.01,D21,D21H,3.325000010430813
ac,2.02,A61,A61G,3.325422761961818
tq,3.02,G01,G01S,3.325452592223883
uf,1.03,G01,G01J,3.325528273824602
ii,2.04,F02,F02K,3.32559528388083
bi,6.01,G01,G01N,3.325962721370161
uy,1.04,B09,B09C,3.327248596586287
iq,2.02,G21,G21H,3.327711351215839
im,2.01,A61,A61Q,3.328282848000526
bk,6.04,G03,G03F,3.328441316261888
vi,5.01,A61,A61F,3.328544120071456
ac,2.02,F16,F16B,3.328661687672138
co,1.06,G09,G09B,3.328719994053245
ep,1.02,F15,F15B,3.32873576041311
ns,2.01,C01,C01F,3.329331791494042
mu,4.01,C07,C07C,3.329535664757714
uu,5.06,C09,C09K,3.33025212213397
pq,1.01,G11,G11C,3.330301654525101
pw,2.06,C09,C09K,3.330402975901961
yp,3.02,G01,G01R,3.330690737115219
es,2.02,B62,B62D,3.330733482725918
ai,2.03,B82,B82Y,3.331305140163749
ve,3.02,H01,H01J,3.332491595298052
sy,1.03,A61,A61Q,3.332797326147556
pu,2.03,H05,H05B,3.332824647892267
ec,1.04,H01,H01C,3.33333333581686
uu,5.06,F16,F16L,3.333333343267441
ai,2.03,A62,A62B,3.333333343267441
za,3.02,B65,B65G,3.333333343267441
ai,2.03,F16,F16K,3.333333343267441
rp,6.04,F02,F02D,3.333333343267441
ua,6.03,H01,H01R,3.333333343267441
eo,6.02,F16,F16K,3.333333343267441
cq,1.06,B28,B28B,3.333333343267441
bp,6.04,B64,B64C,3.333333343267441
gu,1.06,E04,E04F,3.333333343267441
bq,6.05,E06,E06B,3.333333343267441
py,3.02,F41,F41G,3.333333343267441
bp,6.04,B01,B01F,3.333333343267441
pc,5.02,F02,F02M,3.333333343267441
dm,3.02,G08,G08G,3.333333343267441
rt,3.02,A47,A47J,3.333333343267441
ut,6.02,G09,G09G,3.333333343267441
dx,3.01,F16,F16B,3.333333343267441
bk,6.04,C03,C03C,3.333333343267441
tu,3.01,E01,E01C,3.333333343267441
om,5.05,B23,B23K,3.333333343267441
qq,1.05,F16,F16H,3.333333343267441
qq,1.05,B64,B64F,3.333333343267441
oz,6.02,A62,A62B,3.333333343267441
eu,2.02,G05,G05D,3.333333343267441
qc,6.02,G01,G01R,3.333333343267441
rz,3.03,C04,C04B,3.333333343267441
oz,6.02,B08,B08B,3.333333343267441
my,5.01,B29,B29C,3.333333343267441
bq,6.05,B67,B67D,3.333333343267441
oz,6.02,G01,G01P,3.333333343267441
pa,6.02,C21,C21D,3.333333343267441
ne,3.03,F04,F04C,3.333333343267441
bq,6.05,B60,B60K,3.333333343267441
om,5.05,C30,C30B,3.333333343267441
ii,2.04,B65,B65H,3.333333350718021
dq,9,G09,G09G,3.333333358168602
ot,6.02,C09,C09J,3.333333358168602
ii,2.04,A62,A62B,3.333333365619183
iu,2.03,B61,B61D,3.333333373069763
gu,1.06,B60,B60R,3.333333373069763
wu,5.04,H02,H02K,3.333333387970924
pj,2.05,F22,F22B,3.333333402872086
yq,5.07,B60,B60C,3.333333402872086
ik,2.11,B21,B21B,3.333784596063197
qe,2.09,C25,C25D,3.333817461039871
im,2.01,G01,G01W,3.333823611959815
ik,2.11,D21,D21C,3.33434347063303
ur,1.01,B01,B01F,3.334704528562725
sy,1.03,B28,B28D,3.335397923365235
di,5.02,C08,C08F,3.335634928196669
or,5.09,G07,G07F,3.335714302957058
xq,2.11,A24,A24F,3.336080599576235
ae,4.05,C07,C07K,3.336581949843094
ae,4.05,G06,G06T,3.336609927937388
db,2.08,H02,H02K,3.336668676929548
ns,2.01,F01,F01D,3.336715050041676
gy,5.02,C12,C12P,3.337179692927748
mq,6.01,G07,G07F,3.337301634252071
cu,1.06,B29,B29C,3.337321138940752
ga,3.02,B29,B29C,3.338095275685191
le,1.05,A61,A61M,3.338201018050313
zr,1.05,G01,G01S,3.338636413216591
id,2.07,H03,H03H,3.339516571722925
vj,5.01,C12,C12Q,3.339905653963797
tu,3.01,B29,B29B,3.339957319200039
wf,1.06,C07,C07C,3.340010828338563
ru,3.01,H02,H02P,3.340909093618393
pz,2.05,C07,C07K,3.341087829088792
ik,2.11,H01,H01C,3.341453045606613
iu,2.03,F23,F23L,3.341666689142585
oa,2.11,B65,B65D,3.34192702267319
bm,5.07,G01,G01N,3.341969338478521
qq,1.05,F03,F03D,3.341993466485292
rt,3.02,A01,A01H,3.342261932790279
cu,1.06,G05,G05D,3.342967526055872
de,1.06,D06,D06M,3.342980907298625
up,1.03,H01,H01P,3.343102257698774
di,5.02,A01,A01N,3.34327676333487
ep,1.02,C10,C10G,3.343650840222836
he,5.03,A61,A61K,3.344074841821566
cq,1.06,B60,B60K,3.344202908687294
ei,1.04,G01,G01S,3.344364655204117
id,2.07,G10,G10H,3.344827610999346
rp,6.04,C08,C08G,3.344973839819431
uf,1.03,C12,C12Q,3.345081546343863
ah,4.01,G06,G06K,3.347618930973113
si,1.05,G01,G01M,3.348611142486334
et,1.02,H01,H01C,3.348958373069763
iu,2.03,G05,G05F,3.349283348070458
jy,4.05,F25,F25B,3.350000001490116
wc,3.03,B60,B60K,3.350000008940697
ix,2.07,G03,G03F,3.35000005364418
zm,1.06,C25,C25B,3.350250627845526
ya,3.02,G01,G01G,3.350396003574133
wh,3.02,A01,A01N,3.350580286234617
oa,2.11,C01,C01G,3.351021735463291
if,2.11,A61,A61Q,3.351111128926277
bp,6.04,G03,G03B,3.351190492510796
nu,5.08,B65,B65B,3.351190499961376
ve,3.02,A61,A61L,3.351477301912382
co,1.06,G02,G02C,3.351514972280711
de,1.06,G01,G01S,3.352693168446422
eq,3.01,G03,G03F,3.353167645633221
ns,2.01,B65,B65D,3.35331770486664
qg,2.05,F16,F16F,3.353787900879979
pm,2.05,C01,C01C,3.353851583786309
ra,2.11,A61,A61M,3.354377712123096
ht,1.06,A01,A01N,3.354559590108693
kv,1.05,H04,H04W,3.354564917273819
ye,2.02,F16,F16H,3.355158790946007
ix,2.07,G06,G06Q,3.355435315519571
di,5.02,A61,A61Q,3.355555571615696
xa,5.04,B29,B29C,3.355723459273577
si,1.05,G05,G05D,3.355952426791191
ep,1.02,F04,F04B,3.356507967226207
bk,6.04,G10,G10L,3.357072476297617
vy,3.02,B23,B23H,3.357142873108387
pm,2.05,G10,G10H,3.358333364129066
hq,1.04,F21,F21V,3.358353739138693
ai,2.03,H02,H02N,3.358511248137802
uu,5.06,C23,C23C,3.359127003699541
ae,4.05,B01,B01F,3.360555583611131
ep,1.02,C07,C07C,3.360700520221144
ac,2.02,B66,B66B,3.361038980074227
pc,5.02,G07,G07C,3.361057600006461
oy,9,F03,F03D,3.361111111938953
ad,4.02,A61,A61F,3.361111119389534
et,1.02,B23,B23Q,3.361111126840115
gu,1.06,D01,D01F,3.361111126840115
pc,5.02,H01,H01G,3.361111126840115
vj,5.01,H04,H04H,3.361111126840115
fa,2.01,B28,B28C,3.361111141741276
gu,1.06,C12,C12M,3.361145359929651
ew,1.02,B24,B24B,3.361484703607857
un,1.03,C09,C09K,3.361534486990422
if,2.11,B60,B60G,3.361904764547944
dy,1.04,F25,F25J,3.36190477386117
qf,9,B22,B22F,3.362908793380484
dq,9,A63,A63B,3.363926307763904
js,6.04,H03,H03K,3.364084508270025
pn,1.01,F02,F02K,3.364583343267441
cu,1.06,C08,C08K,3.364834379404783
iu,2.03,E04,E04H,3.364926777780056
ns,2.01,A61,A61C,3.365056331269443
qf,9,G01,G01T,3.36566908378154
co,1.06,C01,C01B,3.366174452472478
bm,5.07,G01,G01R,3.366666674613953
om,5.05,H03,H03L,3.366666678339243
nu,5.08,A23,A23J,3.367919830605388
pn,1.01,H01,H01B,3.368253998924047
ue,2.11,G16,G16H,3.368408782407641
ja,1.05,D21,D21H,3.36845428775996
rt,3.02,B65,B65G,3.369047630578279
ue,2.11,G09,G09F,3.370070777833462
vi,5.01,H04,H04R,3.370706816436723
dm,3.02,H02,H02K,3.370833348482847
ii,2.04,F28,F28C,3.370853875763714
mw,5.09,H04,H04W,3.372673489153385
sd,3.02,C07,C07H,3.373141113203019
dq,9,B06,B06B,3.373295495286584
fi,1.04,G03,G03B,3.374183029867709
et,1.02,H02,H02G,3.375
xq,2.11,B42,B42D,3.375
uu,5.06,E02,E02F,3.375
hq,1.04,E03,E03C,3.375
oe,5.06,C08,C08L,3.375
oz,6.02,G01,G01M,3.375
jb,5.07,H01,H01R,3.375000011175871
pq,1.01,E04,E04B,3.375000029802322
fa,2.01,C01,C01F,3.375000037252903
iq,2.02,F24,F24C,3.375000044703484
ns,2.01,C12,C12P,3.375752287509385
hq,1.04,C22,C22F,3.375907859764993
ew,1.02,C12,C12P,3.37604668783024
uy,1.04,B03,B03B,3.376190491020679
gc,1.05,B09,B09C,3.376384252682328
pu,2.03,F26,F26B,3.376388920471072
pk,2.05,C09,C09B,3.377030851319432
pj,2.05,A62,A62D,3.377193003892899
vx,5.01,B01,B01D,3.377240143716335
ec,1.04,B23,B23K,3.377350457943976
ja,1.05,A01,A01C,3.377362704835832
ga,3.02,H01,H01S,3.377419377677143
er,1.02,H05,H05K,3.377510734833777
pz,2.05,F41,F41A,3.377588025294244
dt,2.03,C22,C22B,3.377777790650725
pn,1.01,G01,G01K,3.377941187471151
xq,2.11,C09,C09J,3.378004069440067
pe,5.02,C04,C04B,3.378373043611646
iq,2.02,F27,F27B,3.378412743099034
ai,2.03,G01,G01T,3.379398656077683
ii,2.04,F24,F24S,3.379821351729333
ja,1.05,C09,C09J,3.379862576024607
ex,1.02,F21,F21V,3.380555590614676
dy,1.04,F01,F01K,3.381004635244608
if,2.11,C22,C22F,3.381060658022761
up,1.03,G06,G06K,3.38176538888365
ac,2.02,B32,B32B,3.382789228111506
oa,2.11,A43,A43B,3.383333373814821
iq,2.02,F27,F27D,3.383380066603422
gu,1.06,C09,C09J,3.383766248822212
es,2.02,C12,C12N,3.384231493750121
es,2.02,A01,A01N,3.384351746644825
ga,3.02,C12,C12M,3.385356486774981
es,2.02,F04,F04B,3.385989658534527
sy,1.03,F02,F02M,3.386094845831394
jb,5.07,G11,G11C,3.386234835721552
dr,1.06,D21,D21H,3.386471881531179
hy,1.06,G09,G09G,3.386616222560406
cn,5.01,A61,A61Q,3.387096930295229
dy,1.04,A63,A63H,3.387500030919909
dr,1.06,C10,C10M,3.387565885437652
ya,3.02,C08,C08F,3.388284867163748
ba,3.02,G06,G06T,3.388579495251179
es,2.02,B23,B23Q,3.388888895511627
ha,5.03,C23,C23C,3.388888914138079
ea,1.04,A23,A23B,3.389285760000348
py,3.02,G01,G01K,3.389595991000533
ni,3.01,C09,C09K,3.390047401422635
iu,2.03,F28,F28G,3.390476241707802
pg,6.02,H01,H01L,3.391666673123837
ro,1.07,F17,F17D,3.391666706651449
zr,1.05,C05,C05F,3.391702815890312
iu,2.03,G08,G08C,3.39188915444538
uf,1.03,G06,G06T,3.39242603443563
am,4.01,C05,C05D,3.393204411491752
zm,1.06,C12,C12M,3.39324973791372
qg,2.05,D21,D21H,3.394937315024436
ij,2.11,G08,G08B,3.395202397368848
pc,5.02,G02,G02F,3.395233739167452
qq,1.05,G02,G02F,3.395421258173883
ne,3.03,A23,A23F,3.395421260967851
es,2.02,C08,C08G,3.395670474972576
id,2.07,D21,D21H,3.3962322473526
rp,6.04,A61,A61C,3.396297944709659
pe,5.02,A61,A61M,3.396885558962822
eu,2.02,A61,A61M,3.397412505932152
ep,1.02,F02,F02C,3.397664200514555
es,2.02,A61,A61Q,3.397727288305759
tc,3.02,G11,G11B,3.398018660023808
pd,6.02,B41,B41J,3.398412723094225
ac,2.02,B27,B27B,3.400000013411045
ec,1.04,A63,A63F,3.400000035762787
tu,3.01,C10,C10G,3.400065898895264
gu,1.06,C25,C25B,3.400213676504791
oz,6.02,B41,B41J,3.40043293684721
dm,3.02,C08,C08K,3.400531261460856
ha,5.03,A01,A01N,3.400903428904712
ni,3.01,G10,G10L,3.401010107249022
fi,1.04,G06,G06T,3.402343427296728
db,2.08,B05,B05B,3.403831188101321
pc,5.02,A01,A01N,3.404067578725517
pu,2.03,F24,F24S,3.404123211279511
jb,5.07,H02,H02J,3.40436309017241
wm,5.04,H05,H05B,3.404661310836673
ui,1.03,B60,B60K,3.404761917889118
wf,1.06,G06,G06K,3.405169612728059
cu,1.06,G16,G16H,3.405356306582689
ub,1.03,B07,B07B,3.405446650460362
zd,9,B01,B01J,3.405740194488317
za,3.02,A23,A23K,3.406070061028004
qg,2.05,B41,B41C,3.406103825196624
sd,3.02,H04,H04B,3.4071428719908
or,5.09,G06,G06T,3.408333338797092
pi,1.06,C09,C09K,3.409015514422208
js,6.04,A61,A61Q,3.410256423056126
db,2.08,G02,G02F,3.41030993219465
iu,2.03,C10,C10J,3.410506445448846
zm,1.06,H03,H03K,3.410683766007423
ev,1.02,G01,G01P,3.41108394227922
oz,6.02,H01,H01Q,3.411553055047989
pk,2.05,B29,B29D,3.41203704290092
pm,2.05,D04,D04B,3.413675237447023
pi,1.06,B63,B63B,3.414484174922109
vj,5.01,H04,H04B,3.414494602009654
pu,2.03,H01,H01Q,3.414886999642476
ik,2.11,B60,B60R,3.415088417008519
db,2.08,B41,B41M,3.415237633045763
bm,5.07,G02,G02F,3.41666667163372
et,1.02,C21,C21B,3.41666667163372
pz,2.05,F25,F25J,3.41666667163372
pi,1.06,G07,G07F,3.41666667163372
nu,5.08,B62,B62M,3.41666667163372
bk,6.04,H03,H03L,3.41666667163372
jb,5.07,A63,A63F,3.41666667163372
ku,5.07,G05,G05B,3.41666667163372
yi,6.03,H01,H01H,3.41666667163372
ua,6.03,H02,H02M,3.41666667163372
iq,2.02,G04,G04C,3.416666679084301
om,5.05,E04,E04D,3.416666686534882
bm,5.07,C09,C09K,3.416666686534882
oz,6.02,H02,H02P,3.416666686534882
wu,5.04,F04,F04B,3.416666686534882
et,1.02,B23,B23B,3.416666693985462
yq,5.07,H02,H02J,3.416666723787785
ub,1.03,B62,B62D,3.417882265523076
dy,1.04,G21,G21B,3.418062158860266
xy,1.01,G09,G09B,3.418104206677526
jy,4.05,C23,C23C,3.418795256875455
hl,3.03,A61,A61F,3.418833245057613
bu,1.03,A01,A01N,3.419417306780815
ry,2.03,G03,G03B,3.41962762363255
ig,2.06,A42,A42B,3.419642884284258
qj,2.05,D06,D06L,3.42063494771719
hb,5.03,G01,G01R,3.420878380537033
dm,3.02,C01,C01G,3.421717206016183
qu,1.06,G11,G11B,3.423141211271286
aa,1.03,G03,G03F,3.423358603846282
ye,2.02,B64,B64B,3.423809621483088
ns,2.01,B41,B41M,3.424004590604454
oi,3.02,E21,E21B,3.424242436885834
vi,5.01,G09,G09G,3.424525309354067
ex,1.02,B07,B07C,3.425000034272671
ma,3.02,G03,G03G,3.42521368060261
ad,4.02,G06,G06K,3.42566900793463
ry,2.03,G01,G01M,3.426488120108843
if,2.11,B03,B03B,3.427083338610828
ne,3.03,A01,A01G,3.4273989982903
ru,3.01,C08,C08L,3.427838419564068
qu,1.06,B03,B03C,3.427869035862386
de,1.06,G01,G01B,3.428571436554193
ga,3.02,C02,C02F,3.428968260996044
pj,2.05,G01,G01J,3.429166686721146
ik,2.11,G09,G09G,3.429329653270543
ij,2.11,B05,B05D,3.430428183637559
es,2.02,C09,C09B,3.431159427389503
jy,4.05,B05,B05B,3.431554679293185
dy,1.04,F04,F04C,3.432142866775393
ub,1.03,B02,B02C,3.432804265059531
cq,1.06,G01,G01K,3.43364844750613
es,2.02,G07,G07B,3.433663595467806
ii,2.04,B81,B81B,3.435111694503576
ex,1.02,A47,A47L,3.435446720104665
wc,3.03,C12,C12N,3.435513304546475
ij,2.11,B22,B22D,3.436124718748033
pz,2.05,H04,H04Q,3.436291527934372
ia,3.02,G01,G01B,3.436836913228035
wv,3.03,G01,G01N,3.436975192511454
ew,1.02,C11,C11D,3.437500014901161
we,3.02,B01,B01L,3.437771518947557
oa,2.11,B60,B60N,3.438095262274146
yq,5.07,A61,A61M,3.438871670980006
bk,6.04,B01,B01J,3.439311604946852
uy,1.04,E01,E01C,3.43939396739006
wq,5.01,G06,G06K,3.440079379826784
mc,1.06,G02,G02B,3.440446657128632
ki,3.02,H01,H01M,3.440476197749376
ub,1.03,F03,F03B,3.44047624245286
le,1.05,C08,C08F,3.441239332780242
pm,2.05,E04,E04D,3.441666685044765
bu,1.03,G21,G21K,3.441795307211578
ye,2.02,B06,B06B,3.441820009611547
da,1.06,A43,A43B,3.441911583766341
ai,2.03,F24,F24S,3.442343639209867
iu,2.03,D06,D06M,3.443055558949709
ai,2.03,G05,G05F,3.443444135133177
hi,5.01,E21,E21B,3.444444455206394
vj,5.01,C21,C21D,3.444444455206394
ut,6.02,C22,C22B,3.44454887509346
tq,3.02,C07,C07F,3.445477738045156
sy,1.03,B24,B24D,3.445529891178012
vy,3.02,F04,F04B,3.445749917067587
wu,5.04,G01,G01B,3.44708994962275
si,1.05,B32,B32B,3.447222255170345
uh,1.03,C10,C10L,3.447734095156193
ba,3.02,H05,H05B,3.447810059413314
cq,1.06,G01,G01T,3.448487747926265
dt,2.03,F26,F26B,3.448611142113805
qe,2.09,C07,C07F,3.448698398424312
qf,9,H03,H03H,3.449118251213804
qg,2.05,D01,D01F,3.449374501826242
za,3.02,G07,G07F,3.450000002980232
uk,1.03,H02,H02G,3.450000010430813
fy,3.02,B05,B05D,3.450000014156103
yi,6.03,H01,H01Q,3.450000025331974
de,1.06,B07,B07C,3.450000058859587
ii,2.04,B26,B26B,3.450542030856013
pm,2.05,B60,B60L,3.450854748953134
eq,3.01,C12,C12Q,3.45133686135523
im,2.01,G01,G01K,3.451430440414697
dy,1.04,A47,A47J,3.4518315307796
sy,1.03,B65,B65H,3.452136795967817
bq,6.05,F01,F01D,3.45238097012043
uk,1.03,F28,F28D,3.453008332289755
sr,2.07,G09,G09B,3.453095272183418
dy,1.04,F23,F23C,3.45416672155261
pz,2.05,H04,H04R,3.454311003908515
zd,9,A61,A61G,3.454861113801599
ay,3.01,G06,G06F,3.455364575609565
ev,1.02,B64,B64C,3.455555595457554
km,1.06,C09,C09K,3.457622138317674
ki,3.02,G09,G09B,3.457767737098038
xw,3.03,H02,H02P,3.458333343267441
pa,6.02,H04,H04H,3.458333343267441
we,3.02,G03,G03G,3.458333343267441
pa,6.02,F04,F04D,3.458333358168602
qg,2.05,B60,B60R,3.458333395421505
ji,5.01,G01,G01S,3.458714947104454
sd,3.02,G09,G09G,3.458823580294847
my,5.01,C12,C12Q,3.459115387639031
pa,6.02,B01,B01F,3.459230797365308
ot,6.02,G11,G11C,3.459343467839062
di,5.02,B01,B01D,3.459523836150765
dt,2.03,B64,B64G,3.459920659661293
ih,2.07,G01,G01S,3.461150129791349
ry,2.03,H01,H01B,3.461256166454405
km,1.06,A63,A63B,3.46190476603806
jo,5.04,H04,H04W,3.461988344788551
pz,2.05,F02,F02K,3.462121233344078
pt,3.03,H04,H04R,3.463191449642181
uk,1.03,F16,F16L,3.463815798051655
ij,2.11,H03,H03M,3.463826605118811
pd,6.02,H04,H04N,3.46406576409936
ne,3.03,G07,G07C,3.464222608134151
tm,3.01,A63,A63F,3.464779666857794
gy,5.02,C08,C08K,3.464884150773287
ga,3.02,H04,H04M,3.464913297444582
iq,2.02,A01,A01C,3.466304347850382
rz,3.03,H02,H02M,3.466666676104069
uy,1.04,B26,B26B,3.466666683554649
or,5.09,H04,H04B,3.466666683554649
ru,3.01,B65,B65H,3.46666668727994
ai,2.03,B05,B05B,3.466677073389292
am,4.01,A23,A23J,3.466687456704676
zc,4.03,C07,C07F,3.46699383854866
gm,3.03,C12,C12N,3.467722454224713
si,1.05,B63,B63G,3.467857183888555
bp,6.04,C07,C07F,3.468315036501735
aa,1.03,B08,B08B,3.468506518751383
id,2.07,C07,C07H,3.468861697125249
tq,3.02,B29,B29C,3.468872564379126
pe,5.02,G01,G01M,3.469213441945612
ht,1.06,G06,G06Q,3.469592178240418
le,1.05,C12,C12N,3.470567206153646
di,5.02,H02,H02J,3.471313280984759
py,3.02,C10,C10L,3.471756435930729
co,1.06,G01,G01Q,3.471809138543904
dy,1.04,A41,A41D,3.47222226113081
dk,5.02,H01,H01J,3.473686974495649
ye,2.02,C30,C30B,3.474144413601607
dq,9,F04,F04B,3.474603183567524
hq,1.04,C01,C01C,3.474684007465839
ni,3.01,B23,B23K,3.475000001490116
ue,2.11,C03,C03C,3.475330723449588
iu,2.03,H03,H03M,3.475424022879452
ah,4.01,C11,C11C,3.475479427026585
ik,2.11,C22,C22F,3.475488362833858
ki,3.02,G03,G03F,3.47549020126462
yr,2.01,C07,C07C,3.475733818486333
pm,2.05,F04,F04C,3.47619049064815
oe,5.06,B41,B41J,3.476190492510796
xq,2.11,B60,B60Q,3.476190492510796
un,1.03,C04,C04B,3.476493208203465
ij,2.11,H04,H04R,3.476684481836855
dr,1.06,G06,G06N,3.476725896354765
om,5.05,C12,C12N,3.476775257382542
ki,3.02,C12,C12Y,3.476882540155202
my,5.01,G02,G02B,3.477564113214612
cq,1.06,A63,A63B,3.477564120665193
ry,2.03,G09,G09B,3.477819871157408
pz,2.05,G05,G05D,3.478174635209143
ei,1.04,B64,B64C,3.478247079066932
lj,3.02,A61,A61N,3.478550492785871
pe,5.02,B29,B29C,3.478787962347269
uy,1.04,C12,C12H,3.478946221992373
ai,2.03,F21,F21V,3.479197999462485
iu,2.03,A61,A61G,3.479641919024289
ry,2.03,B22,B22D,3.479656871408224
wm,5.04,A61,A61N,3.480235050898045
dq,9,C08,C08K,3.480314013548195
co,1.06,G03,G03G,3.480473026167601
ep,1.02,B64,B64D,3.480555610731244
pq,1.01,G09,G09B,3.480718853883445
er,1.02,G01,G01V,3.481141889467835
dm,3.02,G01,G01C,3.482142884284258
td,3.02,H01,H01L,3.482478427933529
ik,2.11,B24,B24C,3.483333364129066
ik,2.11,C10,C10M,3.483355350792408
tu,3.01,C11,C11C,3.483495841734111
co,1.06,C30,C30B,3.483519406290725
ij,2.11,A61,A61Q,3.484649132937193
dr,1.06,F01,F01N,3.485714331269264
id,2.07,C09,C09C,3.485902984626591
uh,1.03,G06,G06Q,3.488406517077237
ik,2.11,B01,B01L,3.488999103661627
pk,2.05,B05,B05B,3.489103513304144
ya,3.02,A63,A63B,3.490001735277474
db,2.08,B05,B05D,3.490438059670851
xq,2.11,B01,B01F,3.490449062082916
oi,3.02,C12,C12N,3.490817072277423
ig,2.06,H01,H01S,3.491562135284767
es,2.02,B64,B64C,3.491666685789824
id,2.07,G01,G01P,3.492658751085401
om,5.05,B24,B24B,3.493133194744587
co,1.06,C23,C23C,3.493551371153444
ju,4.01,C07,C07D,3.493558272952214
dy,1.04,E06,E06B,3.49456524848938
qf,9,G01,G01K,3.495687999762595
ye,2.02,G06,G06E,3.496083024423569
cq,1.06,F16,F16K,3.496461582370102
if,2.11,D01,D01F,3.49677490722388
ig,2.06,G01,G01G,3.496835348196328
pn,1.01,C08,C08L,3.496913951355964
uh,1.03,A61,A61Q,3.498045076616108
pe,5.02,H01,H01J,3.498611122369766
ro,1.07,H03,H03G,3.499145317822695
cq,1.06,H01,H01Q,3.499816720373929
bm,5.07,C08,C08K,3.5
bq,6.05,B60,B60T,3.5
nu,5.08,F41,F41B,3.5
vy,3.02,B63,B63B,3.5
xq,2.11,F01,F01D,3.5
fe,5.05,A63,A63F,3.5
pa,6.02,B60,B60C,3.5
py,3.02,C03,C03B,3.5
mr,6.01,C11,C11D,3.5
bu,1.03,F04,F04D,3.5
ut,6.02,F16,F16D,3.5
pj,2.05,H04,H04B,3.5
pa,6.02,B65,B65G,3.5
rp,6.04,B65,B65H,3.5
km,1.06,F16,F16H,3.5
bk,6.04,B23,B23B,3.5
pa,6.02,F04,F04B,3.5
dm,3.02,B23,B23Q,3.5
iy,1.06,H04,H04M,3.5
bq,6.05,E02,E02F,3.5
dm,3.02,E05,E05B,3.5
js,6.04,F02,F02D,3.5
py,3.02,B66,B66F,3.5
ai,2.03,F04,F04F,3.5
ut,6.02,C10,C10L,3.5
pz,2.05,F15,F15B,3.5
bq,6.05,B60,B60C,3.5
di,5.02,B22,B22D,3.5
ia,3.02,E03,E03C,3.5
ne,3.03,F24,F24C,3.5
ga,3.02,B61,B61D,3.5
tq,3.02,E04,E04B,3.5
oz,6.02,G01,G01J,3.5
tm,3.01,B65,B65H,3.5
js,6.04,B60,B60K,3.5
py,3.02,F02,F02M,3.5
bp,6.04,H02,H02K,3.5
yi,6.03,C01,C01B,3.5
pa,6.02,F01,F01L,3.5
xq,2.11,F16,F16H,3.5
oz,6.02,B27,B27N,3.5
py,3.02,F16,F16J,3.5
rp,6.04,F04,F04D,3.5
rp,6.04,G01,G01D,3.5
ne,3.03,B05,B05C,3.5
om,5.05,G01,G01B,3.5
om,5.05,F41,F41A,3.5
pd,6.02,G11,G11B,3.5
om,5.05,A47,A47B,3.5
di,5.02,F02,F02B,3.5
eu,2.02,F16,F16C,3.5
pk,2.05,F23,F23L,3.5
pq,1.01,A45,A45C,3.5
rp,6.04,H02,H02P,3.5
uu,5.06,B24,B24B,3.5
py,3.02,H01,H01C,3.5
et,1.02,A62,A62D,3.5
ki,3.02,B41,B41F,3.5
ut,6.02,G05,G05B,3.5
bp,6.04,H02,H02H,3.5
oi,3.02,G01,G01C,3.5
ah,4.01,F02,F02K,3.5
oz,6.02,A47,A47G,3.5
lj,3.02,F02,F02M,3.5
uu,5.06,F42,F42B,3.5
ki,3.02,F16,F16C,3.5
oz,6.02,F02,F02M,3.5
pz,2.05,B21,B21F,3.5
pa,6.02,H01,H01H,3.5
vj,5.01,B41,B41J,3.5
oz,6.02,F02,F02C,3.5
dm,3.02,F02,F02M,3.5
am,4.01,F02,F02K,3.5
bp,6.04,F16,F16L,3.5
bu,1.03,F04,F04B,3.5
pa,6.02,H02,H02G,3.5
ki,3.02,G01,G01S,3.5
nu,5.08,B08,B08B,3.5
qk,6.01,C11,C11D,3.5
bp,6.04,F02,F02M,3.5
pa,6.02,B60,B60J,3.5
iu,2.03,A47,A47K,3.5
py,3.02,D04,D04H,3.5
nu,5.08,C21,C21B,3.500000007450581
qg,2.05,F02,F02F,3.500000007450581
ui,1.03,B66,B66B,3.500000014901161
jb,5.07,B29,B29C,3.500000014901161
jy,4.05,G03,G03C,3.500000014901161
if,2.11,H02,H02G,3.500000014901161
iq,2.02,F01,F01M,3.500000014901161
ye,2.02,F24,F24D,3.500000014901161
mm,6.01,B25,B25B,3.500000014901161
oz,6.02,E04,E04F,3.500000014901161
oz,6.02,H02,H02K,3.500000014901161
dy,1.04,F03,F03B,3.500000016763806
ph,6.02,G02,G02B,3.500000029802322
ui,1.03,F01,F01D,3.500000029802322
pm,2.05,E05,E05B,3.500000029802322
ha,5.03,C08,C08L,3.500000029802322
pu,2.03,B22,B22F,3.500185277312994
wm,5.04,G02,G02F,3.500220481306314
ii,2.04,H01,H01C,3.500678788870573
za,3.02,G05,G05B,3.500956346280873
ev,1.02,B41,B41J,3.501782750710845
tu,3.01,B64,B64C,3.502487568184733
ev,1.02,B65,B65G,3.503306914120913
zr,1.05,C23,C23C,3.505050546023995
ne,3.03,F16,F16M,3.505952391773462
wu,5.04,G01,G01S,3.505954753607512
we,3.02,A01,A01K,3.50595866231015
pa,6.02,A23,A23C,3.507509164512157
rb,2.02,G01,G01D,3.507524776272476
et,1.02,F04,F04B,3.507812529802322
pm,2.05,F23,F23D,3.508333388715982
ub,1.03,B03,B03B,3.50854960270226
hb,5.03,G02,G02B,3.509256216697395
tq,3.02,H03,H03K,3.509259261190891
ac,2.02,G05,G05G,3.509749316610396
dk,5.02,H04,H04R,3.51111111138016
zm,1.06,A61,A61N,3.511443159077317
gu,1.06,F21,F21V,3.511627906933427
ea,1.04,A63,A63B,3.51190478540957
lj,3.02,B62,B62D,3.512500104494393
li,3.02,B62,B62D,3.512500104494393
pm,2.05,F41,F41A,3.512802014127374
re,1.05,A61,A61B,3.512903945986181
et,1.02,C40,C40B,3.513359839445911
pz,2.05,F02,F02C,3.513992519117892
zm,1.06,A62,A62D,3.514150943607092
rt,3.02,C12,C12P,3.514158308971673
pk,2.05,C25,C25C,3.514801289886236
ka,4.01,G01,G01R,3.515384633094072
yi,6.03,G05,G05B,3.515873029828072
td,3.02,G06,G06K,3.516718901693821
mu,4.01,C05,C05F,3.516801353543997
ex,1.02,C09,C09D,3.517023846507072
vj,5.01,H05,H05K,3.517857164144516
ki,3.02,A21,A21D,3.517873551230878
ka,4.01,A61,A61L,3.518353966996074
tq,3.02,G11,G11C,3.518507488071918
eu,2.02,H03,H03K,3.518518518656492
im,2.01,G03,G03F,3.518518570810556
ep,1.02,B66,B66C,3.519124494865537
af,4.05,H04,H04L,3.519482924602926
wu,5.04,H04,H04R,3.519599871709943
bu,1.03,B29,B29C,3.520000007003546
db,2.08,F02,F02C,3.520680739078671
ia,3.02,C08,C08G,3.520735222613439
rz,3.03,A01,A01H,3.521304709836841
dq,9,C08,C08B,3.521617876365781
gu,1.06,A62,A62D,3.521739130839705
di,5.02,F41,F41A,3.521739130839705
dw,1.04,B02,B02B,3.521875048056245
et,1.02,C25,C25B,3.522222228348255
ac,2.02,B60,B60Q,3.522741757100448
pu,2.03,F03,F03G,3.52296241838485
pm,2.05,C08,C08C,3.523318486055359
vj,5.01,A63,A63F,3.523452256806195
ei,1.04,B09,B09C,3.523993073496968
qh,2.05,H01,H01G,3.524003808852285
vj,5.01,A61,A61F,3.52432956174016
pn,1.01,B01,B01F,3.525001461617649
zm,1.06,G09,G09G,3.526315789669752
pn,1.01,B01,B01J,3.526999636786059
ju,4.01,H04,H04M,3.527380976825953
bf,5.04,G01,G01N,3.528046406572685
ai,2.03,F25,F25J,3.528571443632245
ox,6.02,H04,H04H,3.52941176481545
re,1.05,C08,C08L,3.529785310383886
ry,2.03,C10,C10J,3.529888037592173
jy,4.05,B07,B07C,3.530392186716199
ih,2.07,D21,D21H,3.531218830496073
pu,2.03,A23,A23L,3.531310281716287
dy,1.04,F17,F17D,3.531481539830565
tq,3.02,H04,H04R,3.531525403261185
uf,1.03,G06,G06N,3.531602804549038
ew,1.02,B63,B63B,3.531746048480272
re,1.05,G02,G02B,3.53207128867507
if,2.11,A01,A01H,3.532285080291331
hf,6.03,A61,A61B,3.532515744911507
dk,5.02,A61,A61Q,3.533333335071802
oz,6.02,A45,A45C,3.533333346247673
ig,2.06,H03,H03L,3.533762511797249
xw,3.03,C23,C23C,3.533928595483303
ct,9,B29,B29C,3.534900091588497
nn,3.03,H05,H05K,3.535485366359353
zq,2.07,E21,E21C,3.535628034733236
vi,5.01,H01,H01H,3.53634260315448
io,2.07,H04,H04N,3.537851753644645
ui,1.03,F16,F16H,3.537974684499204
pi,1.06,C11,C11B,3.538119906559587
ro,1.07,A47,A47B,3.538461539894342
ev,1.02,F03,F03D,3.538620466832072
zq,2.07,C01,C01F,3.538624403998256
im,2.01,F42,F42D,3.539072055369616
wc,3.03,G03,G03G,3.539285749197006
db,2.08,D21,D21B,3.540184814715758
ni,3.01,H04,H04B,3.541049931198359
ns,2.01,C10,C10M,3.541304400889203
pz,2.05,F02,F02F,3.54166666790843
ex,1.02,B60,B60L,3.541666679084301
ot,6.02,B29,B29C,3.541666686534882
iq,2.02,A01,A01J,3.541666731238365
om,5.05,H01,H01P,3.541666731238365
bq,6.05,C09,C09B,3.542424255050719
db,2.08,H01,H01Q,3.542603260604665
dy,1.04,D02,D02G,3.54281275649555
pu,2.03,C12,C12Q,3.543183723115362
dq,9,C07,C07J,3.543453810270876
ew,1.02,A01,A01D,3.543560632504523
wm,5.04,C09,C09D,3.54444444924593
pa,6.02,A01,A01D,3.54444445669651
eq,3.01,H03,H03K,3.54444445669651
ee,1.04,B03,B03D,3.544444479048252
zr,1.05,G01,G01M,3.544444479048252
ai,2.03,A63,A63H,3.544688704423606
le,1.05,A61,A61C,3.544913470745087
ia,3.02,B41,B41J,3.545454546809196
ex,1.02,B65,B65H,3.545833364129066
pu,2.03,G01,G01D,3.545881883474067
mr,6.01,H04,H04L,3.546031754696742
ju,4.01,H04,H04W,3.546464666724205
es,2.02,G01,G01L,3.546788347885013
pc,5.02,A01,A01H,3.547309990972281
ui,1.03,D06,D06M,3.547464016824961
uu,5.06,G06,G06N,3.547744389623404
xq,2.11,C25,C25D,3.547970317769796
am,4.01,A01,A01D,3.548081584274769
oi,3.02,C07,C07C,3.548289617989212
il,2.07,H04,H04W,3.549152288585901
gu,1.06,G07,G07C,3.549242466688156
uf,1.03,G03,G03G,3.549381041899323
za,3.02,B01,B01F,3.549450550694019
gu,1.06,F04,F04B,3.550000000745058
qg,2.05,B60,B60L,3.550000004470348
pu,2.03,A62,A62C,3.550000015646219
dy,1.04,A62,A62C,3.55000001937151
sr,2.07,G01,G01P,3.550360476598144
ew,1.02,H01,H01P,3.5504294577986
db,2.08,A63,A63B,3.550793657079339
ne,3.03,B25,B25B,3.552631579339504
ui,1.03,G04,G04F,3.553907286375761
dt,2.03,A61,A61M,3.554324080236256
qa,3.01,G03,G03F,3.554841615725309
ns,2.01,B21,B21C,3.55521890707314
fi,1.04,A01,A01G,3.555555567145348
pc,5.02,B65,B65H,3.555555570870638
mm,6.01,A61,A61L,3.556491035968065
et,1.02,C23,C23F,3.55717721581459
ja,1.05,C23,C23F,3.557539720088243
bv,5.01,G01,G01N,3.557664076099172
ja,1.05,C05,C05B,3.557715125381947
ex,1.02,B32,B32B,3.557886005146429
et,1.02,B05,B05B,3.558712130412459
fi,1.04,C02,C02F,3.560151619836688
db,2.08,C22,C22C,3.560572586022317
xw,3.03,B62,B62D,3.560683795250952
zq,2.07,G21,G21B,3.561111196875572
dt,2.03,H01,H01S,3.561805758625269
dw,1.04,B63,B63B,3.561904762871563
ui,1.03,A61,A61C,3.562373757362366
pc,5.02,H03,H03M,3.56242064293474
nu,5.08,H03,H03F,3.562500007450581
zk,9,G01,G01N,3.562573901377618
ne,3.03,C07,C07H,3.563164203660563
ad,4.02,B01,B01J,3.563218413852155
ik,2.11,F04,F04D,3.563234404660761
oo,3.03,G06,G06Q,3.563289398793131
im,2.01,A61,A61M,3.563767389394343
iu,2.03,C12,C12P,3.563996986253187
wu,5.04,B01,B01D,3.56450403155759
es,2.02,G04,G04F,3.565824959427118
dw,1.04,C10,C10J,3.565980990417302
re,1.05,B02,B02C,3.566137669607997
ye,2.02,C07,C07K,3.566142627096269
ku,5.07,C22,C22C,3.566666668280959
om,5.05,C09,C09D,3.566666670143604
zr,1.05,F04,F04B,3.566666685044765
ai,2.03,C22,C22F,3.566666722297668
mm,6.01,C12,C12P,3.567017021472566
yo,3.01,C08,C08L,3.567443271167576
im,2.01,G11,G11C,3.568452401086688
ye,2.02,G07,G07D,3.568483246490359
le,1.05,G09,G09B,3.569755051285028
pm,2.05,G01,G01G,3.569758724188432
nn,3.03,H01,H01Q,3.570223992690444
tu,3.01,A23,A23B,3.570634933654219
nn,3.03,C08,C08B,3.571018607821316
dm,3.02,B62,B62K,3.571428589522839
si,1.05,H04,H04M,3.571837991476059
ii,2.04,B27,B27N,3.572574423626065
tq,3.02,G01,G01C,3.573023750446737
yr,2.01,A63,A63F,3.573400761932135
di,5.02,H03,H03K,3.573815098032355
wh,3.02,A61,A61C,3.574458854272962
ae,4.05,A23,A23K,3.574961282778531
ew,1.02,B60,B60L,3.575000002980232
db,2.08,D06,D06L,3.575000006705523
im,2.01,A62,A62C,3.575000021606684
ah,4.01,G01,G01S,3.575132302939892
le,1.05,H03,H03M,3.575493763200939
gu,1.06,C08,C08B,3.575986280106008
ry,2.03,G05,G05F,3.576201221439987
ue,2.11,H03,H03L,3.576608987525105
ye,2.02,F16,F16C,3.57727275043726
ub,1.03,A01,A01G,3.577530863694847
ya,3.02,G01,G01M,3.577772812917829
ub,1.03,F16,F16B,3.579383151605725
yo,3.01,C12,C12R,3.57986874319613
tq,3.02,A63,A63F,3.579925333615392
dy,1.04,E04,E04C,3.580409377813339
ev,1.02,A61,A61G,3.581250056624413
km,1.06,E21,E21B,3.581357498187572
iu,2.03,C12,C12M,3.582253942033276
uy,1.04,B30,B30B,3.58333333581686
eu,2.02,G03,G03G,3.58333333581686
rp,6.04,B29,B29B,3.58333333581686
js,6.04,B61,B61F,3.583333343267441
di,5.02,C10,C10M,3.583333343267441
uy,1.04,A47,A47K,3.583333350718021
id,2.07,B60,B60H,3.583333358168602
mu,4.01,C08,C08F,3.583333358168602
iu,2.03,D04,D04H,3.583333358168602
bf,5.04,G02,G02B,3.583333358168602
ew,1.02,B07,B07C,3.583333384245634
cl,9,G01,G01B,3.583474609069526
ii,2.04,G01,G01D,3.583520970307291
ik,2.11,F16,F16H,3.584391586482525
xq,2.11,C22,C22B,3.584649140946567
iq,2.02,A41,A41D,3.585249084979296
qe,2.09,D06,D06M,3.585922464728355
iu,2.03,C23,C23G,3.586111119017005
ex,1.02,G07,G07D,3.58680675458163
bu,1.03,A61,A61L,3.587827805895358
tq,3.02,C07,C07H,3.588397945044562
tu,3.01,G02,G02C,3.588536679279059
uh,1.03,H05,H05G,3.588884574826807
pu,2.03,F25,F25J,3.588888900820166
pn,1.01,B60,B60T,3.589850461110473
ev,1.02,C02,C02F,3.589873642660677
oa,2.11,A01,A01G,3.589959087781608
wm,5.04,A61,A61M,3.590748373419046
rp,6.04,G05,G05D,3.590909093618393
ij,2.11,F25,F25B,3.590909108519554
le,1.05,H01,H01M,3.592389849480242
su,3.02,G16,G16H,3.592767283320427
pn,1.01,C23,C23C,3.593634177930653
rp,6.04,H01,H01Q,3.593642621301115
im,2.01,G09,G09G,3.593650812283158
dm,3.02,H04,H04J,3.594298265874386
pn,1.01,H05,H05B,3.594546679407358
ye,2.02,A01,A01K,3.595699887257069
id,2.07,E04,E04B,3.595833389088511
ac,2.02,B63,B63H,3.597222244367003
iq,2.02,F25,F25J,3.597619062289596
ec,1.04,C01,C01D,3.597768364474177
ro,1.07,B03,B03B,3.598162712529302
qg,2.05,F16,F16H,3.598251979798079
mm,6.01,B05,B05B,3.598412711173296
zm,1.06,C11,C11B,3.599025995470583
qc,6.02,H04,H04M,3.600000001490116
pq,1.01,H01,H01G,3.600000001490116
et,1.02,A22,A22C,3.600000016391277
oe,5.06,B60,B60R,3.6000000461936
pk,2.05,G06,G06K,3.600325537845492
oa,2.11,H03,H03J,3.600342745892704
ew,1.02,H01,H01B,3.601449296809733
mu,4.01,A23,A23K,3.60209753352683
sa,3.03,G02,G02B,3.602201260626316
bk,6.04,H01,H01J,3.602256920188665
ij,2.11,E02,E02F,3.603584183380008
ea,1.04,A01,A01G,3.60363054368645
rb,2.02,G07,G07C,3.605404658475891
ep,1.02,B01,B01J,3.606324193067849
qa,3.01,G07,G07F,3.606349229812622
ma,3.02,G01,G01S,3.606454286724329
gy,5.02,B42,B42D,3.606748465448618
tc,3.02,G01,G01R,3.606847945135087
dr,1.06,F02,F02D,3.607040244387463
im,2.01,F25,F25B,3.607575863599777
co,1.06,C22,C22B,3.607637839391828
ij,2.11,B60,B60T,3.608333345502615
mu,4.01,B65,B65D,3.609523825347424
rb,2.02,G05,G05G,3.609785380773246
pm,2.05,C11,C11B,3.610249834833667
dy,1.04,F02,F02K,3.611111126840115
we,3.02,G07,G07F,3.611446902155876
le,1.05,C07,C07K,3.61179991409881
rp,6.04,B01,B01L,3.611904764547944
hq,1.04,B03,B03C,3.612084431340918
js,6.04,A61,A61L,3.612373432144523
ia,3.02,C08,C08B,3.612678340636194
da,1.06,H04,H04B,3.612974349875003
ra,2.11,B01,B01D,3.613881655968726
ma,3.02,C23,C23C,3.615877395495772
gu,1.06,B41,B41M,3.616124358959496
uk,1.03,A23,A23L,3.61612946446985
eu,2.02,G09,G09B,3.616282507311553
bk,6.04,A61,A61Q,3.616666678339243
de,1.06,B32,B32B,3.616666682064533
py,3.02,H02,H02P,3.616666682064533
fy,3.02,E04,E04B,3.616666689515114
dx,3.01,B41,B41M,3.617037070915103
tu,3.01,A23,A23P,3.617171729449183
ij,2.11,G01,G01K,3.618620530236512
il,2.07,G05,G05D,3.620186284184456
rz,3.03,G02,G02B,3.620783919468522
vm,5.06,A61,A61K,3.621276267804205
fy,3.02,A61,A61J,3.621543807443231
mm,6.01,G10,G10L,3.621784201823175
pz,2.05,F02,F02D,3.622023820877075
ur,1.01,H03,H03K,3.622858399990946
ub,1.03,A61,A61J,3.623378917109221
bq,6.05,B30,B30B,3.624242439866066
nu,5.08,E01,E01C,3.625
py,3.02,C21,C21D,3.625
if,2.11,F17,F17C,3.625
nu,5.08,A47,A47C,3.625
ad,4.02,G11,G11C,3.625
ii,2.04,D07,D07B,3.625
ua,6.03,H02,H02J,3.625000011175871
yg,6.04,G02,G02B,3.625000014901161
zd,9,B60,B60R,3.625000014901161
fy,3.02,H01,H01M,3.625000014901161
ze,1.06,A61,A61Q,3.625909252557904
et,1.02,B24,B24B,3.625925990287215
wu,5.04,B01,B01J,3.625968852313235
le,1.05,G07,G07C,3.626282055862248
li,3.02,A23,A23L,3.626321671297774
rp,6.04,G09,G09G,3.626736111938953
qq,1.05,H02,H02M,3.626984183676541
iu,2.03,A62,A62D,3.627191578969359
qf,9,B06,B06B,3.627301620319486
bf,5.04,G06,G06T,3.62847030069679
rb,2.02,F16,F16F,3.628629051148891
bq,6.05,H03,H03F,3.629166670143604
ec,1.04,A61,A61N,3.629766256082803
su,3.02,A61,A61J,3.630485985428095
ni,3.01,H01,H01J,3.630720193963498
gu,1.06,C07,C07J,3.631191253662109
qj,2.05,C12,C12N,3.631202247692272
pm,2.05,E04,E04H,3.631395034492016
nu,5.08,C08,C08B,3.631517114117742
dy,1.04,C05,C05F,3.63254592847079
iy,1.06,C05,C05G,3.632905710488558
nu,5.08,B29,B29D,3.633179029449821
ik,2.11,G10,G10L,3.63331772852689
dm,3.02,G03,G03B,3.633333347737789
oa,2.11,C10,C10G,3.633641723077744
ex,1.02,H01,H01F,3.636266448535025
sy,1.03,E06,E06B,3.636388944461942
ev,1.02,G01,G01K,3.637661980465055
fa,2.01,B03,B03C,3.638888962566853
oa,2.11,A41,A41D,3.640804629772902
nu,5.08,G07,G07D,3.640873029828072
om,5.05,C04,C04B,3.640873044729233
uy,1.04,H04,H04B,3.641100243665278
di,5.02,G07,G07G,3.641666688024998
ii,2.04,E06,E06B,3.641666688024998
ga,3.02,C11,C11B,3.641790909692645
ku,5.07,A61,A61B,3.642118312884122
wh,3.02,H04,H04B,3.642857149243355
ne,3.03,B64,B64G,3.642857164144516
oo,3.03,H04,H04N,3.642985176295042
ot,6.02,C09,C09K,3.643602713942528
pu,2.03,B65,B65D,3.643903706688434
ja,1.05,F02,F02C,3.644123940728605
ii,2.04,B42,B42D,3.64417994953692
ac,2.02,F02,F02N,3.644444540143013
im,2.01,B60,B60K,3.644624888896942
ep,1.02,C23,C23C,3.645033697597682
wc,3.03,B25,B25J,3.645072120940313
qh,2.05,G06,G06Q,3.645396296866238
uf,1.03,A23,A23L,3.646809732541442
cq,1.06,C13,C13B,3.647192211821675
ev,1.02,A01,A01G,3.647346430225298
dt,2.03,C22,C22C,3.648230604827404
ju,4.01,C11,C11B,3.649123028852046
ro,1.07,G01,G01W,3.649927299469709
fy,3.02,G01,G01M,3.650000013411045
rt,3.02,B23,B23K,3.651190498843789
wu,5.04,H01,H01J,3.651333807967603
id,2.07,H02,H02G,3.651556789875031
rz,3.03,G09,G09B,3.652047242969275
ub,1.03,C01,C01D,3.652163124643266
dt,2.03,C08,C08G,3.652579898945987
pn,1.01,B82,B82Y,3.653630426153541
ee,1.04,A63,A63F,3.653886561049148
dk,5.02,C08,C08J,3.653968269005418
uu,5.06,C08,C08K,3.654761910438538
ua,6.03,A01,A01N,3.654879625421017
uy,1.04,G03,G03B,3.655402073636651
nu,5.08,C05,C05G,3.65561842918396
es,2.02,C07,C07C,3.655627453234047
ve,3.02,G09,G09G,3.656111155636609
ac,2.02,B21,B21D,3.657671980559826
wm,5.04,B32,B32B,3.658008679747581
mm,6.01,C09,C09J,3.658333346247673
uf,1.03,C08,C08J,3.658622981747612
pq,1.01,B82,B82Y,3.659453489817679
ro,1.07,A01,A01D,3.659722223877907
ni,3.01,F04,F04B,3.659722244367003
qa,3.01,H04,H04M,3.661131905857474
ih,2.07,F25,F25J,3.662037037312984
ac,2.02,F01,F01K,3.662500001490116
zd,9,C12,C12P,3.663597302278504
zq,2.07,C10,C10L,3.663636401295662
hb,5.03,G06,G06T,3.664122942835093
ua,6.03,G07,G07F,3.665481762960553
pm,2.05,B26,B26D,3.665867023635656
id,2.07,A61,A61F,3.666122036986053
uy,1.04,B60,B60J,3.66666666790843
qh,2.05,F16,F16C,3.66666667163372
ii,2.04,F28,F28G,3.66666667163372
rp,6.04,G01,G01L,3.66666667163372
nu,5.08,E04,E04C,3.66666667163372
di,5.02,G09,G09G,3.66666667163372
ne,3.03,F01,F01D,3.66666667163372
id,2.07,F28,F28G,3.66666667163372
rp,6.04,H03,H03M,3.66666667163372
ut,6.02,A61,A61Q,3.66666667163372
di,5.02,C11,C11D,3.666666679084301
ah,4.01,E21,E21B,3.666666679084301
hi,5.01,B29,B29C,3.666666686534882
es,2.02,G07,G07G,3.666666686534882
ne,3.03,B60,B60C,3.666666686534882
nn,3.03,G03,G03G,3.666666686534882
es,2.02,F16,F16C,3.666666686534882
rz,3.03,H05,H05K,3.666666686534882
oz,6.02,B25,B25B,3.666666686534882
ne,3.03,G01,G01F,3.666666686534882
jw,6.02,A61,A61B,3.666666686534882
dk,5.02,H03,H03K,3.666666686534882
rt,3.02,B08,B08B,3.666666686534882
ub,1.03,A41,A41D,3.666666686534882
uy,1.04,B65,B65F,3.666666686534882
ve,3.02,B23,B23Q,3.666666686534882
fa,2.01,C10,C10M,3.666666701436043
ip,2.07,F23,F23D,3.666666731238365
ai,2.03,F15,F15D,3.666666731238365
ik,2.11,G01,G01F,3.666865479201078
ih,2.07,F02,F02C,3.667307714000344
ml,9,C07,C07K,3.668452163808979
vy,3.02,G01,G01P,3.668690739199519
ee,1.04,A24,A24B,3.668708493933082
ry,2.03,B41,B41J,3.66890031285584
yr,2.01,G09,G09G,3.67032259888947
zc,4.03,A23,A23G,3.670436528511345
ya,3.02,C23,C23C,3.670683645643294
dx,3.01,C01,C01B,3.670794694917277
uy,1.04,B81,B81B,3.671349430456758
tq,3.02,G01,G01V,3.671428583562374
dy,1.04,C05,C05C,3.672222232446074
ii,2.04,F41,F41A,3.672222256660461
ja,1.05,F25,F25B,3.672763376496732
ac,2.02,H01,H01S,3.67319755605422
ro,1.07,A62,A62B,3.673484861850739
rq,1.06,A61,A61Q,3.673679664731026
ja,1.05,H01,H01H,3.673809543717653
un,1.03,H01,H01S,3.674634783761576
fi,1.04,H01,H01Q,3.67562314029783
ba,3.02,H04,H04N,3.6768315192312
un,1.03,C07,C07C,3.677249499130994
gc,1.05,G01,G01W,3.677257486619055
sy,1.03,B03,B03C,3.678139002528042
km,1.06,A63,A63F,3.678781532216817
ii,2.04,F16,F16F,3.678818509913981
zq,2.07,C01,C01G,3.67911852709949
su,3.02,G03,G03G,3.679487185087055
nn,3.03,C23,C23C,3.680256435647607
pz,2.05,A01,A01H,3.681159466505051
vy,3.02,C04,C04B,3.681321760639548
sr,2.07,H02,H02J,3.681414863094687
iu,2.03,F42,F42D,3.681547625921667
fe,5.05,A61,A61B,3.681574715301394
ga,3.02,C04,C04B,3.681599971372634
dw,1.04,B41,B41C,3.683187181130052
py,3.02,G02,G02F,3.683285248465836
iq,2.02,E04,E04H,3.683333344757557
ei,1.04,F01,F01K,3.683730250224471
dt,2.03,G01,G01M,3.684409104287624
ep,1.02,H01,H01H,3.684431846253574
wm,5.04,A61,A61Q,3.685244401916862
ja,1.05,C08,C08B,3.685271531110629
ep,1.02,C02,C02F,3.686111140996218
qg,2.05,B29,B29D,3.686344171874225
pq,1.01,A63,A63F,3.686742469668388
ub,1.03,B23,B23Q,3.686868712306023
xy,1.01,E21,E21B,3.687218079343438
ev,1.02,G01,G01L,3.687490697950125
le,1.05,G08,G08G,3.687995121348649
bp,6.04,C09,C09D,3.688888899981976
pq,1.01,G02,G02F,3.689044304192066
pq,1.01,H01,H01F,3.689393945038319
cq,1.06,H01,H01R,3.689484167844057
ub,1.03,B29,B29B,3.690026468597353
op,3.03,G06,G06Q,3.69018746027723
wc,3.03,A01,A01N,3.690443931147456
zc,4.03,A23,A23C,3.690678743645549
es,2.02,F21,F21K,3.691414143890142
ac,2.02,F02,F02P,3.691666714847088
hq,1.04,A61,A61Q,3.691910214722157
da,1.06,G02,G02F,3.692122303880751
hy,1.06,C07,C07C,3.692399689694867
hy,1.06,A61,A61F,3.692680604057387
ds,3.02,C07,C07H,3.692744537256658
ro,1.07,G21,G21G,3.692818228155375
if,2.11,A61,A61H,3.693443878553808
tu,3.01,G01,G01K,3.693472237791866
qe,2.09,C11,C11D,3.693631494184956
et,1.02,F16,F16K,3.69404766894877
ih,2.07,F02,F02D,3.694119842723012
xw,3.03,C08,C08L,3.694232125300914
ne,3.03,F16,F16F,3.694444455206394
io,2.07,E02,E02B,3.694444470107555
jy,4.05,A01,A01C,3.694729990791529
ra,2.11,A23,A23C,3.695123130455613
if,2.11,B21,B21B,3.69533731136471
qg,2.05,F24,F24S,3.696949918754399
py,3.02,G01,G01D,3.696969717741013
uf,1.03,H01,H01P,3.696982781402767
ga,3.02,G16,G16H,3.697283926187083
pm,2.05,F23,F23L,3.69791666790843
nn,3.03,G01,G01R,3.698199384845793
er,1.02,H04,H04S,3.698842629091814
we,3.02,A63,A63B,3.699404768180102
le,1.05,A01,A01G,3.699630258604884
vi,5.01,G03,G03F,3.700000002980232
fy,3.02,H03,H03K,3.700000002980232
ve,3.02,H01,H01Q,3.700000002980232
ui,1.03,G10,G10D,3.700000002980232
om,5.05,G01,G01C,3.700250629335642
dr,1.06,B65,B65D,3.700452210847288
cl,9,A61,A61M,3.700610325671732
jy,4.05,D01,D01F,3.700637237168849
pm,2.05,H05,H05G,3.70091163367033
ut,6.02,C09,C09K,3.701052198186517
zq,2.07,C21,C21B,3.701953681185842
ne,3.03,F02,F02C,3.703125006053597
tu,3.01,A22,A22C,3.703333331272006
un,1.03,C10,C10G,3.70340251061134
tu,3.01,C13,C13K,3.704894765280187
de,1.06,G01,G01R,3.705023150891066
nq,5.01,A63,A63B,3.705232670530677
ju,4.01,E21,E21B,3.705357151106
et,1.02,A23,A23D,3.705494524911046
pn,1.01,F16,F16C,3.705555567517877
et,1.02,G09,G09F,3.705906935036182
ee,1.04,A01,A01H,3.707255627028644
sa,3.03,C09,C09D,3.707515858113766
uu,5.06,A61,A61G,3.70833333581686
bp,6.04,G09,G09B,3.708333343267441
ep,1.02,E04,E04B,3.708333365619183
ja,1.05,C25,C25C,3.709150365553796
db,2.08,G01,G01K,3.709686932619661
ac,2.02,A61,A61C,3.709895128384233
ro,1.07,E21,E21C,3.710144933313131
ph,6.02,G06,G06Q,3.71031747572124
ub,1.03,A23,A23L,3.710629866458476
ja,1.05,G06,G06N,3.711065357550979
ep,1.02,B42,B42D,3.711516411043704
qu,1.06,A24,A24B,3.712147293612361
py,3.02,C12,C12M,3.712546769529581
dw,1.04,C05,C05G,3.712869963608682
za,3.02,A61,A61Q,3.712969684507698
et,1.02,H03,H03D,3.713154280092567
tq,3.02,A23,A23J,3.713628639467061
ff,3.02,G06,G06K,3.715176559984684
co,1.06,C10,C10L,3.715656034299172
ub,1.03,G06,G06G,3.715921609895304
co,1.06,C10,C10M,3.7164336014539
pq,1.01,G01,G01L,3.716666672378778
qq,1.05,C08,C08G,3.716881514061242
if,2.11,B65,B65G,3.717261917889118
ew,1.02,B08,B08B,3.71835692320019
ip,2.07,B08,B08B,3.718407364562154
fa,2.01,H04,H04N,3.719404798932374
pn,1.01,C08,C08F,3.719689306803048
we,3.02,H01,H01M,3.721428580582142
rp,6.04,C01,C01B,3.722222227603197
ev,1.02,B60,B60C,3.722222244367003
im,2.01,E03,E03F,3.72222226858139
xw,3.03,B60,B60R,3.722222324460745
qu,1.06,A01,A01C,3.723202858585864
qf,9,G21,G21K,3.723387774080038
ei,1.04,F16,F16K,3.724731937050819
yi,6.03,G01,G01R,3.725000038743019
wq,5.01,A61,A61K,3.725205485709012
sa,3.03,C02,C02F,3.725585038773715
py,3.02,H03,H03M,3.726078033447266
js,6.04,B65,B65D,3.726190522313118
ga,3.02,C09,C09K,3.727233619429171
dy,1.04,E04,E04F,3.727777801454067
im,2.01,B09,B09B,3.728185415267944
sr,2.07,H01,H01P,3.728425669949502
ui,1.03,B63,B63B,3.728571431711316
ik,2.11,C09,C09J,3.728571461513638
ik,2.11,C01,C01B,3.729070129804313
om,5.05,B64,B64C,3.72916667163372
qg,2.05,H01,H01Q,3.729172939900309
mc,1.06,G01,G01S,3.729380861506797
qf,9,B81,B81B,3.729396074777469
xw,3.03,G02,G02B,3.729995868168771
ik,2.11,C03,C03C,3.730421046726406
oz,6.02,B24,B24B,3.731589153409004
uk,1.03,F28,F28F,3.731777729000896
pk,2.05,C09,C09G,3.73179273493588
rb,2.02,A63,A63H,3.732203952036798
ga,3.02,C08,C08J,3.732204479631037
bp,6.04,F16,F16C,3.733333341777325
pm,2.05,G08,G08G,3.733333371579647
es,2.02,C12,C12Q,3.733703269041143
zq,2.07,G05,G05B,3.734045572578907
eq,3.01,A63,A63F,3.73447679169476
iq,2.02,B26,B26F,3.734523857012391
dq,9,G08,G08B,3.734785935375839
wc,3.03,A43,A43D,3.735119048506022
ig,2.06,D06,D06M,3.735533960163593
et,1.02,B60,B60T,3.736111138015985
zq,2.07,H01,H01J,3.736287935636938
iu,2.03,B28,B28B,3.736666698008776
gy,5.02,G01,G01C,3.737010956741869
jy,4.05,G11,G11B,3.737295455764979
uu,5.06,B62,B62D,3.738095246255398
ru,3.01,C08,C08J,3.738095266046003
pu,2.03,B60,B60R,3.73809526860714
yy,5.07,A61,A61F,3.738175621023402
ub,1.03,C07,C07H,3.738488576607779
ea,1.04,C23,C23F,3.738855438772589
ii,2.04,G08,G08B,3.740279382094741
su,3.02,G01,G01R,3.740367467515171
ei,1.04,H03,H03H,3.74037825060077
cu,1.06,B01,B01J,3.741187601815909
uy,1.04,G05,G05D,3.742523662745953
pe,5.02,A61,A61N,3.742544709471986
ha,5.03,B41,B41J,3.742857161909342
pa,6.02,A01,A01H,3.743624234572053
rp,6.04,G01,G01B,3.743697484955192
ns,2.01,H01,H01R,3.743784249760211
ga,3.02,B41,B41J,3.74404764175415
db,2.08,H01,H01G,3.744418378453702
ia,3.02,G10,G10L,3.744526147842407
rt,3.02,G08,G08B,3.745463522151113
ep,1.02,H01,H01R,3.745522136799991
ve,3.02,G01,G01C,3.745915076695383
fa,2.01,C23,C23F,3.746031776070595
sy,1.03,G21,G21G,3.747096018865705
ec,1.04,D06,D06M,3.747111938893795
fy,3.02,A46,A46D,3.75
bk,6.04,B65,B65G,3.75
py,3.02,B23,B23B,3.75
ne,3.03,F41,F41A,3.75
bp,6.04,F16,F16F,3.75
rz,3.03,E05,E05B,3.75
vj,5.01,F16,F16H,3.75
mq,6.01,G01,G01P,3.75
ew,1.02,G21,G21F,3.75
bq,6.05,G08,G08B,3.75
rp,6.04,B41,B41F,3.75
zm,1.06,C10,C10G,3.75
eu,2.02,B65,B65D,3.75
tu,3.01,B30,B30B,3.75
ut,6.02,C09,C09D,3.75
js,6.04,G03,G03C,3.75
oa,2.11,B67,B67D,3.750000007450581
ya,3.02,G01,G01K,3.750000010244548
mm,6.01,G08,G08B,3.750000014901161
zc,4.03,G09,G09G,3.750000014901161
pk,2.05,E04,E04B,3.750000014901161
oe,5.06,C09,C09K,3.750000014901161
uu,5.06,B67,B67D,3.750000014901161
ha,5.03,B01,B01D,3.750000022351742
ot,6.02,A61,A61C,3.750000029802322
nu,5.08,F03,F03D,3.750000029802322
ga,3.02,G03,G03B,3.750000035390258
im,2.01,G01,G01F,3.750976327806711
pi,1.06,G06,G06T,3.75133756827563
ip,2.07,C23,C23C,3.751388911157846
uh,1.03,G01,G01K,3.751951400656253
im,2.01,C23,C23C,3.752296848222613
am,4.01,C08,C08K,3.752380967140198
gy,5.02,G05,G05D,3.753983567934483
ev,1.02,B60,B60W,3.754433110356331
vp,3.03,H04,H04L,3.755555558949709
if,2.11,B41,B41M,3.75583335198462
uk,1.03,A61,A61Q,3.756622288841754
ja,1.05,F04,F04D,3.756802720949054
ha,5.03,C08,C08G,3.757575783878565
ry,2.03,F28,F28D,3.757703138515353
tu,3.01,B08,B08B,3.757841101847589
wy,5.04,A61,A61F,3.759274706244469
dq,9,C12,C12P,3.759301777812652
pz,2.05,C09,C09J,3.75966536719352
qq,1.05,H03,H03K,3.761375670321286
db,2.08,G10,G10L,3.761553918011487
ji,5.01,G09,G09G,3.761608073487878
ne,3.03,H02,H02P,3.763690484687686
hq,1.04,G21,G21C,3.764294907450676
rt,3.02,H02,H02J,3.764899019151926
mc,1.06,H04,H04M,3.765788859687746
dy,1.04,F16,F16H,3.766666673123837
wu,5.04,H05,H05B,3.76666671782732
pi,1.06,A01,A01M,3.76666672155261
yg,6.04,G01,G01R,3.767099622637033
pu,2.03,F01,F01N,3.767261940985918
hi,5.01,H04,H04N,3.767361068166792
fy,3.02,H05,H05B,3.767543859779835
tq,3.02,C04,C04B,3.767857164144516
iq,2.02,G21,G21B,3.769013033714145
gy,5.02,G05,G05F,3.770681841298938
iq,2.02,C25,C25F,3.770942677045241
ih,2.07,C10,C10B,3.771314608864486
dm,3.02,G05,G05D,3.771401531994343
ua,6.03,G01,G01C,3.771739138290286
ij,2.11,C03,C03C,3.772690769284964
ct,9,A01,A01K,3.772845507832244
ma,3.02,C04,C04B,3.775299181463197
ki,3.02,C08,C08B,3.775415110401809
im,2.01,H04,H04M,3.775478549301624
bm,5.07,H04,H04M,3.775574723258615
tm,3.01,C08,C08B,3.776986761949956
vy,3.02,H01,H01S,3.777246399782598
db,2.08,A61,A61J,3.777631193865091
ea,1.04,F16,F16H,3.777777798473835
qh,2.05,G05,G05B,3.777777813374996
eq,3.01,G03,G03G,3.77777785807848
yr,2.01,H04,H04R,3.778749531134963
et,1.02,B65,B65H,3.779166717082262
sd,3.02,H01,H01J,3.779914535582066
vy,3.02,H01,H01P,3.780105453915894
pm,2.05,B21,B21H,3.780303038656712
re,1.05,B32,B32B,3.781385336071253
ii,2.04,H02,H02S,3.781477646902204
iq,2.02,F17,F17D,3.78167993016541
ru,3.01,H03,H03F,3.781758671626449
ja,1.05,C21,C21B,3.783760698512197
ga,3.02,G01,G01B,3.783862915355712
dx,3.01,G01,G01R,3.783926448086277
km,1.06,C08,C08F,3.784971602028236
ns,2.01,G01,G01V,3.785159692168236
ya,3.02,G02,G02F,3.785251375287771
ro,1.07,E02,E02D,3.785353548824787
ct,9,A01,A01N,3.785592528758571
ha,5.03,C12,C12N,3.785612466279417
yi,6.03,H01,H01M,3.786018332466483
ah,4.01,A61,A61B,3.788294170750305
ep,1.02,G01,G01H,3.7885916037485
iq,2.02,C22,C22B,3.788890752010047
ht,1.06,H04,H04L,3.789069863967597
uh,1.03,C06,C06B,3.79013113444671
dy,1.04,H02,H02S,3.791221545310691
oz,6.02,C10,C10G,3.791666679084301
iq,2.02,F23,F23C,3.791666679084301
pn,1.01,E04,E04B,3.791666686534882
pu,2.03,F21,F21V,3.792741644661874
py,3.02,B65,B65H,3.793055564165115
qf,9,A61,A61M,3.793687536381185
uk,1.03,B42,B42D,3.793735004961491
pc,5.02,H02,H02M,3.793835774064064
ro,1.07,A24,A24D,3.793942730873823
ep,1.02,B01,B01D,3.793947721133009
iu,2.03,G01,G01T,3.794065160676837
ew,1.02,B64,B64C,3.794444471597672
ru,3.01,B41,B41J,3.794996708631516
ve,3.02,B01,B01D,3.796135049313307
ea,1.04,C08,C08C,3.796944458968937
we,3.02,G11,G11B,3.797619048506022
mm,6.01,A47,A47B,3.797619059681892
ew,1.02,A47,A47C,3.798514476045966
ii,2.04,A23,A23P,3.799277444370091
nu,5.08,F28,F28F,3.800000000745058
dw,1.04,G07,G07F,3.800000008195639
uk,1.03,B06,B06B,3.800097460858524
jy,4.05,G01,G01F,3.800347227603197
yr,2.01,E21,E21B,3.800687379203737
pm,2.05,G21,G21G,3.800869731232524
ry,2.03,G21,G21H,3.802380975335836
pa,6.02,B41,B41M,3.802631579339504
ad,4.02,H04,H04N,3.803240746259689
ii,2.04,D06,D06F,3.803431414067745
xw,3.03,A63,A63C,3.803571447730064
iq,2.02,B62,B62M,3.804166682064533
ex,1.02,G01,G01L,3.804618090391159
tq,3.02,C02,C02F,3.804665258154273
uf,1.03,H02,H02J,3.804824566468596
pu,2.03,B23,B23D,3.805555561557412
ja,1.05,E02,E02B,3.805820170789957
id,2.07,F02,F02G,3.805952403694391
dr,1.06,H02,H02J,3.808061024174094
bk,6.04,H02,H02M,3.808823529630899
up,1.03,G01,G01J,3.808977627661079
ze,1.06,C12,C12Y,3.810060382355005
zd,9,B05,B05D,3.810060654766858
mq,6.01,A01,A01H,3.810144986957312
yi,6.03,G01,G01V,3.81122948974371
km,1.06,B29,B29C,3.811327599454671
id,2.07,B03,B03C,3.813592854887247
ru,3.01,H03,H03K,3.814927285071462
aa,1.03,G11,G11C,3.815607336349785
pu,2.03,H01,H01S,3.816646128427237
jb,5.07,E04,E04D,3.816666670143604
ii,2.04,E02,E02F,3.816666677594185
uy,1.04,H04,H04W,3.81775798369199
vx,5.01,A61,A61M,3.817809509579092
dk,5.02,G03,G03F,3.817982476204634
hq,1.04,B41,B41M,3.818192079663277
lj,3.02,C07,C07D,3.820920924656093
cl,9,G06,G06K,3.821247118525207
ev,1.02,G02,G02F,3.823089729063213
pj,2.05,G01,G01B,3.825000010430813
oy,9,C09,C09J,3.825000032782555
dt,2.03,B65,B65D,3.825458956649527
ja,1.05,A62,A62B,3.82575761526823
ha,5.03,C22,C22C,3.829004354774952
py,3.02,G01,G01P,3.82919254899025
pc,5.02,H01,H01Q,3.830158740282059
ja,1.05,G01,G01P,3.830629663541913
ja,1.05,B08,B08B,3.830657158978283
uu,5.06,H01,H01M,3.830793660134077
we,3.02,H04,H04B,3.830952387303114
dy,1.04,F24,F24S,3.830952415708452
py,3.02,C11,C11B,3.831014000810683
zk,9,G07,G07F,3.831168871372938
ue,2.11,A63,A63B,3.831785764545202
dy,1.04,B41,B41F,3.832539739087224
bp,6.04,G09,G09F,3.83333333581686
nu,5.08,A43,A43B,3.83333333581686
zr,1.05,G01,G01L,3.833333343267441
oz,6.02,B62,B62M,3.833333343267441
bk,6.04,C08,C08G,3.833333343267441
py,3.02,B41,B41F,3.833333343267441
dy,1.04,B63,B63H,3.833333343267441
zr,1.05,B60,B60C,3.833333343267441
yg,6.04,G06,G06K,3.833333343267441
rp,6.04,H03,H03L,3.833333343267441
xa,5.04,B65,B65G,3.833333343267441
uu,5.06,B63,B63B,3.833333343267441
rp,6.04,A23,A23G,3.833333343267441
ru,3.01,E04,E04F,3.833333343267441
vj,5.01,C08,C08L,3.833333343267441
nu,5.08,B60,B60P,3.833333343267441
yg,6.04,C09,C09B,3.833333343267441
py,3.02,B24,B24D,3.833333343267441
om,5.05,A61,A61H,3.833333343267441
pa,6.02,F04,F04C,3.833333343267441
tu,3.01,E04,E04H,3.833333343267441
dy,1.04,A22,A22C,3.833333343267441
fs,6.04,G01,G01S,3.833333343267441
uu,5.06,E04,E04B,3.833333343267441
gy,5.02,C11,C11D,3.833333358168602
gy,5.02,H01,H01B,3.833333358168602
yi,6.03,H01,H01R,3.833333373069763
rp,6.04,F42,F42B,3.833333373069763
ha,5.03,B65,B65G,3.833333387970924
wm,5.04,B01,B01J,3.833578712539747
ya,3.02,G08,G08B,3.833816399797797
ve,3.02,H04,H04R,3.834040747024119
fi,1.04,B22,B22D,3.835527631919831
ij,2.11,C25,C25D,3.835617216303945
ac,2.02,B82,B82Y,3.835859679733403
om,5.05,G10,G10L,3.835925055667758
bp,6.04,G01,G01S,3.83611111342907
ze,1.06,H04,H04N,3.836375413928181
if,2.11,B66,B66B,3.837878808379173
zr,1.05,G01,G01W,3.838293716311455
pt,3.03,G10,G10L,3.838690527714789
fu,5.04,H04,H04L,3.838888913393021
js,6.04,C22,C22C,3.838935585692525
ry,2.03,B25,B25J,3.840277783572674
ki,3.02,G02,G02F,3.840579720214009
eu,2.02,H02,H02J,3.841252368874848
gu,1.06,H01,H01F,3.842676792293787
qa,3.01,E21,E21B,3.843145780265331
uk,1.03,H04,H04Q,3.843272460624576
bk,6.04,G01,G01C,3.84469697996974
ii,2.04,E04,E04C,3.845175456255674
yp,3.02,F16,F16C,3.845410643145442
dx,3.01,G03,G03F,3.845911915879697
js,6.04,C01,C01B,3.846536808647215
da,1.06,C30,C30B,3.847010582219809
ma,3.02,C08,C08J,3.848193500656635
uu,5.06,B41,B41J,3.848809536546469
nu,5.08,G21,G21F,3.850000001490116
ua,6.03,H04,H04Q,3.850000016391277
ad,4.02,H04,H04W,3.850000016391277
tq,3.02,G07,G07F,3.850113819353282
sy,1.03,B62,B62D,3.850747154094279
im,2.01,G01,G01D,3.851554474560544
et,1.02,B60,B60K,3.851921045221388
da,1.06,G01,G01C,3.854156862944365
ry,2.03,F01,F01D,3.854166690260172
ga,3.02,C08,C08G,3.854295830707997
ig,2.06,H02,H02K,3.854339990764856
dy,1.04,C06,C06D,3.855555582791567
ai,2.03,C09,C09D,3.8563950099051
wu,5.04,B01,B01L,3.856944471597672
dt,2.03,G21,G21C,3.856944492086768
js,6.04,H05,H05B,3.857142884284258
ew,1.02,A23,A23G,3.857839711010456
fi,1.04,B22,B22F,3.857848551124334
wm,5.04,A63,A63F,3.858664100989699
vj,5.01,C08,C08G,3.860317476093769
oa,2.11,B41,B41F,3.861111121252179
ii,2.04,F16,F16B,3.861111121252179
ew,1.02,H02,H02H,3.861111139878631
ei,1.04,G03,G03B,3.86153147299774
ew,1.02,F41,F41G,3.861805569380522
uf,1.03,F01,F01D,3.86257142201066
vi,5.01,G01,G01R,3.862717747688293
ih,2.07,B29,B29C,3.863073647022247
iq,2.02,F04,F04C,3.86309526860714
ig,2.06,C02,C02F,3.863918949384242
ii,2.04,B23,B23P,3.864021170884371
di,5.02,H01,H01H,3.864583343267441
wf,1.06,G02,G02B,3.865277825389057
ka,4.01,C08,C08F,3.865319866687059
qe,2.09,G06,G06F,3.865460118744522
yo,3.01,G05,G05B,3.866012795362622
ia,3.02,H01,H01Q,3.866666674613953
bp,6.04,G08,G08B,3.866666704416275
yr,2.01,B65,B65G,3.866666719317436
db,2.08,H01,H01B,3.866821638657711
ma,3.02,A61,A61H,3.866981844417751
um,3.01,G09,G09B,3.866986049804837
ds,3.02,A61,A61Q,3.867265006061643
hq,1.04,F28,F28F,3.867458993569016
om,5.05,A01,A01K,3.868165055289865
ma,3.02,E21,E21B,3.869067057967186
id,2.07,B09,B09C,3.869103662669659
rt,3.02,G10,G10L,3.86987725365907
gy,5.02,H01,H01Q,3.870000001043081
sa,3.03,G06,G06T,3.870456879027188
yo,3.01,A23,A23G,3.870828944724053
dx,3.01,G03,G03C,3.871296329423785
td,3.02,G06,G06T,3.871344767510891
uy,1.04,B03,B03D,3.871367536485195
dw,1.04,A41,A41D,3.871527788229287
dy,1.04,G10,G10L,3.871764356270432
oz,6.02,F16,F16K,3.871794883161783
aa,1.03,B01,B01F,3.87314912956208
iu,2.03,B04,B04B,3.873611114919186
pi,1.06,A61,A61L,3.87468781368807
dr,1.06,G02,G02F,3.874839267227799
gm,3.03,H04,H04N,3.875000011175871
ve,3.02,C08,C08K,3.875000026077032
ds,3.02,H04,H04W,3.875472504645586
ac,2.02,B24,B24B,3.877240115310997
ro,1.07,H01,H01C,3.877901505678892
xq,2.11,G09,G09B,3.878248688299209
am,4.01,C09,C09K,3.878757387865335
nu,5.08,C11,C11C,3.879102519247681
rt,3.02,B25,B25J,3.879138673655689
iq,2.02,D03,D03D,3.88055557012558
ua,6.03,C09,C09J,3.880772028118372
pq,1.01,F02,F02D,3.880952391773462
dt,2.03,C06,C06B,3.881640678737313
dy,1.04,G01,G01P,3.882337105460465
ds,3.02,H04,H04N,3.882545740809292
fi,1.04,C12,C12Q,3.88333287963178
iu,2.03,C22,C22B,3.883333342149854
il,2.07,H04,H04N,3.884378019720316
id,2.07,D01,D01F,3.88453073753044
oz,6.02,H01,H01S,3.885027500800788
ew,1.02,C10,C10G,3.885067614261061
dy,1.04,F02,F02B,3.885317474603653
ka,4.01,C02,C02F,3.887037046253681
et,1.02,H03,H03J,3.887147716246545
vy,3.02,C08,C08K,3.888333344832063
xy,1.01,C07,C07D,3.888656912255101
oa,2.11,F15,F15C,3.889071006793529
ik,2.11,H02,H02P,3.889174834825099
yg,6.04,C07,C07K,3.889975446742028
bu,1.03,H01,H01S,3.89005265943706
rb,2.02,B60,B60Q,3.890567705966532
hb,5.03,G05,G05B,3.890643311664462
iu,2.03,A62,A62C,3.891111122444272
js,6.04,H03,H03M,3.891438079997897
uf,1.03,C09,C09D,3.891467734239995
ba,3.02,C07,C07F,3.891613385407254
im,2.01,C08,C08G,3.89166671037674
ur,1.01,H01,H01S,3.892427791375667
re,1.05,A44,A44C,3.892857156693935
xw,3.03,G11,G11C,3.893162403255701
mc,1.06,H01,H01L,3.893469245405868
pm,2.05,C21,C21B,3.893752569332719
hl,3.03,G01,G01R,3.894139212323353
ia,3.02,C08,C08J,3.894574129488319
mu,4.01,H01,H01L,3.895417655352503
ve,3.02,G02,G02C,3.896367521956563
ga,3.02,B32,B32B,3.896426335908473
ot,6.02,G07,G07F,3.896812949329615
vy,3.02,H01,H01M,3.897534905467182
dy,1.04,F24,F24F,3.898459414020181
js,6.04,C22,C22B,3.900000005960464
pz,2.05,F23,F23D,3.900000013411045
qh,2.05,D21,D21H,3.900223018601537
ui,1.03,G21,G21G,3.901106970384717
ei,1.04,F03,F03G,3.901614830130711
hf,6.03,E21,E21B,3.901986939832568
pa,6.02,C10,C10L,3.902202853001654
oa,2.11,G04,G04G,3.903373047709465
zr,1.05,G01,G01F,3.903954647481441
wm,5.04,H01,H01H,3.904071785509586
dr,1.06,G07,G07D,3.905072478577495
xe,4.01,A01,A01H,3.905243016779423
re,1.05,G06,G06Q,3.906013296917081
iu,2.03,E06,E06B,3.906617651693523
km,1.06,H05,H05K,3.906755460891873
td,3.02,H04,H04W,3.907142886891961
gc,1.05,G01,G01T,3.908333356957883
ki,3.02,B32,B32B,3.908888902515173
ka,4.01,H05,H05K,3.910256423056126
dw,1.04,B23,B23K,3.910691399360076
un,1.03,G02,G02B,3.911734987981617
dt,2.03,G11,G11B,3.912250265479088
zd,9,G01,G01L,3.912695273756981
ot,6.02,C08,C08J,3.913095247000456
rt,3.02,H01,H01S,3.913858506362885
ac,2.02,H01,H01R,3.914195921272039
vy,3.02,B08,B08B,3.914502169936895
fy,3.02,C08,C08K,3.91520472150296
vy,3.02,C09,C09D,3.915866126306355
ro,1.07,F41,F41G,3.916129052639008
js,6.04,C23,C23C,3.916407246142626
ia,3.02,D06,D06M,3.91666666790843
ew,1.02,E04,E04H,3.91666667163372
oe,5.06,G08,G08B,3.91666667163372
oy,9,G02,G02F,3.91666667163372
zd,9,H02,H02J,3.91666667163372
bp,6.04,H02,H02J,3.916666686534882
mm,6.01,H02,H02P,3.916666686534882
ai,2.03,G21,G21C,3.916666693985462
di,5.02,H05,H05K,3.916666701436043
ru,3.01,E06,E06B,3.916666701436043
oa,2.11,F41,F41H,3.917529474943876
oy,9,C08,C08F,3.917842652648687
aa,1.03,A61,A61H,3.918135731481016
ii,2.04,F02,F02P,3.918357532238588
ia,3.02,B32,B32B,3.919023588299751
ji,5.01,G11,G11B,3.919033231213689
pj,2.05,B05,B05D,3.919444475322962
dr,1.06,C11,C11B,3.919449682929553
ei,1.04,H03,H03M,3.919889866840094
et,1.02,A45,A45D,3.920634936541319
yi,6.03,A63,A63F,3.92063494771719
yg,6.04,G11,G11C,3.921471485868096
dx,3.01,A61,A61J,3.921718730591238
xw,3.03,B32,B32B,3.923076928127557
pm,2.05,C07,C07B,3.923342505469918
js,6.04,A23,A23L,3.923414317891002
cq,1.06,H01,H01F,3.924031707691029
qq,1.05,B82,B82Y,3.924516049446538
ep,1.02,F01,F01N,3.925000004470348
if,2.11,D06,D06F,3.925000015646219
ik,2.11,B05,B05D,3.925018168054521
up,1.03,C04,C04B,3.925595250912011
dm,3.02,H03,H03K,3.927097287494689
de,1.06,E21,E21B,3.927350454032421
ep,1.02,F24,F24S,3.928571456111968
xq,2.11,G01,G01K,3.929083360824734
fa,2.01,E02,E02D,3.929861143231392
qj,2.05,G11,G11B,3.930680921301246
pm,2.05,A23,A23B,3.93149808049202
uu,5.06,G01,G01V,3.932196997106075
ep,1.02,A23,A23L,3.932945171371102
wc,3.03,E21,E21B,3.933333344757557
ra,2.11,A01,A01N,3.933535490185022
si,1.05,H02,H02J,3.934523835778236
za,3.02,G16,G16H,3.937250947346911
iq,2.02,F23,F23D,3.937500016763806
wu,5.04,H02,H02M,3.93897670507431
ru,3.01,G01,G01D,3.939499955624342
pu,2.03,B23,B23B,3.939682558178902
nu,5.08,F25,F25B,3.940476210787892
ew,1.02,F16,F16H,3.941666703671217
ad,4.02,C11,C11D,3.942518543452024
tq,3.02,C12,C12Y,3.942578556016088
ev,1.02,C04,C04B,3.94383927132003
bq,6.05,A47,A47C,3.944444455206394
ui,1.03,G01,G01H,3.944485971704125
cn,5.01,C12,C12N,3.945381019962952
dq,9,H04,H04R,3.946045645046979
tm,3.01,H01,H01J,3.948502230923623
di,5.02,C07,C07C,3.949054654687643
ti,9,G06,G06Q,3.949357273988426
ia,3.02,C01,C01B,3.949458938091993
ii,2.04,E03,E03B,3.950000002980232
id,2.07,F24,F24H,3.950000040233135
rb,2.02,H04,H04R,3.950300203170627
qa,3.01,H04,H04B,3.950882316101342
su,3.02,B01,B01D,3.950963689479977
ns,2.01,H04,H04M,3.951328553259373
km,1.06,H01,H01M,3.951550339814276
uh,1.03,A61,A61F,3.951630613300949
wu,5.04,G03,G03F,3.951923102140427
ai,2.03,A61,A61L,3.951977556105703
iy,1.06,C07,C07H,3.952234284486622
td,3.02,G09,G09B,3.953081805724651
km,1.06,A23,A23C,3.953214502427727
qh,2.05,C09,C09C,3.953394858166575
pj,2.05,A01,A01H,3.953464843798429
tu,3.01,B62,B62D,3.955128211528063
gc,1.05,A61,A61Q,3.955555561929941
ik,2.11,A61,A61M,3.955721980659291
tu,3.01,H02,H02J,3.955798575654626
ei,1.04,G01,G01F,3.955885160714388
xy,1.01,G01,G01M,3.956481515895575
if,2.11,F02,F02K,3.957539724186063
aa,1.03,H05,H05B,3.95797260850668
zd,9,H05,H05B,3.958333343267441
pa,6.02,F16,F16L,3.958333343267441
rt,3.02,H02,H02P,3.958333358168602
qf,9,B81,B81C,3.95873789023608
eu,2.02,C07,C07D,3.958821773529053
pq,1.01,C09,C09K,3.959424611181021
qu,1.06,G05,G05B,3.959518919233233
dq,9,B05,B05D,3.959739526733756
ku,5.07,H04,H04N,3.961267518810928
es,2.02,B01,B01L,3.961488477885723
pt,3.03,G05,G05B,3.96153452154249
qh,2.05,B22,B22F,3.962017763406038
mm,6.01,A01,A01H,3.962601092644036
zd,9,H02,H02M,3.963918853551149
ac,2.02,F02,F02M,3.964242450892925
pu,2.03,G06,G06N,3.964462185744196
ve,3.02,B60,B60K,3.9661835860461
tu,3.01,G01,G01B,3.967927565565333
ij,2.11,G01,G01D,3.970217612572014
if,2.11,F16,F16B,3.970454555004835
dr,1.06,A23,A23G,3.970580359455198
yr,2.01,B29,B29C,3.972201984375715
qq,1.05,B64,B64C,3.972222242504358
dk,5.02,B82,B82Y,3.972225651377812
ha,5.03,B01,B01J,3.972667385824025
qq,1.05,C01,C01B,3.974161979276687
rz,3.03,G06,G06T,3.975000018253922
pd,6.02,B65,B65H,3.975000023841858
pa,6.02,G06,G06N,3.975631345063448
yr,2.01,H02,H02K,3.975634089671075
ev,1.02,H05,H05B,3.977777790278196
gc,1.05,B06,B06B,3.979166686534882
uy,1.04,G01,G01S,3.979801110457629
ev,1.02,E02,E02F,3.980699941515923
ui,1.03,F03,F03G,3.981719764415175
si,1.05,C12,C12P,3.982786753214896
sr,2.07,G01,G01T,3.982858855742961
ui,1.03,F16,F16K,3.983328681439161
om,5.05,C07,C07C,3.983543433714658
es,2.02,C30,C30B,3.983721380587667
un,1.03,G03,G03F,3.983761916402727
es,2.02,B24,B24B,3.984138815663755
uf,1.03,H03,H03B,3.984841956757009
pz,2.05,F16,F16K,3.985266836360097
ff,3.02,G09,G09B,3.985555557534099
ii,2.04,B21,B21B,3.985714297741652
ii,2.04,B41,B41F,3.985714323818684
vx,5.01,H04,H04M,3.986166222020984
iq,2.02,C12,C12P,3.986265067826025
et,1.02,C01,C01G,3.987058084458113
ns,2.01,G05,G05D,3.987614784622565
ye,2.02,B81,B81C,3.988170376978815
rp,6.04,A61,A61N,3.988335225731134
xq,2.11,B29,B29C,3.989311542361975
bq,6.05,C07,C07F,3.989400934427977
pq,1.01,B01,B01J,3.989499627845362
yo,3.01,H01,H01J,3.989969000220299
pu,2.03,F24,F24F,3.99138659844175
pc,5.02,B32,B32B,3.992063539102674
xa,5.04,G06,G06K,3.992211068281904
sr,2.07,H04,H04Q,3.992222251370549
co,1.06,C08,C08K,3.992586202919483
ai,2.03,E02,E02F,3.993589766323566
ea,1.04,A01,A01H,3.99368891492486
db,2.08,B27,B27K,3.995321644470096
ei,1.04,B41,B41F,3.99642860610038
ec,1.04,H05,H05K,3.997045398689806
yo,3.01,B29,B29C,3.997672108002007
js,6.04,G11,G11C,3.998106088489294
ea,1.04,F24,F24F,3.998243476264179
am,4.01,A23,A23C,3.998784901574254
qj,2.05,D02,D02J,4
mu,4.01,H01,H01M,4
zc,4.03,H02,H02G,4
yg,6.04,F24,F24C,4
nu,5.08,A01,A01B,4
iy,1.06,A47,A47J,4
cq,1.06,F41,F41G,4
nu,5.08,B42,B42F,4
bp,6.04,A61,A61H,4
nu,5.08,B06,B06B,4
ut,6.02,F16,F16H,4
zc,4.03,G08,G08G,4
dk,5.02,F16,F16L,4
oz,6.02,B62,B62J,4
bk,6.04,B82,B82Y,4
bq,6.05,A47,A47G,4
yi,6.03,B62,B62K,4
tc,3.02,B41,B41J,4
mm,6.01,G01,G01B,4
jm,5.04,G11,G11B,4
bk,6.04,F16,F16D,4
ut,6.02,H02,H02P,4
hi,5.01,G04,G04B,4
ki,3.02,F16,F16F,4
jw,6.02,H01,H01L,4
iu,2.03,F16,F16G,4
ii,2.04,F28,F28B,4
bq,6.05,B60,B60G,4
ne,3.03,F21,F21S,4
bq,6.05,A43,A43C,4
ha,5.03,E06,E06B,4
py,3.02,B60,B60C,4
if,2.11,G03,G03D,4
om,5.05,G03,G03B,4
nu,5.08,B44,B44C,4
zc,4.03,F16,F16H,4
pj,2.05,B27,B27B,4
bq,6.05,A47,A47F,4
js,6.04,E21,E21F,4
fs,6.04,B41,B41J,4
bp,6.04,A63,A63C,4
js,6.04,C09,C09J,4
mr,6.01,B60,B60T,4
ui,1.03,H04,H04K,4
ui,1.03,A47,A47B,4
zc,4.03,G03,G03G,4
pz,2.05,B60,B60B,4
mm,6.01,B60,B60P,4
ph,6.02,G07,G07F,4
py,3.02,F41,F41A,4
bp,6.04,C09,C09B,4
ut,6.02,B41,B41F,4
aq,3.02,F16,F16H,4
bq,6.05,G02,G02C,4
pj,2.05,B24,B24B,4
bp,6.04,F16,F16B,4
nu,5.08,A45,A45D,4
dr,1.06,F23,F23R,4
rp,6.04,C10,C10L,4
ne,3.03,A44,A44B,4
uu,5.06,B41,B41C,4
yg,6.04,D01,D01G,4
yo,3.01,G03,G03G,4
wh,3.02,H05,H05B,4
vj,5.01,C10,C10G,4
zc,4.03,A63,A63F,4
pa,6.02,C23,C23F,4
bi,6.01,G09,G09B,4
ua,6.03,F16,F16C,4
pa,6.02,F25,F25B,4
ne,3.03,B66,B66B,4
mm,6.01,A61,A61C,4
qc,6.02,H01,H01H,4
uu,5.06,B65,B65G,4
pj,2.05,B61,B61L,4
za,3.02,B60,B60R,4
zm,1.06,C09,C09C,4
dm,3.02,A47,A47L,4
fs,6.04,F03,F03B,4
om,5.05,A61,A61G,4
oy,9,B60,B60N,4
js,6.04,H02,H02K,4
wm,5.04,H02,H02K,4
bp,6.04,H03,H03F,4.000000014901161
bp,6.04,H01,H01R,4.000000014901161
id,2.07,E02,E02D,4.000000029802322
tu,3.01,H01,H01H,4.000000029802322
ii,2.04,F15,F15D,4.000188008183613
pu,2.03,H01,H01B,4.001733973622322
ub,1.03,F02,F02C,4.002976251766086
if,2.11,F23,F23R,4.003030356019735
ne,3.03,A63,A63G,4.00335505604744
ro,1.07,C10,C10J,4.00416667945683
dw,1.04,C01,C01C,4.005372443236411
uu,5.06,C10,C10G,4.005602253600955
dm,3.02,B25,B25J,4.007305223494768
pn,1.01,C07,C07C,4.008746326901019
ai,2.03,F16,F16J,4.009259259328246
bm,5.07,H04,H04B,4.009523823857307
de,1.06,G05,G05B,4.009718080982566
pz,2.05,F16,F16H,4.009870403213426
yp,3.02,G06,G06K,4.009939246345311
we,3.02,G16,G16H,4.010362435830757
oa,2.11,G01,G01W,4.010527589358389
ig,2.06,H05,H05H,4.010710585163906
ni,3.01,B65,B65D,4.010983829386532
oz,6.02,A23,A23G,4.011111132800579
js,6.04,G03,G03F,4.013333333656192
ff,3.02,C07,C07K,4.013448422192596
pm,2.05,E04,E04F,4.013888910412788
cu,1.06,B65,B65D,4.013888918794692
ue,2.11,F21,F21V,4.014099214226007
ih,2.07,A61,A61Q,4.014102593995631
ij,2.11,G08,G08G,4.014239996671677
uk,1.03,F03,F03G,4.014451381983235
xq,2.11,A01,A01N,4.015216886997223
uy,1.04,G01,G01D,4.015258665196598
uk,1.03,C09,C09G,4.016211541835219
ot,6.02,B41,B41J,4.016666673123837
iq,2.02,E04,E04D,4.01666671037674
yg,6.04,C08,C08G,4.017484212294221
qq,1.05,H02,H02P,4.017503679729998
iq,2.02,A23,A23G,4.017592636868358
sy,1.03,G16,G16H,4.017890692688525
ba,3.02,A61,A61G,4.019696980714798
ja,1.05,G01,G01B,4.019937869627029
za,3.02,C04,C04B,4.020257866941392
ma,3.02,C40,C40B,4.020385400712257
tu,3.01,F02,F02D,4.020730736665428
oe,5.06,C07,C07C,4.020801581442356
zc,4.03,H04,H04Q,4.021645039319992
nu,5.08,G09,G09F,4.021739130839705
uy,1.04,B65,B65G,4.022222237661481
qa,3.01,A61,A61C,4.023531596176326
iq,2.02,B26,B26B,4.02361111715436
dm,3.02,F16,F16L,4.023809524253011
ru,3.01,B01,B01L,4.024065506702755
ni,3.01,G16,G16H,4.02407964784652
sr,2.07,H03,H03H,4.024341018870473
es,2.02,C08,C08J,4.025000020861626
ei,1.04,F21,F21K,4.025652383686975
bp,6.04,H01,H01B,4.026315789669752
ka,4.01,A61,A61F,4.026765201240778
ev,1.02,G03,G03B,4.026870559435338
ni,3.01,F16,F16K,4.027777777984738
iu,2.03,F21,F21S,4.027777783572674
et,1.02,F16,F16C,4.027777798473835
ye,2.02,F42,F42B,4.027777848765254
ro,1.07,B60,B60C,4.028169028460979
co,1.06,G01,G01F,4.028411231935024
dt,2.03,A61,A61F,4.028514884412289
et,1.02,F16,F16H,4.029100555926561
pu,2.03,F15,F15B,4.029468643013388
nu,5.08,A01,A01M,4.029761910438538
db,2.08,G01,G01V,4.031666690483689
pn,1.01,B32,B32B,4.032539719715714
ei,1.04,B60,B60L,4.033030696678907
pj,2.05,C10,C10J,4.033333349972963
ai,2.03,F23,F23N,4.033333372324705
ep,1.02,C09,C09D,4.034652035683393
ih,2.07,C10,C10M,4.034722294658422
ik,2.11,G03,G03B,4.03490761294961
pu,2.03,F42,F42B,4.035119093023241
ya,3.02,D04,D04B,4.035256430506706
db,2.08,F04,F04B,4.035545712104067
ai,2.03,F17,F17C,4.035714287310839
io,2.07,G01,G01W,4.036921001970768
ya,3.02,H04,H04Q,4.03736113384366
td,3.02,A61,A61Q,4.038388686254621
dw,1.04,B02,B02C,4.03908734023571
ui,1.03,D01,D01F,4.03931475058198
ve,3.02,C04,C04B,4.039814826101065
wm,5.04,B01,B01D,4.04022303968668
ex,1.02,F24,F24F,4.041468287818134
fa,2.01,C11,C11D,4.04166667163372
mm,6.01,H03,H03H,4.041666679084301
ii,2.04,D06,D06N,4.043055586516857
if,2.11,G07,G07C,4.043841199949384
et,1.02,G01,G01P,4.043937434442341
ye,2.02,G04,G04F,4.04399202298373
yp,3.02,A63,A63F,4.044444493949413
ea,1.04,A61,A61J,4.044520233292133
pn,1.01,H03,H03F,4.046065003145486
ii,2.04,F23,F23M,4.046627011150122
uf,1.03,B22,B22D,4.04697285220027
dm,3.02,B41,B41J,4.047159106004983
pa,6.02,C12,C12Q,4.047435138374567
ac,2.02,G10,G10H,4.048696652986109
oy,9,G01,G01C,4.050000000745058
re,1.05,B22,B22F,4.050090907141566
un,1.03,H03,H03K,4.050651055993512
aq,3.02,C07,C07H,4.050991698401049
gu,1.06,C11,C11B,4.051395445829257
ki,3.02,C08,C08G,4.052424615249038
mm,6.01,H04,H04J,4.05311357229948
uy,1.04,F24,F24F,4.054166724905372
ui,1.03,G09,G09F,4.054171849042177
dy,1.04,A43,A43B,4.05512822046876
oy,9,B60,B60C,4.055555555969477
ik,2.11,B33,B33Y,4.055555567145348
uy,1.04,A23,A23B,4.055555582046509
yr,2.01,B41,B41J,4.055555656552315
db,2.08,G16,G16H,4.055713087785989
ec,1.04,H03,H03K,4.056331152096391
uk,1.03,B05,B05B,4.056736136088148
uh,1.03,B23,B23K,4.056919409427792
mc,1.06,H03,H03K,4.057327511487529
ne,3.03,A61,A61G,4.057423026300967
ii,2.04,B21,B21D,4.058333352208138
db,2.08,C12,C12F,4.058333415538073
gy,5.02,C08,C08F,4.059325437992811
ac,2.02,G01,G01H,4.060010849498212
ep,1.02,G07,G07G,4.060606120154262
dx,3.01,A01,A01H,4.062188902869821
js,6.04,H03,H03F,4.0625
rt,3.02,G10,G10K,4.062502820976079
ni,3.01,C08,C08F,4.063035728875548
et,1.02,A21,A21D,4.063080729916692
hl,3.03,G02,G02B,4.063784131780267
ik,2.11,C09,C09K,4.064323399215937
et,1.02,F25,F25B,4.064477236941457
uk,1.03,C25,C25F,4.065352855715901
dk,5.02,B29,B29C,4.065476210787892
sy,1.03,A01,A01G,4.065639616921544
ye,2.02,B64,B64D,4.06597226858139
vy,3.02,H03,H03M,4.066552917473018
if,2.11,B23,B23F,4.066666670143604
dm,3.02,A23,A23C,4.067033381666988
iu,2.03,H03,H03F,4.068133287131786
ut,6.02,A61,A61L,4.068332090973854
py,3.02,F42,F42B,4.06851851940155
pm,2.05,C10,C10J,4.068913765717298
sr,2.07,G01,G01W,4.069095742423087
pw,2.06,B65,B65D,4.069444444961846
ex,1.02,E02,E02F,4.070238189771771
ry,2.03,B08,B08B,4.071146974340081
ad,4.02,H04,H04M,4.071428574621677
dq,9,C08,C08F,4.071498368866742
ro,1.07,A23,A23F,4.07227280177176
dq,9,H01,H01R,4.07263461779803
qc,6.02,C02,C02F,4.075000014156103
cq,1.06,H03,H03M,4.075002661906183
sy,1.03,A01,A01K,4.076577785424888
ye,2.02,C09,C09D,4.07680891174823
dr,1.06,C08,C08J,4.077239297330379
ua,6.03,A61,A61N,4.077276952564716
ns,2.01,H03,H03L,4.078199897659943
ui,1.03,C09,C09C,4.078622614964843
zc,4.03,C02,C02F,4.078696520067751
zk,9,H04,H04N,4.080120008438826
qj,2.05,B41,B41M,4.080952502787113
uk,1.03,F01,F01D,4.081493552774191
ei,1.04,A63,A63B,4.081845459528267
iq,2.02,B22,B22C,4.081865105777979
il,2.07,G01,G01N,4.082390200346708
su,3.02,G01,G01J,4.082675066776574
id,2.07,C06,C06B,4.082831142004579
ka,4.01,G11,G11B,4.08333333581686
pa,6.02,A47,A47J,4.08333333581686
xq,2.11,E04,E04B,4.08333333581686
dy,1.04,B60,B60N,4.08333333581686
nu,5.08,B60,B60N,4.08333333581686
if,2.11,B60,B60C,4.08333333581686
yi,6.03,A63,A63B,4.08333333581686
ro,1.07,E04,E04F,4.083333343267441
oz,6.02,B60,B60K,4.083333343267441
ut,6.02,B01,B01D,4.083333343267441
ya,3.02,E02,E02D,4.083333358168602
oy,9,B66,B66B,4.083333373069763
pn,1.01,H01,H01Q,4.084060784894973
ns,2.01,F28,F28F,4.084111243486404
ba,3.02,C08,C08G,4.084117075428367
pz,2.05,G01,G01T,4.084388562478125
ea,1.04,G21,G21B,4.084568729624152
ec,1.04,A23,A23L,4.084648518357426
xq,2.11,G08,G08G,4.08497479557991
ai,2.03,C12,C12N,4.085121286567301
iy,1.06,A01,A01G,4.085243990644813
za,3.02,H05,H05B,4.085964925587177
wf,1.06,G06,G06Q,4.087312589399517
ih,2.07,G01,G01V,4.088031458668411
im,2.01,F03,F03B,4.088095284998417
wu,5.04,C07,C07C,4.092058028560132
wu,5.04,C04,C04B,4.092171743512154
ro,1.07,H02,H02G,4.09285718947649
ha,5.03,G05,G05B,4.093465494923294
es,2.02,G01,G01F,4.09403053438291
pu,2.03,F23,F23D,4.094444498419762
pw,2.06,B23,B23K,4.095000002533197
ig,2.06,C07,C07F,4.096427447861061
dy,1.04,G08,G08G,4.097222242504358
pc,5.02,B24,B24B,4.097718286328018
pk,2.05,C11,C11D,4.099310807883739
ve,3.02,C10,C10L,4.099488321691751
oe,5.06,H05,H05B,4.100000001490116
xq,2.11,B24,B24B,4.100000012665987
pa,6.02,F21,F21S,4.100000016391277
or,5.09,G11,G11B,4.100000031292439
ev,1.02,F01,F01D,4.100000057369471
qf,9,B60,B60R,4.100000061094761
ha,5.03,C07,C07K,4.100598077522591
sr,2.07,G05,G05B,4.100633474066854
km,1.06,G05,G05B,4.102513546589762
ve,3.02,G05,G05B,4.102525270543993
nu,5.08,F24,F24F,4.104166701436043
up,1.03,H01,H01F,4.104166734032333
ki,3.02,G09,G09G,4.104679809883237
rz,3.03,A63,A63F,4.106334844604135
dr,1.06,A23,A23C,4.10706986207515
bq,6.05,D21,D21H,4.108333349227905
tm,3.01,C11,C11D,4.108484760392457
su,3.02,G01,G01S,4.109722226858139
nu,5.08,A62,A62D,4.111111111938953
oe,5.06,H04,H04Q,4.111111126840115
xe,4.01,E21,E21B,4.111539024394006
zr,1.05,G05,G05B,4.111637510359287
dr,1.06,B23,B23K,4.112408811692148
ue,2.11,G07,G07F,4.113114943727851
qu,1.06,H04,H04Q,4.113232344388962
es,2.02,B60,B60W,4.114538566209376
bq,6.05,C07,C07J,4.114674044772983
ei,1.04,G03,G03H,4.114714728202671
ps,5.04,G09,G09B,4.11479589366354
et,1.02,B65,B65G,4.116402188315988
ew,1.02,B60,B60T,4.116666723042727
ik,2.11,H03,H03L,4.117154746782035
bq,6.05,B25,B25J,4.118055567145348
pu,2.03,F03,F03B,4.120238148607314
pg,6.02,G06,G06F,4.120444329455495
fi,1.04,C25,C25D,4.120973818004131
hl,3.03,G07,G07F,4.121140019968152
oa,2.11,A01,A01N,4.12257938249968
ub,1.03,C25,C25C,4.122639756649733
ac,2.02,B01,B01J,4.124047993449494
zc,4.03,C09,C09K,4.124242439866066
xq,2.11,C03,C03B,4.124516919255257
js,6.04,C02,C02F,4.125
fs,6.04,H01,H01J,4.125
ii,2.04,F15,F15B,4.125000007450581
am,4.01,B23,B23K,4.125000014901161
bq,6.05,G09,G09F,4.125000029802322
uy,1.04,B65,B65B,4.125295508652925
pd,6.02,A61,A61B,4.125391852110624
qj,2.05,B29,B29C,4.125641110353172
za,3.02,C12,C12R,4.125906190834939
pe,5.02,H02,H02J,4.127068826928735
ga,3.02,C09,C09D,4.127651538699865
ai,2.03,H01,H01P,4.12881444208324
pj,2.05,H02,H02P,4.129166670143604
zd,9,C23,C23C,4.130144565366209
ji,5.01,B25,B25J,4.130567096639425
az,3.02,G06,G06Q,4.13076926022768
si,1.05,G01,G01W,4.130906643811613
dy,1.04,B60,B60L,4.130952391773462
wc,3.03,G01,G01L,4.131054978817701
oi,3.02,C09,C09K,4.131250000093132
rt,3.02,A61,A61G,4.131547654047608
pt,3.03,A61,A61H,4.132185132242739
ai,2.03,H02,H02S,4.132222423329949
om,5.05,G01,G01V,4.132954560220242
fy,3.02,G02,G02B,4.133838417008519
ba,3.02,A23,A23G,4.133876592386514
tq,3.02,G03,G03G,4.133928574621677
ai,2.03,H03,H03D,4.134398998692632
ig,2.06,B03,B03C,4.134567577857524
ec,1.04,C08,C08B,4.135232933796942
zr,1.05,C09,C09D,4.135579965077341
ki,3.02,C08,C08F,4.135909655597061
pa,6.02,G01,G01B,4.135964922606945
zr,1.05,C07,C07K,4.136182844871655
pc,5.02,B65,B65D,4.136966286227107
yr,2.01,A61,A61K,4.137015782063827
cq,1.06,B23,B23K,4.138455173000693
rt,3.02,G06,G06N,4.138775721890852
ei,1.04,F23,F23D,4.13888893276453
ii,2.04,A43,A43B,4.140445690602064
dw,1.04,G06,G06T,4.140477603068575
hq,1.04,C07,C07H,4.140530506148934
gy,5.02,H04,H04R,4.140812005847692
et,1.02,G10,G10K,4.141419329680502
im,2.01,A61,A61L,4.141523328609765
zm,1.06,D06,D06M,4.141666669398546
gy,5.02,A61,A61G,4.141666673123837
ia,3.02,B65,B65B,4.142713572597131
om,5.05,A63,A63B,4.142857149243355
bp,6.04,B41,B41M,4.142857149243355
ro,1.07,F01,F01B,4.142857149243355
pu,2.03,C21,C21D,4.142857201397419
ba,3.02,G01,G01K,4.142857238650322
eu,2.02,E21,E21B,4.143073610961437
uf,1.03,B03,B03C,4.143206678330898
ei,1.04,H01,H01H,4.144391090609133
ze,1.06,C12,C12R,4.144582225708291
ot,6.02,H02,H02J,4.145833343267441
uf,1.03,B08,B08B,4.146808864083141
gu,1.06,G11,G11C,4.148452767170966
qh,2.05,B65,B65D,4.148548628203571
rz,3.03,C12,C12Q,4.148758272407576
si,1.05,G01,G01F,4.148809548467398
aa,1.03,C12,C12N,4.149372476385906
bq,6.05,H04,H04R,4.149675350636244
qg,2.05,A63,A63B,4.150000013411045
sy,1.03,H03,H03C,4.150025464594364
ae,4.05,C09,C09K,4.150100972503424
gu,1.06,B41,B41J,4.150366321206093
oa,2.11,B66,B66C,4.151019259355962
dy,1.04,C25,C25F,4.151445203926414
ik,2.11,B24,B24D,4.151587335392833
pc,5.02,H01,H01M,4.151681900955737
et,1.02,F16,F16F,4.151752142235637
dy,1.04,H04,H04Q,4.151811014860868
gy,5.02,G02,G02F,4.152380976825953
dq,9,H03,H03M,4.153808254282922
ik,2.11,A63,A63B,4.154391216114163
gc,1.05,C12,C12N,4.154994540847838
oz,6.02,C03,C03C,4.155042028054595
sr,2.07,H04,H04M,4.15566770453006
ii,2.04,A41,A41D,4.156010574661195
rt,3.02,A23,A23K,4.156264866702259
ah,4.01,C08,C08G,4.156328956596553
ou,1.06,A61,A61B,4.157643713057041
cn,5.01,G06,G06N,4.158182295272127
rb,2.02,H02,H02K,4.158372335135937
pj,2.05,A23,A23K,4.159569615498185
cq,1.06,H03,H03H,4.160566745325923
xq,2.11,B65,B65B,4.160638303495944
oa,2.11,F16,F16J,4.161111172288656
ik,2.11,C09,C09D,4.161177313886583
ew,1.02,C08,C08F,4.161808724980801
yi,6.03,A61,A61Q,4.162301607429981
es,2.02,G01,G01T,4.16282505961135
yr,2.01,C09,C09K,4.163394645787776
ui,1.03,B65,B65G,4.164231606759131
vj,5.01,B01,B01D,4.164285738021135
uu,5.06,B05,B05D,4.164681201800704
ye,2.02,H02,H02S,4.164683172479272
uy,1.04,F04,F04D,4.164965994656086
ac,2.02,F03,F03G,4.16619209619239
dy,1.04,A47,A47C,4.16666667163372
jo,5.04,B01,B01D,4.16666667163372
bp,6.04,B60,B60K,4.16666667163372
py,3.02,A01,A01M,4.16666667163372
rp,6.04,F16,F16L,4.16666667163372
pz,2.05,F23,F23R,4.16666667163372
bp,6.04,C02,C02F,4.16666667163372
xq,2.11,H02,H02P,4.16666667163372
bk,6.04,H02,H02H,4.16666667163372
py,3.02,F28,F28F,4.166666675359011
eu,2.02,H01,H01R,4.166666686534882
ga,3.02,A62,A62D,4.166666686534882
ot,6.02,H02,H02K,4.166666686534882
eu,2.02,B62,B62D,4.166666686534882
ki,3.02,B62,B62D,4.166666686534882
oz,6.02,G05,G05F,4.166666686534882
ne,3.03,B60,B60T,4.166666686534882
iq,2.02,F24,F24H,4.166666686534882
re,1.05,C25,C25C,4.166874140501022
py,3.02,H02,H02J,4.167553190141916
ad,4.02,C11,C11B,4.167881625238806
ui,1.03,B29,B29D,4.168572880793363
nn,3.03,A23,A23L,4.169212783686817
ga,3.02,B01,B01D,4.169325955212116
ex,1.02,G09,G09F,4.170833364129066
ua,6.03,C08,C08J,4.171794913709164
ia,3.02,C12,C12R,4.172033411916345
ih,2.07,C01,C01F,4.172435961198062
ep,1.02,H01,H01F,4.172508012503386
mu,4.01,C12,C12P,4.172547801281326
rq,1.06,C05,C05F,4.172730874270201
ru,3.01,B23,B23K,4.175079371780157
ae,4.05,C10,C10B,4.17508212570101
ii,2.04,G10,G10L,4.175376333296299
hq,1.04,G01,G01T,4.175581306917593
pt,3.03,G02,G02B,4.175858677364886
dm,3.02,B24,B24B,4.176190512254834
ac,2.02,B01,B01F,4.177322090486996
ga,3.02,C08,C08K,4.177536237053573
ro,1.07,B65,B65B,4.177839228184894
rb,2.02,H02,H02P,4.179109465330839
ev,1.02,B23,B23K,4.179395662620664
de,1.06,H04,H04J,4.180158786475658
vx,5.01,G02,G02B,4.180265200324357
qf,9,B22,B22D,4.180421546567231
zq,2.07,B32,B32B,4.181635953485966
ru,3.01,G02,G02F,4.182093285955489
ei,1.04,D06,D06L,4.182539749890566
jw,6.02,G06,G06Q,4.184482824057341
rt,3.02,G01,G01C,4.185042902827263
uf,1.03,C12,C12N,4.185523082385771
uh,1.03,C10,C10M,4.185943251941353
ii,2.04,F23,F23L,4.186111128889024
fa,2.01,E04,E04G,4.186111159622669
cq,1.06,A61,A61C,4.186940512619913
ja,1.05,A61,A61G,4.1875
wh,3.02,H01,H01L,4.187701033428311
es,2.02,G09,G09C,4.188161402009428
yr,2.01,G01,G01P,4.188657458871603
et,1.02,A43,A43B,4.188888933509588
fs,6.04,A61,A61F,4.188924994319677
wq,5.01,H04,H04N,4.190051045268774
sy,1.03,B05,B05C,4.19007046893239
nn,3.03,G06,G06K,4.190131781622767
bf,5.04,H04,H04B,4.190310282632709
ru,3.01,H05,H05K,4.191396415233612
oa,2.11,F25,F25D,4.191491857171059
qu,1.06,C25,C25B,4.1915283780545
ai,2.03,H01,H01H,4.193055568262935
eq,3.01,A63,A63B,4.193478267639875
wc,3.03,A61,A61L,4.194130943855271
uh,1.03,E21,E21B,4.194144164212048
pm,2.05,E02,E02B,4.194444455206394
am,4.01,C05,C05C,4.194444475695491
pm,2.05,H02,H02G,4.194444492459297
pe,5.02,G07,G07F,4.194946933537722
ep,1.02,A61,A61L,4.195669213542715
ot,6.02,G06,G06N,4.196570856496692
nn,3.03,B32,B32B,4.197964705526829
dr,1.06,G09,G09G,4.198795858770609
gu,1.06,H03,H03K,4.198809541761875
rt,3.02,H05,H05B,4.1988231735304
db,2.08,H01,H01F,4.198949615471065
dt,2.03,B03,B03C,4.199304056819528
ub,1.03,F26,F26B,4.199444500729442
bq,6.05,F02,F02B,4.200000002980232
pa,6.02,E05,E05B,4.200000002980232
oz,6.02,G01,G01C,4.200000002980232
co,1.06,G01,G01K,4.200373628176749
pk,2.05,C10,C10M,4.200877234339714
if,2.11,C12,C12P,4.201324810273945
ue,2.11,G07,G07D,4.201826466247439
cn,5.01,H04,H04L,4.202516949968413
dy,1.04,G08,G08B,4.204129447694868
pk,2.05,H03,H03K,4.204750866163522
io,2.07,G02,G02B,4.205537758301944
fe,5.05,A61,A61K,4.205643496243283
ei,1.04,D06,D06P,4.205942260101438
oa,2.11,C22,C22C,4.206235494464636
uk,1.03,C22,C22F,4.206686576828361
db,2.08,G03,G03B,4.206944463774562
pe,5.02,G03,G03F,4.207566516939551
le,1.05,C10,C10M,4.20833333581686
pk,2.05,B09,B09B,4.20833333954215
bp,6.04,C10,C10G,4.208333358168602
ep,1.02,B66,B66B,4.208441577851772
ye,2.02,G01,G01T,4.209105833433568
oi,3.02,C07,C07K,4.209807391511276
ei,1.04,C13,C13K,4.209931491408497
yo,3.01,G06,G06T,4.210900073871017
ja,1.05,F24,F24F,4.211508008651435
tu,3.01,G01,G01M,4.213095247745514
if,2.11,F23,F23D,4.214102610945702
vj,5.01,B62,B62D,4.214285720139742
hl,3.03,G08,G08B,4.214607123751193
dx,3.01,C10,C10L,4.21488762984518
qh,2.05,F16,F16D,4.216071443632245
ns,2.01,G01,G01S,4.216230591875501
ei,1.04,H02,H02K,4.216549416305497
bk,6.04,F16,F16H,4.216666672378778
dk,5.02,A01,A01H,4.21666668727994
ot,6.02,A61,A61N,4.21791163389571
yr,2.01,H02,H02M,4.217959407251328
cq,1.06,F16,F16L,4.219871871173382
iu,2.03,G07,G07D,4.221161982044578
sd,3.02,G16,G16H,4.221329329535365
jb,5.07,G06,G06N,4.221546033397317
oa,2.11,A01,A01H,4.222011835314333
uy,1.04,B60,B60T,4.222222253680229
er,1.02,G10,G10H,4.222223797813058
si,1.05,B63,B63H,4.223214326426387
xq,2.11,G01,G01H,4.223688364028931
ev,1.02,C11,C11D,4.223908012616448
dw,1.04,A45,A45D,4.224462367594242
ex,1.02,G01,G01K,4.22458794247359
zq,2.07,B03,B03B,4.224637739360332
pz,2.05,C12,C12P,4.225090024527162
co,1.06,H05,H05B,4.225859806407243
pq,1.01,C23,C23C,4.22704841196537
zk,9,H04,H04W,4.227631602436304
ex,1.02,C07,C07C,4.228222276084125
iu,2.03,B05,B05C,4.228260883130133
sy,1.03,F15,F15B,4.228880843147635
gu,1.06,C05,C05G,4.22916667163372
nu,5.08,H02,H02P,4.22916667163372
ah,4.01,C12,C12G,4.229677852243185
mu,4.01,C12,C12G,4.23002656083554
ik,2.11,H02,H02N,4.230477178934962
xe,4.01,C08,C08J,4.230566567741334
zm,1.06,C07,C07J,4.230819982010871
aa,1.03,C12,C12M,4.232406389433891
ac,2.02,F25,F25B,4.233267262578011
rb,2.02,G01,G01M,4.233282660599798
ne,3.03,A61,A61J,4.23492070287466
yr,2.01,F02,F02B,4.234967367723584
wu,5.04,A01,A01N,4.234997409395874
dx,3.01,A01,A01K,4.235344262386207
ik,2.11,F16,F16D,4.236904771998525
hq,1.04,G01,G01M,4.237373820506036
ro,1.07,B44,B44C,4.237528350204229
ee,1.04,H04,H04B,4.238345040008426
op,3.03,A61,A61M,4.23843937413767
ne,3.03,H01,H01F,4.238528154790401
rp,6.04,A61,A61L,4.238544166088104
ju,4.01,A01,A01G,4.238920129835606
pm,2.05,B44,B44C,4.239036340732127
zr,1.05,C22,C22B,4.239108799025416
si,1.05,G08,G08G,4.239720313344151
ep,1.02,G01,G01K,4.240389578975737
iu,2.03,A61,A61Q,4.240899135358632
im,2.01,E04,E04G,4.241666711866856
ry,2.03,C25,C25B,4.241732809692621
ja,1.05,A63,A63F,4.242068633669987
dy,1.04,D21,D21F,4.24242427945137
xw,3.03,G01,G01P,4.243040373548865
ii,2.04,B81,B81C,4.243125893175602
hq,1.04,F02,F02B,4.244362840428948
ro,1.07,B22,B22D,4.244689555838704
ad,4.02,G06,G06T,4.245098065584898
js,6.04,G05,G05B,4.24545456469059
aa,1.03,B81,B81C,4.246793067082763
hq,1.04,G03,G03G,4.247619057074189
bq,6.05,C25,C25D,4.248484872281551
ik,2.11,F21,F21V,4.248674904927611
bk,6.04,C12,C12N,4.249685448827222
pi,1.06,H03,H03K,4.25
ot,6.02,B60,B60N,4.25
bf,5.04,A01,A01K,4.25
pn,1.01,B65,B65D,4.25
py,3.02,B60,B60T,4.25
pa,6.02,G01,G01M,4.25
zm,1.06,G03,G03C,4.25
wh,3.02,H04,H04Q,4.25
er,1.02,B66,B66B,4.25
rp,6.04,A01,A01B,4.25
uy,1.04,F16,F16G,4.25
pq,1.01,F16,F16C,4.25
js,6.04,B65,B65H,4.25
bk,6.04,G09,G09B,4.250000014901161
ro,1.07,B23,B23P,4.250000044703484
nq,5.01,B60,B60R,4.25000011920929
ze,1.06,A63,A63B,4.25000012665987
sr,2.07,F41,F41H,4.250727566890419
qh,2.05,B64,B64D,4.251704554073513
hq,1.04,G09,G09G,4.251868557184935
ds,3.02,H04,H04M,4.252083359286189
pj,2.05,G02,G02F,4.252149888314307
pe,5.02,G09,G09G,4.252381004393101
ij,2.11,A01,A01N,4.253865632694215
uh,1.03,G01,G01C,4.254051729571074
qa,3.01,C09,C09D,4.254540557973087
iy,1.06,C12,C12P,4.25492696557194
ya,3.02,F16,F16L,4.254960370250046
uu,5.06,C09,C09D,4.25555557385087
pz,2.05,G08,G08B,4.255555588752031
fy,3.02,C23,C23C,4.256903844885528
dq,9,A61,A61J,4.257039709482342
hb,5.03,C11,C11D,4.258333344012499
dq,9,C04,C04B,4.258337652077898
ec,1.04,C11,C11B,4.258489729836583
yq,5.07,G07,G07F,4.259127013385296
bq,6.05,B82,B82Y,4.262344229035079
sr,2.07,B64,B64G,4.262500053271651
db,2.08,H03,H03K,4.262705857865512
ns,2.01,C03,C03B,4.262707100249827
pq,1.01,C02,C02F,4.2632443504408
tu,3.01,G05,G05D,4.263272864278406
uy,1.04,E04,E04F,4.26388892531395
fs,6.04,C07,C07C,4.263935605064034
dt,2.03,C12,C12P,4.265289633534849
hq,1.04,B63,B63G,4.266666673123837
oz,6.02,G03,G03C,4.266666673123837
zr,1.05,C10,C10M,4.266666688024998
xw,3.03,H04,H04B,4.266666695475578
ia,3.02,B62,B62D,4.267857149243355
ut,6.02,A61,A61F,4.269230769947171
il,2.07,G06,G06Q,4.269337635487318
oa,2.11,H02,H02S,4.269765738863498
pm,2.05,H04,H04J,4.270175030920655
pe,5.02,E21,E21B,4.270284397061914
ei,1.04,C10,C10C,4.270370379090309
xw,3.03,A61,A61Q,4.270758506841958
ea,1.04,G09,G09G,4.270878316834569
pz,2.05,H01,H01Q,4.271505413576961
km,1.06,C08,C08L,4.272037969902158
jy,4.05,C12,C12F,4.273076994344592
ye,2.02,F21,F21V,4.273272078484297
pz,2.05,A63,A63F,4.273502999916673
qh,2.05,H04,H04W,4.273809541016817
ja,1.05,D06,D06M,4.274274842813611
aa,1.03,G09,G09G,4.274956763722003
di,5.02,G01,G01C,4.275503838434815
om,5.05,G05,G05B,4.275616956874728
ka,4.01,G03,G03F,4.275945225730538
km,1.06,G16,G16H,4.275983022060245
ua,6.03,G01,G01S,4.276190493255854
vi,5.01,G02,G02F,4.277777783572674
yr,2.01,B60,B60G,4.277777815237641
ei,1.04,G06,G06N,4.278256779536605
lq,3.03,A61,A61F,4.278367437655106
pz,2.05,B60,B60G,4.278571428731084
ah,4.01,C09,C09K,4.279299041256309
pk,2.05,H04,H04M,4.280555636622012
gc,1.05,H05,H05B,4.280952387489378
ui,1.03,A61,A61G,4.282258093357086
ja,1.05,H02,H02M,4.283333335071802
za,3.02,H04,H04R,4.283333346247673
ut,6.02,C02,C02F,4.283333346247673
jm,5.04,G03,G03G,4.283333361148834
qg,2.05,H02,H02S,4.28533693542704
pu,2.03,G06,G06K,4.285350287333131
iu,2.03,B21,B21J,4.285714286379516
ro,1.07,B23,B23B,4.28571429848671
db,2.08,F02,F02D,4.286632930859923
ae,4.05,A01,A01J,4.287037037312984
yq,5.07,G07,G07C,4.287752097472548
iu,2.03,H05,H05H,4.288633152842522
vs,5.01,G06,G06K,4.289243605453521
co,1.06,A23,A23J,4.289322422817349
ei,1.04,G01,G01M,4.289381399285048
uq,5.07,G06,G06K,4.28968256060034
ew,1.02,B65,B65G,4.290277821011841
ea,1.04,H03,H03K,4.290779316332191
rt,3.02,H04,H04Q,4.29166667163372
ru,3.01,C02,C02F,4.291966901160777
ij,2.11,C10,C10M,4.292498521506786
oe,5.06,A61,A61F,4.292890113778412
dy,1.04,B65,B65H,4.292948738671839
dy,1.04,H02,H02K,4.293361554155126
ox,6.02,G11,G11B,4.293560614809394
jw,6.02,C07,C07K,4.294620899949223
fs,6.04,G01,G01N,4.296861501410604
dq,9,C23,C23C,4.298682006075978
za,3.02,A61,A61J,4.29873300017789
tu,3.01,G01,G01S,4.298885178752244
dm,3.02,G21,G21G,4.299214564263821
jw,6.02,A01,A01N,4.300000000745058
we,3.02,G02,G02B,4.300586370751262
yg,6.04,B29,B29C,4.302020207047462
dy,1.04,A23,A23J,4.30356347002089
rb,2.02,B66,B66C,4.306078666821122
ga,3.02,B29,B29B,4.306140379980206
ad,4.02,H01,H01L,4.307051298208535
za,3.02,C09,C09D,4.307575772516429
er,1.02,H03,H03K,4.308829714544117
ai,2.03,H01,H01R,4.3107357500121
pz,2.05,G02,G02C,4.311111114919186
iu,2.03,A47,A47C,4.311111122369766
mm,6.01,A23,A23L,4.311155347153544
hi,5.01,A61,A61K,4.311475214082748
ya,3.02,C07,C07F,4.312194861238822
ub,1.03,B22,B22C,4.312301650643349
ga,3.02,C12,C12P,4.312472256366163
yq,5.07,B60,B60K,4.313636407256126
tm,3.01,B82,B82Y,4.313767274143174
tu,3.01,A23,A23J,4.314344052225351
de,1.06,C09,C09J,4.314535237848759
rq,1.06,C07,C07C,4.316166606498882
ew,1.02,H01,H01S,4.31638930272311
oi,3.02,A23,A23L,4.31649970007129
ve,3.02,E21,E21B,4.316612547263503
pn,1.01,C09,C09D,4.316666699945927
tu,3.01,B60,B60R,4.316666707396507
ii,2.04,A01,A01K,4.31729672383517
dt,2.03,H04,H04N,4.317742318846285
ik,2.11,C30,C30B,4.318429932463914
jy,4.05,G06,G06N,4.318808760493994
uk,1.03,F01,F01N,4.321183828171343
ye,2.02,C11,C11D,4.32125161960721
uu,5.06,G01,G01S,4.321809347718954
xw,3.03,H04,H04M,4.321969717741013
di,5.02,G01,G01V,4.322222255170345
da,1.06,A23,A23D,4.323309931671247
qa,3.01,B01,B01J,4.323651252314448
xw,3.03,H01,H01L,4.323671172838658
xq,2.11,A63,A63B,4.325000002980232
id,2.07,B63,B63G,4.325000002980232
di,5.02,B32,B32B,4.325396863743663
uk,1.03,D06,D06M,4.325612705200911
zq,2.07,C01,C01B,4.326638246420771
db,2.08,A01,A01M,4.327578043565154
ua,6.03,H01,H01J,4.327696653548628
ga,3.02,C08,C08B,4.3283720780164
ei,1.04,A23,A23K,4.328379884362221
fy,3.02,C07,C07F,4.328870655037463
cq,1.06,G05,G05B,4.32925104117021
ee,1.04,C13,C13K,4.329638685565442
uy,1.04,B03,B03C,4.331209539435804
ur,1.01,G10,G10L,4.331368912011385
uk,1.03,F16,F16F,4.332602164708078
if,2.11,A61,A61C,4.333126485347748
rz,3.03,C08,C08L,4.333333343267441
yi,6.03,C08,C08K,4.333333343267441
ro,1.07,A01,A01B,4.333333343267441
wu,5.04,B65,B65D,4.333333343267441
pz,2.05,B65,B65G,4.333333343267441
pj,2.05,H05,H05K,4.333333343267441
bq,6.05,E01,E01C,4.333333343267441
ut,6.02,B32,B32B,4.333333343267441
ut,6.02,C08,C08F,4.333333343267441
bp,6.04,D06,D06P,4.333333343267441
bq,6.05,B63,B63B,4.333333343267441
sy,1.03,F41,F41A,4.333333346992731
ii,2.04,C25,C25F,4.333333350718021
ne,3.03,B60,B60H,4.333333358168602
dy,1.04,B60,B60G,4.333333358168602
pj,2.05,H04,H04W,4.333333358168602
ha,5.03,H02,H02K,4.333333387970924
ep,1.02,H04,H04K,4.334749607369304
ui,1.03,C22,C22F,4.335229890421033
ij,2.11,C09,C09D,4.336368093267083
le,1.05,H05,H05K,4.33901516161859
ja,1.05,G21,G21C,4.339240862056613
ya,3.02,H05,H05B,4.339584248140454
py,3.02,F16,F16L,4.340079377405345
if,2.11,C25,C25D,4.340515824966133
jw,6.02,A01,A01H,4.341269851662219
hq,1.04,C07,C07B,4.341269876807928
ee,1.04,G03,G03H,4.342893284279853
ns,2.01,H02,H02K,4.344215701101348
cq,1.06,A63,A63F,4.344818004639819
su,3.02,H04,H04B,4.345000004395843
iu,2.03,G02,G02C,4.345131133683026
ox,6.02,C07,C07C,4.346031764522195
js,6.04,C08,C08K,4.346153856255114
ah,4.01,H04,H04N,4.346296310424805
za,3.02,A63,A63F,4.346428610384464
ai,2.03,B22,B22F,4.347271059639752
om,5.05,H01,H01Q,4.347309752833098
sd,3.02,C12,C12M,4.347887765616179
ac,2.02,C07,C07C,4.349254734348506
pu,2.03,B64,B64G,4.349561030045152
bi,6.01,H01,H01M,4.350000001490116
ro,1.07,H02,H02H,4.350505128502846
oa,2.11,G07,G07D,4.350541152991354
ih,2.07,G07,G07F,4.35219369083643
uf,1.03,F04,F04B,4.352701543364674
jy,4.05,B41,B41M,4.352777809370309
ry,2.03,C07,C07K,4.352898438635748
ma,3.02,C09,C09K,4.353659217245877
ig,2.06,B29,B29D,4.354504102375358
yi,6.03,C04,C04B,4.35470087826252
oa,2.11,G21,G21B,4.35565121518448
ik,2.11,F16,F16F,4.356872338801622
pu,2.03,B05,B05C,4.357029008679092
pm,2.05,F21,F21S,4.357407476752996
dr,1.06,H05,H05B,4.358025291468948
si,1.05,H01,H01M,4.358238720800728
xq,2.11,H04,H04J,4.358517373912036
ga,3.02,G01,G01J,4.358688514563255
zk,9,C07,C07D,4.359313042834401
oy,9,C04,C04B,4.359759321436286
iu,2.03,G07,G07B,4.360245937481523
ij,2.11,B23,B23H,4.360359093174338
pk,2.05,G06,G06T,4.360769199440256
ig,2.06,G03,G03B,4.361390312202275
yr,2.01,H02,H02P,4.361710018478334
wv,3.03,H04,H04N,4.361824898049235
vy,3.02,G01,G01C,4.362999523058534
rb,2.02,B65,B65G,4.363333355635405
ai,2.03,A01,A01N,4.363408546429127
fi,1.04,D01,D01F,4.363604018930346
ij,2.11,H03,H03F,4.364345418289304
dr,1.06,B01,B01F,4.364446091116406
ea,1.04,A24,A24D,4.364806649973616
uy,1.04,H03,H03K,4.365340356016532
oa,2.11,B25,B25B,4.366666689515114
uh,1.03,G21,G21F,4.36673671239987
pm,2.05,H02,H02P,4.367029071319848
ew,1.02,C01,C01B,4.368055570870638
gy,5.02,G09,G09B,4.370678873732686
zm,1.06,C09,C09J,4.371004028245807
ry,2.03,H05,H05K,4.371765313204378
ot,6.02,F02,F02D,4.372023820877075
le,1.05,B32,B32B,4.372043053153902
pu,2.03,A01,A01N,4.37237925385125
uy,1.04,B06,B06B,4.372608231380582
jy,4.05,C08,C08H,4.374176562298089
vy,3.02,G02,G02C,4.374536126386374
ox,6.02,A63,A63B,4.375000014901161
dt,2.03,F04,F04C,4.375000029802322
ru,3.01,G01,G01M,4.375000029802322
ja,1.05,C05,C05D,4.375000096857548
eo,6.02,A61,A61B,4.376107137650251
ai,2.03,F02,F02G,4.376770464703441
ew,1.02,G04,G04G,4.376785742118955
mm,6.01,G09,G09B,4.376811597496271
uf,1.03,C08,C08F,4.377298672217876
ih,2.07,C07,C07K,4.378580701421015
dy,1.04,G10,G10K,4.379020506516099
ev,1.02,G01,G01F,4.379247639328241
ka,4.01,G07,G07F,4.379262994974852
lq,3.03,C07,C07D,4.379664599429816
sy,1.03,F28,F28F,4.380392199847847
uk,1.03,C22,C22B,4.380775624886155
yr,2.01,G11,G11B,4.380906124599278
oy,9,A61,A61N,4.381932041607797
dk,5.02,C07,C07K,4.382186805130914
ue,2.11,G07,G07C,4.382361707510427
ih,2.07,B32,B32B,4.382534605450928
om,5.05,H02,H02K,4.383333344012499
oe,5.06,G09,G09G,4.383333344012499
vj,5.01,A61,A61Q,4.383333351463079
bq,6.05,A01,A01K,4.385079376399517
iq,2.02,A62,A62C,4.385185223072767
ra,2.11,C09,C09K,4.385701939696446
dr,1.06,G03,G03G,4.386039912234992
nq,5.01,C07,C07D,4.386115093249828
co,1.06,H04,H04B,4.386452501639724
we,3.02,H04,H04N,4.386521842796355
ig,2.06,A47,A47C,4.38657408207655
dt,2.03,F02,F02G,4.386691113933921
fi,1.04,A61,A61L,4.387211708817631
fa,2.01,G02,G02B,4.387852183543146
xy,1.01,G16,G16H,4.388508619507775
sy,1.03,A45,A45D,4.388605506159365
db,2.08,C01,C01G,4.388824919704348
py,3.02,A62,A62C,4.388888910412788
le,1.05,H01,H01R,4.388888955116272
km,1.06,B60,B60R,4.389227650128305
tm,3.01,C07,C07J,4.389421289088205
er,1.02,A61,A61F,4.389765977626666
rt,3.02,H03,H03M,4.389896263368428
py,3.02,C01,C01G,4.390151530504227
um,3.01,H04,H04L,4.390536689897999
ue,2.11,A61,A61C,4.391498995479196
ea,1.04,B03,B03B,4.3917527992744
dq,9,C08,C08J,4.392648554872721
oa,2.11,A61,A61G,4.393094028346241
ur,1.01,H01,H01M,4.393399065360427
dt,2.03,F02,F02M,4.394977694377303
ru,3.01,H02,H02J,4.395426695700735
ev,1.02,G01,G01J,4.395674579543993
or,5.09,G03,G03G,4.395833333954215
ni,3.01,G09,G09G,4.395833358168602
cu,1.06,A01,A01G,4.397231954149902
ku,5.07,G06,G06K,4.398780273273587
bi,6.01,G06,G06N,4.400000002235174
gu,1.06,C09,C09C,4.400000005960464
ui,1.03,B07,B07C,4.400000005960464
qg,2.05,F16,F16D,4.400000043213367
lq,3.03,B29,B29C,4.400000046938658
tq,3.02,C12,C12P,4.40101207443513
yi,6.03,C08,C08J,4.401923097670078
uf,1.03,C10,C10G,4.403159386012703
zr,1.05,A23,A23L,4.404969635419548
iu,2.03,C10,C10B,4.40536948107183
ig,2.06,B62,B62D,4.405875605531037
ai,2.03,A61,A61N,4.407770444871858
ni,3.01,B29,B29C,4.40778248035349
ai,2.03,F02,F02M,4.407845363020897
uu,5.06,A61,A61N,4.408401207067072
id,2.07,F25,F25D,4.408712146803737
bp,6.04,C07,C07K,4.408794608199969
ah,4.01,A61,A61L,4.408927657175809
rb,2.02,H02,H02J,4.409447979647666
yy,5.07,A61,A61B,4.41044911229983
da,1.06,A23,A23J,4.410537323914468
fi,1.04,G06,G06K,4.412691695615649
ec,1.04,G09,G09G,4.412740249186754
tm,3.01,C07,C07F,4.413331843912601
uk,1.03,C09,C09J,4.413557045394555
zm,1.06,C08,C08B,4.414886524900794
pk,2.05,A62,A62D,4.415837660431862
zm,1.06,C01,C01G,4.41666667163372
id,2.07,E04,E04H,4.416666679084301
rt,3.02,F16,F16C,4.416666679084301
ew,1.02,B41,B41C,4.416666686534882
te,1.05,A61,A61Q,4.416666686534882
zc,4.03,B32,B32B,4.416666686534882
py,3.02,B01,B01F,4.417934268247336
nu,5.08,B22,B22F,4.417982462793589
il,2.07,G08,G08G,4.418055597692728
rb,2.02,B60,B60L,4.419047646224499
ep,1.02,C07,C07D,4.421040099579841
if,2.11,H01,H01G,4.421438289806247
po,1.01,H05,H05B,4.421524096280336
iu,2.03,C09,C09J,4.421953415498137
ju,4.01,A23,A23B,4.422222252935171
su,3.02,B01,B01J,4.422853557392955
am,4.01,C04,C04B,4.42333339061588
ja,1.05,C22,C22C,4.423412779346108
le,1.05,C08,C08K,4.424107660539448
pn,1.01,B64,B64C,4.425366332754493
xq,2.11,H05,H05K,4.426190516911447
cq,1.06,G16,G16H,4.426513231126592
sy,1.03,C01,C01G,4.427181089995429
zr,1.05,C08,C08G,4.427240409422666
js,6.04,H01,H01Q,4.428210698068142
ei,1.04,B60,B60C,4.42831399734132
pu,2.03,C07,C07D,4.430289986426942
pm,2.05,B03,B03D,4.430835863575339
qc,6.02,G01,G01N,4.431099620182067
gu,1.06,G06,G06N,4.431360203772783
ml,9,H04,H04L,4.431376343593001
bu,1.03,A61,A61C,4.431818187236786
ev,1.02,F15,F15B,4.432063583284616
un,1.03,B01,B01J,4.432304341113195
ac,2.02,A61,A61K,4.432482328033075
uk,1.03,F17,F17C,4.433163947425783
cq,1.06,C25,C25D,4.433344753459096
vy,3.02,A61,A61Q,4.433779019862413
ky,1.05,A61,A61K,4.433903481345624
ev,1.02,C08,C08L,4.433943872340024
oa,2.11,F42,F42B,4.434697885066271
iq,2.02,F16,F16P,4.435049043036997
pz,2.05,H03,H03K,4.435806319583207
pk,2.05,D21,D21H,4.43746199272573
ru,3.01,G03,G03B,4.438157921656966
qf,9,C07,C07C,4.438569964841008
bd,1.06,G06,G06Q,4.438789728097618
ht,1.06,H01,H01L,4.441193802515045
zq,2.07,G06,G06Q,4.441815523430705
iq,2.02,B63,B63G,4.441873768344522
cq,1.06,A01,A01C,4.441980495583266
ea,1.04,G02,G02C,4.442173866555095
ba,3.02,G02,G02B,4.442647407762706
jy,4.05,A61,A61J,4.443411302287132
eq,3.01,B01,B01D,4.444444455206394
py,3.02,E04,E04C,4.444444455206394
ru,3.01,G01,G01F,4.444444455206394
nu,5.08,E04,E04F,4.444444485008717
di,5.02,B64,B64D,4.444444485008717
iq,2.02,D04,D04B,4.444688668474555
gu,1.06,C01,C01G,4.445238100364804
qc,6.02,H04,H04N,4.445294321514666
ev,1.02,A01,A01B,4.445454584434628
up,1.03,B82,B82Y,4.445671550929546
ev,1.02,G01,G01D,4.446224329527467
id,2.07,F27,F27B,4.446442371234298
ex,1.02,B42,B42D,4.447056945413351
dt,2.03,B60,B60H,4.447916690260172
qf,9,H03,H03K,4.447979235555977
oa,2.11,B22,B22D,4.448185147717595
et,1.02,F24,F24F,4.448611173778772
tc,3.02,B65,B65B,4.448924735188484
gy,5.02,G01,G01F,4.450000002980232
ja,1.05,F16,F16L,4.450000032782555
pn,1.01,G05,G05D,4.451440712902695
xq,2.11,C12,C12P,4.451598282088526
ei,1.04,G05,G05B,4.451788208913058
km,1.06,C08,C08J,4.451851604739204
pn,1.01,H01,H01R,4.453217515721917
rt,3.02,H01,H01J,4.453311278484762
dy,1.04,H01,H01C,4.453394057694823
ad,4.02,A61,A61Q,4.454464551061392
da,1.06,G11,G11B,4.456010537222028
js,6.04,G09,G09G,4.456666670739651
cq,1.06,A61,A61H,4.456877813208848
im,2.01,B28,B28B,4.45769236702472
nu,5.08,H01,H01H,4.457804972305894
ai,2.03,F41,F41A,4.458333343267441
iq,2.02,B60,B60S,4.458333343267441
uy,1.04,F16,F16K,4.458518814761192
tq,3.02,C09,C09K,4.458730172365904
pm,2.05,B60,B60J,4.461111150681973
nq,5.01,G06,G06K,4.461374034173787
im,2.01,A62,A62D,4.461855985224247
ea,1.04,B22,B22F,4.46211940376088
ki,3.02,A23,A23G,4.462214816361666
ec,1.04,H04,H04N,4.463036485016346
zd,9,A23,A23C,4.463265988975763
ot,6.02,G09,G09G,4.463492069393396
oa,2.11,B29,B29D,4.46364451572299
wm,5.04,C07,C07K,4.464368462795392
si,1.05,H04,H04R,4.465260890312493
tq,3.02,C08,C08J,4.465267935302109
ye,2.02,G07,G07G,4.465873092412949
wh,3.02,H04,H04N,4.466666676104069
dx,3.01,C08,C08L,4.467023246455938
ep,1.02,A01,A01D,4.46715372800827
ea,1.04,H03,H03M,4.467831096611917
oa,2.11,B60,B60H,4.468750020489097
ae,4.05,A23,A23B,4.4690827652812
ih,2.07,G06,G06T,4.469804065302014
ii,2.04,B64,B64D,4.470057759433985
hl,3.03,G06,G06N,4.470065700821579
py,3.02,B22,B22F,4.470431099645793
fa,2.01,G01,G01M,4.470501397736371
gy,5.02,H03,H03F,4.470516429282725
db,2.08,F24,F24F,4.470833346247673
de,1.06,C12,C12C,4.471464418806136
xq,2.11,G07,G07F,4.471739411354065
ne,3.03,B82,B82Y,4.471876740455627
ti,9,C07,C07H,4.472680062055588
jm,5.04,G06,G06Q,4.472727285698056
iu,2.03,H04,H04J,4.47307856939733
uf,1.03,B23,B23K,4.474730867892504
if,2.11,A01,A01N,4.474876066669822
ij,2.11,F03,F03D,4.475220671854913
ee,1.04,B22,B22F,4.475928890286013
oz,6.02,B65,B65D,4.476190492510796
ba,3.02,G16,G16H,4.477145059965551
ah,4.01,C02,C02F,4.478171018883586
ha,5.03,H01,H01J,4.478439166210592
zq,2.07,C07,C07D,4.478458526078612
ra,2.11,G01,G01T,4.478503185324371
pk,2.05,A24,A24F,4.4791209846735
dq,9,G05,G05B,4.480809949338436
jo,5.04,A61,A61F,4.481323236832395
db,2.08,F16,F16L,4.482051321305335
rp,6.04,G10,G10G,4.482575800269842
bi,6.01,H04,H04W,4.483233833685517
ai,2.03,F01,F01K,4.483333371579647
im,2.01,F16,F16L,4.483333379030228
ru,3.01,C08,C08F,4.485261963680387
bp,6.04,G03,G03F,4.486111126840115
ea,1.04,B07,B07C,4.486601363867521
oa,2.11,B21,B21D,4.487373750656843
dy,1.04,A23,A23F,4.487641154322773
rt,3.02,B60,B60R,4.488095261156559
ju,4.01,A61,A61B,4.488141400739551
sy,1.03,G05,G05F,4.488391418941319
ac,2.02,C23,C23C,4.489237747620791
py,3.02,F25,F25B,4.489387910813093
or,5.09,G01,G01S,4.492063540965319
ee,1.04,C03,C03C,4.492173139471561
hy,1.06,G06,G06Q,4.492592545691878
di,5.02,H01,H01M,4.492816109210253
if,2.11,B65,B65D,4.493420677259564
ni,3.01,A23,A23J,4.493832432664931
ua,6.03,C01,C01B,4.494444454088807
id,2.07,G09,G09G,4.494444478303194
fa,2.01,A61,A61L,4.49525526445359
ub,1.03,B21,B21D,4.495541642419994
yr,2.01,B60,B60C,4.497222296893597
ni,3.01,C09,C09B,4.498210741672665
zm,1.06,G02,G02B,4.498397450428456
ev,1.02,A01,A01K,4.498996258946136
tu,3.01,G03,G03C,4.49907410889864
qq,1.05,B60,B60G,4.5
cl,9,G10,G10D,4.5
pn,1.01,A43,A43B,4.5
dm,3.02,B60,B60Q,4.5
yg,6.04,C23,C23C,4.5
iu,2.03,F16,F16N,4.5
fy,3.02,G09,G09F,4.5
nu,5.08,B02,B02C,4.5
pj,2.05,B26,B26F,4.5
ne,3.03,F16,F16B,4.5
aa,1.03,G10,G10D,4.5
ui,1.03,E05,E05B,4.5
js,6.04,B24,B24D,4.5
ew,1.02,B62,B62K,4.5
om,5.05,A47,A47J,4.5
if,2.11,B30,B30B,4.5
uy,1.04,B66,B66B,4.5
bp,6.04,A47,A47G,4.5
oy,9,B62,B62D,4.5
yg,6.04,B01,B01D,4.5
qk,6.01,G02,G02C,4.5
bk,6.04,B60,B60C,4.5
rp,6.04,E04,E04D,4.5
dm,3.02,B64,B64C,4.5
rp,6.04,A01,A01G,4.5
pd,6.02,B32,B32B,4.5
yg,6.04,B41,B41J,4.5
rp,6.04,B24,B24D,4.5
ui,1.03,G04,G04B,4.5
oz,6.02,F16,F16B,4.5
ut,6.02,H02,H02M,4.5
et,1.02,D04,D04H,4.5
zd,9,H01,H01M,4.5
eq,3.01,G01,G01R,4.5
dk,5.02,B41,B41J,4.5
yg,6.04,C08,C08J,4.5
yq,5.07,F02,F02D,4.5
ut,6.02,B41,B41J,4.5
fe,5.05,H03,H03J,4.5
ec,1.04,C06,C06D,4.50000000372529
py,3.02,A47,A47C,4.50000000372529
oy,9,B65,B65D,4.500000014901161
ot,6.02,B65,B65D,4.500000014901161
de,1.06,H01,H01Q,4.500000014901161
nu,5.08,B42,B42D,4.500000014901161
qc,6.02,G11,G11B,4.500000026077032
qj,2.05,D06,D06C,4.500000029802322
bq,6.05,B64,B64C,4.500000029802322
pz,2.05,B05,B05C,4.500000029802322
di,5.02,B24,B24B,4.500000029802322
iu,2.03,F27,F27D,4.500961542129517
ma,3.02,G05,G05B,4.501741634681821
sy,1.03,B22,B22D,4.501798268407583
ry,2.03,C07,C07H,4.502645360305905
zr,1.05,G06,G06N,4.502937803044915
ni,3.01,A63,A63F,4.504220204427838
if,2.11,F15,F15B,4.505550152622163
ik,2.11,B62,B62D,4.50687943585217
ne,3.03,H03,H03H,4.506966421380639
bq,6.05,H03,H03H,4.507575757801533
ni,3.01,G03,G03F,4.508732756599784
ui,1.03,C07,C07H,4.509155723731965
tq,3.02,C23,C23C,4.509523823857307
ai,2.03,H01,H01G,4.50952385365963
ub,1.03,A62,A62D,4.510134019423276
cn,5.01,A61,A61F,4.510885288473219
ip,2.07,C10,C10C,4.511111170053482
pc,5.02,G08,G08G,4.511546660214663
co,1.06,A23,A23G,4.514282514341176
iu,2.03,C09,C09C,4.515771836042404
pa,6.02,G10,G10L,4.517025872133672
ki,3.02,C04,C04B,4.517269073519856
ka,4.01,A61,A61Q,4.517530583776534
jy,4.05,H01,H01R,4.518518518656492
pm,2.05,G10,G10L,4.520658618304878
dr,1.06,A63,A63B,4.521739145740867
le,1.05,G06,G06N,4.522007467690855
ba,3.02,B65,B65D,4.523255828768015
dr,1.06,G03,G03B,4.523809554055333
jb,5.07,C04,C04B,4.525000013411045
et,1.02,G01,G01K,4.525529184378684
he,5.03,H01,H01L,4.525641128886491
sr,2.07,H04,H04J,4.526542033534497
ya,3.02,H04,H04J,4.526822583284229
oe,5.06,A61,A61M,4.527318771462888
tu,3.01,B41,B41M,4.527724226936698
ew,1.02,F15,F15B,4.527777791023254
dm,3.02,G09,G09F,4.528089887928218
qg,2.05,G21,G21K,4.528934112749994
wc,3.03,G05,G05B,4.529716367367655
ne,3.03,C07,C07F,4.529774345224723
pz,2.05,C10,C10J,4.530213553458452
uf,1.03,F02,F02K,4.530357152223587
sd,3.02,B01,B01D,4.531619559507817
rp,6.04,B65,B65D,4.533333376049995
da,1.06,A01,A01H,4.533435797435232
vy,3.02,C23,C23C,4.533587233163416
km,1.06,C07,C07J,4.533858710899949
id,2.07,F23,F23K,4.534722298383713
pm,2.05,A24,A24B,4.53486191900447
dt,2.03,B82,B82Y,4.535375335719436
de,1.06,C01,C01B,4.536111125722528
ru,3.01,G01,G01B,4.536544863134623
uy,1.04,A23,A23C,4.536547558382154
ik,2.11,B65,B65G,4.537037052214146
qq,1.05,A61,A61L,4.537191523704678
ub,1.03,F23,F23N,4.540277808904648
ne,3.03,B64,B64C,4.541666682809591
wu,5.04,G01,G01R,4.542777779046446
uy,1.04,B64,B64C,4.542857164517045
dy,1.04,C14,C14C,4.543347362428904
dx,3.01,A23,A23K,4.543705636635423
dr,1.06,G01,G01S,4.543985834345222
et,1.02,F02,F02D,4.54417993593961
qf,9,G11,G11B,4.544549683574587
ry,2.03,C08,C08G,4.545039396965876
ha,5.03,H05,H05B,4.545454584062099
rp,6.04,A01,A01H,4.545606201514602
rq,1.06,A23,A23L,4.546165771316737
fa,2.01,C08,C08K,4.547222275286913
ku,5.07,G01,G01N,4.548409460578114
qu,1.06,C08,C08F,4.548611437436193
gc,1.05,G03,G03B,4.550000000745058
dm,3.02,G05,G05B,4.551670046523213
xq,2.11,C11,C11D,4.551681978628039
et,1.02,G07,G07G,4.551851904019713
ub,1.03,F02,F02K,4.554761921986938
wu,5.04,A43,A43B,4.555555555969477
zr,1.05,E02,E02B,4.555555656552315
ut,6.02,E21,E21B,4.556060627102852
pn,1.01,G02,G02F,4.556067149154842
nn,3.03,C12,C12M,4.55639042169787
bk,6.04,H01,H01M,4.557104299776256
de,1.06,A01,A01M,4.557216167449951
cq,1.06,B60,B60R,4.558638266287744
di,5.02,C08,C08G,4.559523820877075
su,3.02,C08,C08B,4.559959652367979
ui,1.03,B08,B08B,4.560214042197913
py,3.02,H02,H02M,4.56025642156601
sa,3.03,G01,G01G,4.561111178249121
uq,5.07,H04,H04N,4.561507973819971
yg,6.04,C07,C07C,4.562271064147353
pj,2.05,G01,G01R,4.563888892531395
ij,2.11,B60,B60W,4.564789421390742
am,4.01,C08,C08L,4.566223391797394
ne,3.03,B42,B42F,4.566666688770056
ki,3.02,C12,C12M,4.567972974153236
yp,3.02,B04,B04B,4.568467493867502
jy,4.05,B08,B08B,4.5685153324157
qq,1.05,C08,C08L,4.569086066447198
ea,1.04,A01,A01C,4.569096060702577
qf,9,B24,B24B,4.569541376084089
io,2.07,G01,G01C,4.570554850623012
es,2.02,G16,G16H,4.571576730115339
ai,2.03,B60,B60W,4.572009435854852
yq,5.07,H04,H04H,4.572670934721828
oz,6.02,A01,A01H,4.573327580466866
er,1.02,G11,G11C,4.574189060833305
if,2.11,G08,G08C,4.574900082312524
dy,1.04,F03,F03G,4.575401591835544
qq,1.05,C09,C09K,4.575951774604619
ui,1.03,F02,F02C,4.576190494000912
dk,5.02,G08,G08B,4.576190512627363
ik,2.11,H04,H04M,4.577191138640046
iq,2.02,B30,B30B,4.578282866626978
dk,5.02,A61,A61C,4.578304063528776
qu,1.06,A23,A23J,4.578479954041541
jb,5.07,G06,G06T,4.579305028542876
ui,1.03,B24,B24B,4.580194849520922
ro,1.07,C01,C01D,4.580235058441758
pm,2.05,B25,B25J,4.58078124304302
ub,1.03,F16,F16H,4.582931539043784
mm,6.01,F01,F01D,4.58333333581686
iu,2.03,B62,B62B,4.58333333581686
ur,1.01,H02,H02G,4.58333333581686
pa,6.02,F02,F02B,4.583333343267441
pd,6.02,C03,C03C,4.583333343267441
js,6.04,H04,H04Q,4.583333343267441
iq,2.02,B62,B62B,4.583333358168602
za,3.02,B29,B29C,4.58466449379921
xw,3.03,G05,G05B,4.585087901446968
vy,3.02,A01,A01N,4.58605458214879
ih,2.07,F23,F23J,4.586508017033339
oa,2.11,B62,B62K,4.586805586703122
pm,2.05,A01,A01G,4.58687680028379
ew,1.02,A61,A61L,4.587767398916185
ig,2.06,C25,C25D,4.587864648085088
iu,2.03,G09,G09F,4.589144947007298
vx,5.01,A63,A63F,4.589208020828664
iu,2.03,B21,B21B,4.590816639363766
dy,1.04,G01,G01M,4.591617681551725
dm,3.02,H05,H05B,4.593060737010092
ia,3.02,C12,C12Y,4.596290269633755
aa,1.03,F01,F01D,4.596572935581207
ep,1.02,G08,G08C,4.596814893186092
qg,2.05,B01,B01L,4.597238740883768
bk,6.04,H03,H03K,4.597916677594185
vx,5.01,G01,G01R,4.59851497085765
cq,1.06,C22,C22B,4.598982143215835
gu,1.06,H04,H04Q,4.599242437630892
ig,2.06,H05,H05B,4.599407214205712
uu,5.06,C08,C08G,4.599977441132069
yi,6.03,H04,H04M,4.600000008940697
oz,6.02,F16,F16C,4.600000016391277
ia,3.02,G11,G11B,4.600000023841858
nm,5.02,H04,H04W,4.600000038743019
uf,1.03,C04,C04B,4.600098363123834
xq,2.11,G01,G01M,4.601478383876383
ev,1.02,C23,C23C,4.602819379419088
rb,2.02,H02,H02N,4.604921708349138
if,2.11,G09,G09F,4.605072489008307
xe,4.01,A01,A01B,4.605555597692728
qg,2.05,B01,B01F,4.605671796016395
if,2.11,B21,B21D,4.606060609221458
vy,3.02,B23,B23K,4.606571231270209
pj,2.05,B23,B23K,4.606589172035456
mu,4.01,C05,C05G,4.606879968196154
eu,2.02,H04,H04R,4.607153651304543
er,1.02,B60,B60R,4.608237218111753
rt,3.02,F02,F02B,4.608333349227905
if,2.11,B61,B61L,4.608333364129066
ev,1.02,C40,C40B,4.608376732474426
jy,4.05,B01,B01L,4.609810415655375
fs,6.04,H01,H01Q,4.611472321208566
id,2.07,F21,F21V,4.612187155522406
ei,1.04,B05,B05C,4.612193496432155
xq,2.11,C10,C10L,4.613542653154582
qj,2.05,H04,H04N,4.614033252000809
bp,6.04,H03,H03K,4.614285752177238
ih,2.07,B29,B29B,4.615229925140738
js,6.04,H04,H04H,4.615384634584188
ew,1.02,A01,A01G,4.615740769542754
pk,2.05,F16,F16L,4.615740790963173
yr,2.01,H03,H03K,4.617017542477697
db,2.08,A22,A22C,4.619411775842309
nn,3.03,B01,B01J,4.619572811760008
um,3.01,B82,B82Y,4.620284660020843
rp,6.04,A61,A61F,4.620435288175941
pn,1.01,A63,A63F,4.621520583517849
ih,2.07,G01,G01M,4.622685220092535
le,1.05,C08,C08G,4.622999782674015
uk,1.03,B29,B29D,4.623732040869072
xq,2.11,H01,H01R,4.624242454767227
ub,1.03,H03,H03J,4.624834697693586
oo,3.03,F04,F04D,4.625
pa,6.02,H03,H03H,4.625
wv,3.03,F04,F04D,4.625
hf,6.03,F04,F04D,4.625
km,1.06,F16,F16F,4.625
ij,2.11,F16,F16D,4.625
jy,4.05,G03,G03G,4.625000014901161
ai,2.03,E04,E04B,4.625000018626451
pc,5.02,G01,G01S,4.625279600732028
pz,2.05,F42,F42B,4.626587323844433
fy,3.02,B22,B22F,4.626811634749174
ru,3.01,B65,B65D,4.627075374126434
vj,5.01,B29,B29C,4.62777778506279
et,1.02,C10,C10G,4.628017615526915
mm,6.01,H01,H01Q,4.628685949370265
gy,5.02,F21,F21V,4.628787912428379
da,1.06,G01,G01B,4.629100041114725
id,2.07,B05,B05B,4.62925506173633
ot,6.02,C08,C08K,4.630176797509193
pc,5.02,B65,B65G,4.630952455103397
ai,2.03,B01,B01F,4.631372579373419
aa,1.03,G01,G01J,4.631597210885957
uh,1.03,G03,G03C,4.632387092337012
tu,3.01,G08,G08G,4.634803936816752
wc,3.03,G08,G08B,4.635357160121202
ep,1.02,F41,F41H,4.635822540149093
oe,5.06,A63,A63F,4.637240599840879
ii,2.04,F21,F21V,4.637406107969582
qf,9,G05,G05B,4.637407195754349
or,5.09,G02,G02B,4.637500014156103
dr,1.06,H04,H04R,4.638014126569033
ij,2.11,G09,G09G,4.638628275133669
ye,2.02,A61,A61G,4.638809618540108
ew,1.02,F04,F04D,4.638888899236917
pq,1.01,C08,C08K,4.639743593521416
ec,1.04,H01,H01J,4.639972566626966
oi,3.02,A01,A01N,4.641281836433336
et,1.02,F04,F04D,4.641666680574417
su,3.02,G09,G09G,4.642210435122252
pe,5.02,H04,H04J,4.642803858965635
bq,6.05,B65,B65H,4.642857149243355
yg,6.04,H05,H05K,4.642857149243355
id,2.07,A23,A23K,4.643718563020229
il,2.07,E21,E21B,4.644206419121474
mm,6.01,H03,H03M,4.645634964108467
ry,2.03,B23,B23P,4.64583333581686
oy,9,H02,H02J,4.645833343267441
pz,2.05,G21,G21F,4.646693164482713
ro,1.07,F02,F02M,4.648101571947336
sr,2.07,G02,G02F,4.648178569041193
de,1.06,B01,B01L,4.648456471506506
ka,4.01,G01,G01B,4.648692843038589
pt,3.03,A63,A63B,4.649110193364322
if,2.11,C12,C12N,4.649412055092398
zm,1.06,H04,H04M,4.650000013411045
hl,3.03,G03,G03G,4.650054175406694
wh,3.02,G01,G01R,4.650263023562729
nu,5.08,C01,C01G,4.651111118495464
fa,2.01,E04,E04F,4.652777798473835
gc,1.05,H01,H01M,4.652797716669738
bp,6.04,A01,A01N,4.6538220718503
ye,2.02,B60,B60T,4.654100626707077
fa,2.01,B65,B65G,4.654761910438538
ns,2.01,F16,F16L,4.654850243590772
pz,2.05,A61,A61Q,4.656071472913027
iq,2.02,F26,F26B,4.656190544366837
ja,1.05,C11,C11B,4.656210653483868
ai,2.03,C10,C10M,4.658333364874125
om,5.05,A63,A63F,4.658577054738998
uy,1.04,A61,A61J,4.659150602295995
dy,1.04,H02,H02M,4.659176432993263
xa,5.04,C07,C07C,4.659990045242012
pm,2.05,F15,F15B,4.660409647040069
ip,2.07,C07,C07D,4.660675020655617
qu,1.06,H01,H01J,4.662899578921497
mm,6.01,G09,G09G,4.664683356881142
hy,1.06,A61,A61Q,4.665666540618986
vm,5.06,E21,E21B,4.665667988359928
qa,3.01,A61,A61J,4.665720486780629
pa,6.02,G05,G05G,4.66666667163372
ii,2.04,B60,B60G,4.66666667163372
pq,1.01,B65,B65G,4.66666667163372
bp,6.04,E21,E21B,4.66666667163372
pn,1.01,H02,H02G,4.66666667163372
oz,6.02,H02,H02H,4.66666667163372
pj,2.05,H04,H04M,4.66666667163372
ai,2.03,B60,B60T,4.666666682809591
ph,6.02,H04,H04Q,4.666666686534882
oz,6.02,F16,F16H,4.666666686534882
oy,9,H02,H02K,4.666666686534882
rp,6.04,H02,H02J,4.666666686534882
id,2.07,C21,C21D,4.666666686534882
ve,3.02,F16,F16C,4.666666686534882
qf,9,G21,G21C,4.666666738688946
jy,4.05,C14,C14C,4.66787332482636
dr,1.06,A21,A21D,4.668857950833626
im,2.01,B60,B60W,4.668915460817516
wc,3.03,G01,G01R,4.669139225268736
yo,3.01,B82,B82Y,4.669474169728346
oe,5.06,G06,G06K,4.670586571097374
oe,5.06,G01,G01R,4.670851405709982
bq,6.05,G10,G10H,4.671428583562374
up,1.03,C09,C09K,4.671653144992888
oy,9,C23,C23C,4.6729915458709
ew,1.02,G09,G09C,4.674193209968507
un,1.03,F02,F02C,4.675000011920929
pn,1.01,H03,H03H,4.675363481976092
tu,3.01,B05,B05C,4.675804587081075
ui,1.03,G10,G10H,4.676388923078775
dq,9,G01,G01T,4.677223795093596
bp,6.04,G01,G01C,4.678030323237181
pu,2.03,C06,C06B,4.678571474738419
nn,3.03,B29,B29C,4.680555597878993
xa,5.04,G05,G05B,4.681159425526857
ja,1.05,G01,G01W,4.681349284946918
ea,1.04,H03,H03H,4.681581072509289
oz,6.02,B82,B82Y,4.682481214404106
ds,3.02,G16,G16H,4.68315073242411
ae,4.05,G01,G01R,4.683333355933428
ro,1.07,F16,F16F,4.684545047115535
ia,3.02,B29,B29C,4.684746384620667
vi,5.01,B01,B01D,4.684848496690392
tu,3.01,E06,E06B,4.685748807154596
ru,3.01,H04,H04H,4.685767239890993
ip,2.07,C08,C08L,4.685853465460241
yq,5.07,G07,G07B,4.686507992446423
pw,2.06,H04,H04N,4.687298404984176
pu,2.03,C09,C09C,4.687599336728454
ui,1.03,C10,C10M,4.687988443300128
cq,1.06,D01,D01D,4.689159963047132
da,1.06,G01,G01S,4.689331223024055
pm,2.05,C10,C10B,4.68944276496768
dm,3.02,G01,G01B,4.689632868394256
qg,2.05,G01,G01T,4.689636385068297
dy,1.04,B27,B27N,4.689833834767342
iu,2.03,B64,B64F,4.690476194024086
pu,2.03,B64,B64D,4.691378138028085
er,1.02,G01,G01D,4.691411120351404
if,2.11,F23,F23C,4.692142903804779
ro,1.07,G01,G01H,4.692691061645746
qf,9,G10,G10K,4.693872584961355
oz,6.02,B41,B41F,4.694444455206394
gc,1.05,C10,C10L,4.694515973329544
jo,5.04,H04,H04N,4.696157112717628
uy,1.04,H02,H02N,4.697337393416092
ee,1.04,B41,B41J,4.697810545563698
ik,2.11,F28,F28F,4.698478324338794
ih,2.07,B03,B03C,4.698484962806106
ui,1.03,H03,H03G,4.699206374585629
ro,1.07,G10,G10D,4.700000002980232
rp,6.04,C08,C08K,4.700000002980232
ni,3.01,A61,A61J,4.700144152157009
eo,6.02,C07,C07C,4.701149430125952
dx,3.01,H01,H01M,4.702115154825151
ni,3.01,G11,G11C,4.702754195779562
po,1.01,H01,H01L,4.702928596641868
ve,3.02,A61,A61Q,4.70330007513985
bq,6.05,C12,C12P,4.704190008342266
uh,1.03,C12,C12P,4.704950693994761
un,1.03,G21,G21C,4.705555580556393
wh,3.02,C07,C07H,4.70593659277074
et,1.02,H02,H02H,4.706746065989137
ry,2.03,C03,C03B,4.706845270469785
ma,3.02,H04,H04B,4.707393497228622
vj,5.01,G03,G03F,4.707575768232346
xq,2.11,C08,C08K,4.707751044072211
cq,1.06,C12,C12G,4.707817006390542
ui,1.03,H03,H03L,4.708318157121539
pz,2.05,F02,F02M,4.70833333954215
ro,1.07,F16,F16D,4.708333343267441
dy,1.04,B67,B67D,4.708333343267441
jb,5.07,A63,A63B,4.708333343267441
xa,5.04,G09,G09G,4.708333361893892
ep,1.02,A01,A01K,4.708430090453476
vy,3.02,G08,G08B,4.708481680601835
ki,3.02,G11,G11C,4.711767098400742
oy,9,C08,C08G,4.711805569007993
ih,2.07,H04,H04N,4.713095311075449
iq,2.02,B61,B61K,4.714285735040903
ju,4.01,G01,G01S,4.71438904851675
ig,2.06,H02,H02M,4.715302741155028
xq,2.11,G05,G05B,4.715324195567518
qg,2.05,B24,B24D,4.715535590425134
rb,2.02,A61,A61N,4.716209405683912
ah,4.01,B05,B05B,4.716666672378778
dw,1.04,A23,A23P,4.716701606754214
pn,1.01,G01,G01M,4.717030025087297
tq,3.02,B32,B32B,4.717171736061573
qq,1.05,B64,B64G,4.718848239630461
vy,3.02,C02,C02F,4.719102116301656
rt,3.02,G01,G01S,4.71980831772089
ja,1.05,F26,F26B,4.720039727166295
es,2.02,C04,C04B,4.720138909295201
om,5.05,C09,C09K,4.720408165827394
pk,2.05,H02,H02J,4.720752640627325
tc,3.02,A01,A01N,4.721916462760419
ub,1.03,B41,B41N,4.722222239710391
qq,1.05,C04,C04B,4.722893171943724
ju,4.01,C12,C12R,4.723927328828722
uy,1.04,D06,D06F,4.72549020126462
ei,1.04,F02,F02C,4.725529193878174
ub,1.03,G10,G10L,4.726159965619445
rt,3.02,B65,B65D,4.726190517656505
ep,1.02,G10,G10K,4.726356200873852
ja,1.05,G08,G08G,4.726508736610413
py,3.02,G01,G01C,4.728647854179144
py,3.02,B62,B62D,4.728761535137892
dw,1.04,A01,A01G,4.728766890708357
ka,4.01,C09,C09J,4.729007330723107
rz,3.03,G02,G02F,4.729166686534882
ew,1.02,A01,A01N,4.729369037318975
iq,2.02,A47,A47B,4.730158764868975
ze,1.06,A61,A61F,4.730464554391801
iq,2.02,A45,A45F,4.730804233811796
vj,5.01,C09,C09K,4.731059066951275
dk,5.02,C12,C12N,4.731205734424293
sy,1.03,C07,C07H,4.731649213819765
pq,1.01,G07,G07F,4.731746058911085
sa,3.03,B29,B29C,4.731818217784166
bi,6.01,C07,C07D,4.732483102940023
rb,2.02,H05,H05K,4.732856778427958
iu,2.03,B63,B63H,4.733333352953196
qq,1.05,G08,G08B,4.733333393931389
uy,1.04,B44,B44C,4.733843561727554
io,2.07,G06,G06T,4.734865923412144
ev,1.02,B01,B01J,4.734891179017723
ee,1.04,C08,C08H,4.736027330160141
pa,6.02,G01,G01V,4.736111126840115
qj,2.05,G06,G06Q,4.737896909937263
jy,4.05,D21,D21F,4.738095246255398
yp,3.02,C07,C07C,4.738193449564278
fa,2.01,F16,F16F,4.738562124781311
uh,1.03,C02,C02F,4.738780422601849
im,2.01,C10,C10L,4.739239177666605
ot,6.02,C08,C08L,4.73937913030386
gu,1.06,G09,G09B,4.739682573825121
bf,5.04,A61,A61F,4.740182682871819
ue,2.11,C08,C08L,4.74237478908617
xe,4.01,C07,C07C,4.742832199670374
ai,2.03,F41,F41B,4.744047679007053
am,4.01,C08,C08B,4.744735394604504
qu,1.06,G02,G02B,4.744832712458447
ne,3.03,C01,C01B,4.744936872273684
oa,2.11,B23,B23H,4.74496126268059
le,1.05,H04,H04M,4.745967648923397
ah,4.01,A01,A01M,4.746332975104451
ru,3.01,H01,H01J,4.747196156531572
ep,1.02,A61,A61J,4.749027169076726
qf,9,G01,G01J,4.749045482371002
qf,9,H04,H04N,4.749085985124111
le,1.05,C10,C10L,4.749244058970362
dq,9,G01,G01C,4.749400481581688
iq,2.02,F16,F16J,4.749801677186042
yp,3.02,G03,G03G,4.75
ua,6.03,C10,C10L,4.75
pc,5.02,H01,H01R,4.75
py,3.02,H01,H01H,4.75
pk,2.05,F16,F16D,4.75
nu,5.08,F16,F16J,4.75
js,6.04,A61,A61H,4.75
ut,6.02,C04,C04B,4.75
nu,5.08,B22,B22C,4.75
za,3.02,F41,F41A,4.75
uq,5.07,G03,G03G,4.75
bp,6.04,G03,G03C,4.75
dk,5.02,H05,H05K,4.750000007450581
ew,1.02,B65,B65D,4.750000007450581
uu,5.06,A63,A63H,4.750000022351742
vp,3.03,H04,H04N,4.750000029802322
ii,2.04,E02,E02D,4.750000029802322
mm,6.01,G05,G05D,4.750000029802322
yo,3.01,G11,G11B,4.750000037252903
hy,1.06,H04,H04W,4.750000059604645
ou,1.06,E21,E21B,4.752645965665579
qf,9,G01,G01F,4.753686655312777
ry,2.03,H01,H01Q,4.753785533364862
my,5.01,C07,C07D,4.754049821058288
ei,1.04,A47,A47K,4.75490196608007
if,2.11,C03,C03B,4.754960365593433
dt,2.03,A61,A61L,4.755166314076632
ig,2.06,H02,H02N,4.755344919627532
eu,2.02,G03,G03B,4.756740305572748
uu,5.06,C12,C12P,4.756806663237512
vj,5.01,G01,G01R,4.757069551385939
ue,2.11,C09,C09K,4.757218134589493
sr,2.07,G07,G07C,4.759238017257303
uf,1.03,B05,B05D,4.759349075146019
if,2.11,H05,H05H,4.759542223066092
dm,3.02,C09,C09K,4.760143008315936
ew,1.02,H01,H01G,4.760416673496366
im,2.01,A01,A01N,4.760446042055264
wu,5.04,G01,G01C,4.760460556484759
ut,6.02,B29,B29C,4.760843735188246
qf,9,G11,G11C,4.760966412257403
id,2.07,F02,F02P,4.760990390786901
ec,1.04,G01,G01V,4.761388769373298
sy,1.03,C09,C09J,4.761935316491872
iq,2.02,E21,E21C,4.762103196233511
pj,2.05,B05,B05B,4.763888888992369
nq,5.01,H04,H04N,4.764399584615603
qq,1.05,A63,A63F,4.764564611017704
pa,6.02,F16,F16D,4.765873029828072
pj,2.05,C12,C12Y,4.767275124089792
yi,6.03,G02,G02B,4.767816115170717
qq,1.05,C07,C07D,4.768229724606499
ua,6.03,G01,G01R,4.76866886485368
qu,1.06,A01,A01G,4.769238157663494
tu,3.01,C09,C09C,4.769290126860142
ru,3.01,G01,G01V,4.769791446160525
es,2.02,H03,H03C,4.770039737224579
ot,6.02,B01,B01D,4.772027006372809
uf,1.03,C08,C08L,4.772117938380688
qa,3.01,C08,C08J,4.773081244900823
ye,2.02,B60,B60K,4.773134401999414
xq,2.11,C01,C01G,4.773438095115125
qh,2.05,G06,G06T,4.775112437317148
uy,1.04,H02,H02K,4.775113829411566
ya,3.02,C22,C22C,4.775588357821107
ml,9,G01,G01N,4.776854178286158
pj,2.05,H01,H01L,4.777002207934856
yp,3.02,A01,A01H,4.777128497138619
ro,1.07,B21,B21D,4.777420181781054
uk,1.03,G10,G10K,4.777717932127416
dy,1.04,F01,F01D,4.777777791023254
ja,1.05,C07,C07H,4.777844322146848
nn,3.03,C08,C08G,4.779044408351183
dm,3.02,G09,G09B,4.779111456358805
ry,2.03,A61,A61F,4.779819953953847
ye,2.02,B01,B01D,4.780324793304317
qq,1.05,A61,A61M,4.780388224869967
or,5.09,C07,C07D,4.780614264309406
za,3.02,C02,C02F,4.780952397733927
ju,4.01,A23,A23J,4.781823761761189
uu,5.06,C08,C08L,4.781941670924425
dm,3.02,G21,G21K,4.782973148860037
uk,1.03,G05,G05F,4.782987182494253
qq,1.05,C22,C22C,4.783333346247673
dm,3.02,H04,H04Q,4.783394850790501
yg,6.04,H01,H01R,4.78571429848671
yr,2.01,A47,A47L,4.786521664820611
qj,2.05,D01,D01C,4.787037059664726
ja,1.05,F21,F21V,4.788272056728601
uy,1.04,B08,B08B,4.788392684888095
uy,1.04,H04,H04M,4.788768147584051
bp,6.04,D21,D21H,4.79166667163372
zd,9,C08,C08K,4.79166667163372
wm,5.04,E21,E21B,4.791666693985462
ac,2.02,B23,B23P,4.791666708886623
ot,6.02,H03,H03M,4.79226192086935
hq,1.04,B22,B22D,4.792662788182497
ns,2.01,A01,A01H,4.793770498130471
zm,1.06,G06,G06K,4.794148088432848
iu,2.03,C07,C07K,4.794540999224409
uy,1.04,D04,D04B,4.795940229669213
ai,2.03,A61,A61F,4.796563280746341
ep,1.02,F01,F01D,4.797063563019037
ii,2.04,H02,H02P,4.798170562833548
hq,1.04,C10,C10M,4.798522146418691
ru,3.01,G01,G01J,4.79877882427536
bi,6.01,G11,G11C,4.799523813650012
zm,1.06,A61,A61F,4.799620280973613
pz,2.05,F16,F16F,4.800543471239507
zq,2.07,B01,B01J,4.801971778506413
id,2.07,C01,C01F,4.802281113341451
vy,3.02,B25,B25J,4.802503293380141
if,2.11,F01,F01N,4.803128860890865
uy,1.04,E04,E04C,4.805210016667843
ds,3.02,G06,G06T,4.805333936121315
ai,2.03,F41,F41H,4.805742315948009
oy,9,H01,H01J,4.805808082222939
qc,6.02,C08,C08G,4.807142869569361
vp,3.03,G06,G06F,4.808080829679966
db,2.08,B24,B24B,4.808333337306976
pn,1.01,G01,G01J,4.809018794447184
ij,2.11,A61,A61G,4.809611371718347
we,3.02,G09,G09B,4.811303663533181
ii,2.04,B41,B41C,4.811508014798164
we,3.02,C12,C12P,4.811804626020603
rb,2.02,H02,H02M,4.811818357557058
bk,6.04,H01,H01F,4.812121219933033
pk,2.05,C12,C12N,4.812887541018426
dx,3.01,C11,C11B,4.813059400068596
da,1.06,C08,C08L,4.814319832250476
oz,6.02,H04,H04H,4.816666670143604
ub,1.03,B60,B60W,4.817207827232778
yo,3.01,H01,H01L,4.818919096142054
ig,2.06,A61,A61J,4.819118899409659
iq,2.02,D05,D05B,4.820555586833507
qc,6.02,G06,G06Q,4.820741375908256
um,3.01,B01,B01D,4.822016602382064
ei,1.04,G21,G21B,4.824127368628979
pc,5.02,B29,B29C,4.82452391507104
ns,2.01,B82,B82B,4.824760445510037
er,1.02,B60,B60W,4.82489460427314
di,5.02,B29,B29C,4.825504310429096
sy,1.03,C22,C22F,4.825818670913577
am,4.01,A01,A01B,4.826111134141684
if,2.11,B22,B22F,4.826899755746126
da,1.06,G06,G06Q,4.82733619492501
gu,1.06,H04,H04B,4.82741809822619
uu,5.06,G02,G02F,4.827777788043022
iu,2.03,A61,A61H,4.828553387429565
le,1.05,G01,G01B,4.828559438232332
ii,2.04,G01,G01C,4.828787885606289
di,5.02,G11,G11C,4.829067484475672
zm,1.06,G11,G11B,4.829166673123837
oe,5.06,A61,A61N,4.829357346519828
et,1.02,B01,B01L,4.830177589552477
ia,3.02,H05,H05K,4.83333333581686
bq,6.05,G03,G03B,4.833333343267441
qk,6.01,H04,H04W,4.833333343267441
oz,6.02,B02,B02C,4.833333343267441
ne,3.03,C10,C10M,4.833333343267441
fs,6.04,F01,F01L,4.833333343267441
bk,6.04,C08,C08J,4.833333343267441
ga,3.02,H05,H05K,4.833333343267441
et,1.02,F01,F01N,4.833333343267441
pz,2.05,D07,D07B,4.833333343267441
ut,6.02,B23,B23Q,4.833333343267441
oz,6.02,F02,F02D,4.833333343267441
ve,3.02,H04,H04Q,4.833333343267441
py,3.02,F16,F16C,4.833333343267441
ro,1.07,B67,B67D,4.833333343267441
dt,2.03,A62,A62D,4.833333369344473
uu,5.06,F16,F16H,4.833333373069763
ba,3.02,B32,B32B,4.833333414047956
qh,2.05,B22,B22D,4.834189216140658
de,1.06,A61,A61N,4.834474283503368
km,1.06,H03,H03M,4.834918670356274
dy,1.04,D06,D06N,4.83611112460494
ew,1.02,C03,C03C,4.836904777213931
dt,2.03,C30,C30B,4.837603140156716
zd,9,F02,F02D,4.83764368807897
ya,3.02,B82,B82Y,4.838257923023775
ve,3.02,C08,C08J,4.840488252229989
dq,9,B01,B01J,4.841642501763999
om,5.05,A61,A61Q,4.841666668653488
ep,1.02,A63,A63H,4.842155157588422
iu,2.03,G05,G05G,4.84250092273578
qh,2.05,D04,D04H,4.84278504922986
ff,3.02,H04,H04W,4.845679022371769
si,1.05,A01,A01K,4.846212190575898
wc,3.03,G06,G06K,4.847019830718637
pk,2.05,H04,H04R,4.847262496361509
ig,2.06,G09,G09G,4.848567118868232
aa,1.03,A61,A61L,4.849516945891082
dt,2.03,F23,F23N,4.849722264334559
ii,2.04,C05,C05B,4.850000001490116
qu,1.06,A23,A23F,4.85141839645803
uk,1.03,G03,G03H,4.851677261758596
pu,2.03,E04,E04C,4.852266114205122
pm,2.05,A47,A47J,4.853219727054238
pz,2.05,A44,A44C,4.85416667163372
ha,5.03,E21,E21B,4.854968182742596
su,3.02,C08,C08G,4.85568521078676
ui,1.03,C07,C07F,4.856577914208174
ot,6.02,G06,G06K,4.856814604718238
eu,2.02,H05,H05K,4.860256470739841
hq,1.04,F16,F16C,4.860714314505458
yo,3.01,C08,C08F,4.860860664863139
uu,5.06,B65,B65D,4.861111121252179
sy,1.03,B44,B44F,4.861111141741276
ka,4.01,B32,B32B,4.861572254449129
ui,1.03,A01,A01H,4.862605937756598
ne,3.03,B63,B63B,4.86309527233243
ea,1.04,D01,D01F,4.863959271460772
oa,2.11,F21,F21V,4.864699229598045
le,1.05,G08,G08B,4.865277813747525
py,3.02,G06,G06N,4.865634233690798
wc,3.03,G07,G07F,4.865908663719893
zq,2.07,B23,B23K,4.865928998682648
ye,2.02,B60,B60Q,4.866242569871247
sa,3.03,G01,G01R,4.866639684420079
pm,2.05,B60,B60K,4.866865109652281
vi,5.01,A63,A63B,4.868250275030732
fi,1.04,C01,C01F,4.868390494026244
ub,1.03,B65,B65H,4.868681349791586
uh,1.03,B32,B32B,4.869272904936224
ad,4.02,A23,A23D,4.870029602665454
am,4.01,A24,A24B,4.870171709684655
hq,1.04,H05,H05H,4.871138737536967
un,1.03,H04,H04L,4.87261910457164
uy,1.04,C12,C12R,4.873290397925302
zc,4.03,C11,C11D,4.874369758646935
ha,5.03,H05,H05K,4.874801605939865
ja,1.05,E01,E01C,4.875363301485777
ai,2.03,B62,B62D,4.876539234537631
ja,1.05,H04,H04Q,4.876623403280973
hq,1.04,F02,F02D,4.878518572077155
iq,2.02,A01,A01B,4.880008497275412
sa,3.03,C08,C08G,4.880264991894364
nn,3.03,G01,G01S,4.880650043487549
nu,5.08,F04,F04B,4.880952391773462
ev,1.02,A61,A61C,4.881090534385294
xe,4.01,B01,B01D,4.882497793994844
da,1.06,B01,B01F,4.882874795002863
ne,3.03,H03,H03G,4.883333340287209
dy,1.04,E04,E04H,4.883333344012499
js,6.04,A01,A01H,4.883333373814821
lj,3.02,H04,H04N,4.883434138260782
vy,3.02,C08,C08L,4.883762105135247
yo,3.01,C09,C09K,4.883969857357442
pz,2.05,C10,C10M,4.884854926960543
ew,1.02,H03,H03G,4.885229874635115
up,1.03,A61,A61K,4.885302495211363
yi,6.03,B01,B01D,4.885964922606945
tc,3.02,G09,G09B,4.887101623229682
yg,6.04,A61,A61B,4.887155408039689
qj,2.05,H04,H04W,4.889449177309871
tq,3.02,H04,H04B,4.889858933165669
ee,1.04,A23,A23C,4.890209782402962
zq,2.07,H04,H04W,4.891269862651825
if,2.11,E04,E04C,4.89166672155261
ky,1.05,C07,C07C,4.892109511420131
zk,9,A61,A61B,4.892480099573731
js,6.04,B32,B32B,4.894444458186626
zd,9,H03,H03L,4.895833343267441
om,5.05,H02,H02J,4.895833343267441
ew,1.02,G07,G07G,4.897222261875868
fy,3.02,A23,A23L,4.897275460883975
km,1.06,G01,G01J,4.898603592184372
ea,1.04,H01,H01S,4.899073800770566
rp,6.04,B60,B60G,4.900000005960464
nu,5.08,F27,F27D,4.900000020861626
ve,3.02,G11,G11C,4.900231517851353
bu,1.03,H04,H04R,4.901923093944788
if,2.11,F42,F42B,4.902380954008549
da,1.06,A21,A21D,4.903949956060387
de,1.06,B09,B09C,4.904166338033974
sy,1.03,B01,B01F,4.904396119411103
db,2.08,A63,A63F,4.905406613834202
uh,1.03,H04,H04N,4.90586909558624
nu,5.08,C10,C10L,4.905947744846344
jm,5.04,H01,H01L,4.906196636147797
vi,5.01,G10,G10L,4.908229828346521
gc,1.05,G08,G08B,4.908333368599415
vx,5.01,G01,G01N,4.908484237384982
pm,2.05,F02,F02D,4.908796334406361
rz,3.03,A61,A61N,4.909782013390213
pt,3.03,H04,H04M,4.909869405440986
un,1.03,A61,A61K,4.910115790786222
hq,1.04,B08,B08B,4.910604564705864
dy,1.04,E04,E04B,4.910714287310839
fa,2.01,G06,G06N,4.910765187814832
hq,1.04,H02,H02N,4.911269090604037
cq,1.06,H02,H02J,4.913741739466786
ye,2.02,A61,A61L,4.913938221056014
lq,3.03,H04,H04M,4.914285749197006
ac,2.02,B05,B05B,4.914359651505947
ub,1.03,D21,D21H,4.915323620196432
qu,1.06,C04,C04B,4.91564812255092
cn,5.01,A01,A01N,4.916341819567606
xe,4.01,C08,C08K,4.916523463092744
ui,1.03,B82,B82B,4.916552773676813
ha,5.03,B32,B32B,4.916666675359011
tq,3.02,A61,A61G,4.916666679084301
dm,3.02,G08,G08B,4.916666686534882
fs,6.04,H04,H04Q,4.916666686534882
ru,3.01,E04,E04B,4.916666693985462
iu,2.03,F23,F23J,4.916666708886623
ka,4.01,H04,H04B,4.917798018082976
qf,9,B23,B23P,4.918518543243408
qq,1.05,A61,A61F,4.918639497831464
qu,1.06,D06,D06M,4.91971807833761
ub,1.03,A47,A47L,4.919888352975249
ti,9,G06,G06F,4.920290228445083
ha,5.03,G01,G01S,4.920512862503529
ik,2.11,A61,A61N,4.920813760021701
dt,2.03,H01,H01J,4.921412209514529
dy,1.04,B22,B22C,4.921428583562374
ne,3.03,B64,B64D,4.921428628265858
dr,1.06,H01,H01H,4.921474386472255
ii,2.04,E04,E04B,4.922619056887925
de,1.06,A61,A61B,4.925706225913018
rb,2.02,A63,A63B,4.926156035624444
vj,5.01,H01,H01M,4.926767696626484
ij,2.11,C10,C10L,4.927098428830504
nu,5.08,G10,G10H,4.92714649066329
si,1.05,F03,F03B,4.927777804434299
bp,6.04,A01,A01K,4.92901236563921
vy,3.02,C08,C08B,4.929254185641184
ui,1.03,C06,C06B,4.929625507444143
cq,1.06,H01,H01B,4.929814116563648
oe,5.06,H03,H03K,4.930103696882725
wu,5.04,C02,C02F,4.930180200375617
tm,3.01,A01,A01H,4.930897869169712
ea,1.04,B08,B08B,4.932322386885062
ku,5.07,G09,G09G,4.933333344757557
ve,3.02,H02,H02K,4.933333374559879
dw,1.04,C13,C13K,4.933697501197457
um,3.01,C07,C07J,4.934724600985646
uy,1.04,F04,F04B,4.935438401764259
mq,6.01,C07,C07C,4.935889986343682
pa,6.02,H01,H01B,4.935897441580892
tu,3.01,F16,F16L,4.936111116781831
pk,2.05,H04,H04W,4.936315828934312
sy,1.03,H02,H02K,4.936698803212494
dy,1.04,B65,B65B,4.936866527423263
im,2.01,C08,C08K,4.937187178060412
zc,4.03,C08,C08B,4.937552263960242
ue,2.11,H05,H05K,4.937606958672404
iq,2.02,E05,E05F,4.937698451802135
ns,2.01,B05,B05B,4.938462445978075
wm,5.04,G05,G05B,4.938510124571621
vy,3.02,H05,H05K,4.938589874189347
ye,2.02,B81,B81B,4.938633648212999
pk,2.05,H02,H02K,4.942071286495775
un,1.03,C01,C01B,4.942875734297559
fi,1.04,F21,F21V,4.943557746708393
fi,1.04,C22,C22B,4.943981505930424
gc,1.05,G03,G03G,4.944444447755814
za,3.02,B64,B64C,4.944444455206394
mm,6.01,C22,C22C,4.944444462656975
ja,1.05,E02,E02D,4.944444503635168
zq,2.07,C22,C22F,4.944512908346951
za,3.02,H04,H04B,4.94556335452944
uf,1.03,F15,F15D,4.945767869241536
qq,1.05,A61,A61N,4.946638530353084
ve,3.02,C23,C23C,4.946721323765814
eu,2.02,G01,G01R,4.94761910289526
qc,6.02,H04,H04B,4.950000014156103
uf,1.03,B63,B63B,4.950000032782555
uk,1.03,B82,B82B,4.950340943760239
ry,2.03,C09,C09D,4.952399037778378
bu,1.03,G01,G01W,4.953247449360788
cq,1.06,G03,G03C,4.95400390541181
id,2.07,B05,B05D,4.954770319629461
xe,4.01,C07,C07D,4.955224606906995
iq,2.02,B62,B62K,4.955357166007161
ij,2.11,H01,H01F,4.955456785857677
ea,1.04,F28,F28F,4.955503531731665
uk,1.03,H02,H02H,4.955897178500891
uy,1.04,A22,A22C,4.957777783274651
rp,6.04,C11,C11D,4.958333343267441
ro,1.07,B21,B21B,4.958333343267441
cu,1.06,C02,C02F,4.959306107833982
zd,9,G09,G09B,4.961634571198374
qq,1.05,H02,H02J,4.961904780939221
ip,2.07,G07,G07F,4.962500108405948
ue,2.11,B25,B25J,4.962504955707118
qa,3.01,A61,A61H,4.964588596951216
gc,1.05,C08,C08F,4.966666672378778
bq,6.05,A23,A23L,4.966890964657068
kv,1.05,G01,G01N,4.968613094417378
sy,1.03,B05,B05B,4.969226078363135
id,2.07,B65,B65H,4.969841290265322
ro,1.07,A46,A46B,4.970370382070541
di,5.02,H04,H04Q,4.970634983852506
ep,1.02,C08,C08L,4.970683404244483
bu,1.03,G01,G01B,4.97132157930173
ne,3.03,H01,H01B,4.972222246229649
ru,3.01,H03,H03M,4.972717154305428
hq,1.04,C09,C09B,4.973154486622661
uy,1.04,H01,H01S,4.974641401320696
yp,3.02,H04,H04M,4.974965009838343
pj,2.05,A61,A61B,4.975613096728921
ot,6.02,A61,A61F,4.976598433218896
vj,5.01,C07,C07F,4.978002104908228
oy,9,A01,A01N,4.97841208614409
id,2.07,G07,G07C,4.979236455168575
km,1.06,H02,H02J,4.97944235149771
ro,1.07,E04,E04H,4.981684997677803
ik,2.11,G01,G01P,4.982853290159255
py,3.02,F16,F16K,4.983333338052034
sy,1.03,B60,B60K,4.984523875638843
ja,1.05,H01,H01G,4.98773832526058
mr,6.01,G06,G06Q,4.989628477022052
ne,3.03,G01,G01B,4.98988541867584
fi,1.04,C08,C08J,4.989907701732591
hl,3.03,A61,A61N,4.989940284751356
xy,1.01,G02,G02B,4.990481480723247
db,2.08,F26,F26B,4.990672766231
ra,2.11,B01,B01J,4.990682003321126
mm,6.01,H01,H01J,4.992043445352465
ja,1.05,A41,A41D,4.993055576458573
zr,1.05,G06,G06T,4.9969985303469
ea,1.04,B24,B24D,4.99721297621727
tu,3.01,A63,A63B,4.997946923598647
ru,3.01,H04,H04Q,4.998412720859051
qj,2.05,G02,G02B,4.99859407171607
nu,5.08,B24,B24B,4.998746015131474
qg,2.05,G06,G06T,4.999583061784506
zc,4.03,B41,B41F,5
vm,5.06,H01,H01R,5
py,3.02,E04,E04B,5
bk,6.04,A43,A43C,5
js,6.04,B05,B05D,5
oz,6.02,B60,B60Q,5
pq,1.01,C21,C21D,5
om,5.05,G01,G01D,5
tc,3.02,B05,B05B,5
rp,6.04,G03,G03C,5
pj,2.05,F16,F16H,5
pg,6.02,H04,H04W,5
pa,6.02,F01,F01D,5
nu,5.08,B23,B23B,5
xy,1.01,F41,F41J,5
ph,6.02,G05,G05B,5
oz,6.02,F16,F16M,5
bk,6.04,F01,F01N,5
rp,6.04,B62,B62D,5
py,3.02,B65,B65G,5
uu,5.06,F16,F16K,5
yi,6.03,F16,F16D,5
js,6.04,B60,B60B,5
pa,6.02,C25,C25D,5.000000014901161
wu,5.04,B60,B60N,5.000000022351742
ki,3.02,H05,H05K,5.000000029802322
bu,1.03,F16,F16L,5.000000029802322
qj,2.05,H05,H05K,5.000000029802322
ut,6.02,B65,B65D,5.000000029802322
oy,9,A61,A61C,5.000000059604645
if,2.11,B05,B05D,5.001974317710847
ii,2.04,F23,F23N,5.002500025555491
uh,1.03,G01,G01B,5.004601559601724
li,3.02,G06,G06K,5.004742124583572
ac,2.02,G02,G02F,5.005053347442299
uy,1.04,G01,G01F,5.005158746615052
gu,1.06,A61,A61F,5.005243609659374
ik,2.11,B01,B01J,5.00616607023403
ew,1.02,G01,G01L,5.006321479566395
cq,1.06,A61,A61J,5.006419509882107
ru,3.01,C04,C04B,5.007335343863815
da,1.06,A23,A23G,5.007737596984953
te,1.05,A61,A61K,5.00777222821489
iu,2.03,H02,H02S,5.008994644042104
vy,3.02,A24,A24B,5.009259259328246
ka,4.01,G01,G01S,5.009286284446716
wf,1.06,A61,A61N,5.009700040332973
pu,2.03,G01,G01J,5.011219447711483
es,2.02,A61,A61M,5.011264588451013
bq,6.05,G08,G08G,5.012500017881393
ct,9,C07,C07D,5.013652955880389
ah,4.01,C08,C08L,5.013799949549139
pm,2.05,B60,B60B,5.013888891786337
pq,1.01,G09,G09G,5.014411058276892
ui,1.03,B41,B41M,5.01507939514704
cl,9,B01,B01D,5.015523565001786
ja,1.05,F02,F02D,5.016955321654677
qe,2.09,G03,G03F,5.01710103219375
pm,2.05,C21,C21C,5.017857186496258
ew,1.02,G01,G01K,5.019202314317226
js,6.04,G01,G01R,5.019710961729288
vm,5.06,H04,H04W,5.020177105441689
uk,1.03,B24,B24D,5.020406052470207
pm,2.05,A47,A47L,5.020855008624494
xq,2.11,C10,C10M,5.020986244082451
db,2.08,F16,F16K,5.021451494190842
mq,6.01,A61,A61F,5.022788083180785
bp,6.04,B41,B41J,5.023809524253011
ui,1.03,F04,F04B,5.024305711500347
ga,3.02,B05,B05B,5.025000005960464
ub,1.03,F02,F02B,5.026785751804709
ui,1.03,B60,B60L,5.027655700221658
ia,3.02,A23,A23D,5.028003116138279
vj,5.01,C07,C07K,5.028980803559534
om,5.05,A61,A61N,5.029643011279404
nu,5.08,G01,G01J,5.030555563047528
iy,1.06,A61,A61L,5.030621521174908
fs,6.04,A01,A01N,5.03125
gc,1.05,C11,C11D,5.031372592784464
gu,1.06,G03,G03C,5.031481486745179
ii,2.04,C12,C12G,5.032271314412355
zm,1.06,A61,A61M,5.032776390668005
am,4.01,G01,G01J,5.033253287430853
ec,1.04,A61,A61F,5.033993700984865
ia,3.02,G05,G05B,5.035747589543462
zd,9,G16,G16H,5.035809451946989
vy,3.02,E21,E21B,5.036035800352693
iq,2.02,B24,B24D,5.036309568211436
tq,3.02,G11,G11B,5.037518067285419
mu,4.01,G06,G06Q,5.038664561230689
ki,3.02,C23,C23C,5.039055363740772
pk,2.05,G09,G09G,5.039948857855052
cq,1.06,H04,H04Q,5.040295857936144
ha,5.03,G09,G09G,5.04126987233758
et,1.02,D21,D21C,5.04166666790843
pm,2.05,D07,D07B,5.041666708886623
dq,9,G06,G06N,5.043588230852038
aa,1.03,H01,H01P,5.045516752637923
re,1.05,C23,C23C,5.045621269149706
sy,1.03,B60,B60T,5.045833349227905
iq,2.02,A62,A62B,5.046600902453065
ei,1.04,H04,H04B,5.046970368362963
py,3.02,G01,G01V,5.048484873026609
ei,1.04,C21,C21D,5.049314330331981
dm,3.02,G01,G01D,5.04951692186296
ee,1.04,C12,C12M,5.049860796425492
ki,3.02,B60,B60R,5.050000000745058
qa,3.01,C04,C04B,5.054006568854675
tu,3.01,D21,D21H,5.054693201556802
bp,6.04,H01,H01J,5.055555555969477
cl,9,G06,G06T,5.055727165192366
ro,1.07,F02,F02D,5.05600713705644
ja,1.05,B05,B05B,5.056093687191606
ox,6.02,G06,G06K,5.056318689137697
hb,5.03,H04,H04W,5.057037087157369
id,2.07,B23,B23P,5.057870438322425
ue,2.11,C08,C08G,5.05906542041339
vi,5.01,A63,A63F,5.061060274019837
ru,3.01,H04,H04J,5.061395969241858
ah,4.01,A24,A24B,5.062196414917707
ep,1.02,B60,B60N,5.064722254872322
gy,5.02,G08,G08G,5.064937938936055
uq,5.07,H04,H04W,5.06506375502795
aa,1.03,F16,F16K,5.065917828120291
iq,2.02,F16,F16B,5.066251860931516
ni,3.01,C04,C04B,5.066406934056431
bu,1.03,B63,B63B,5.066666686907411
pm,2.05,G04,G04B,5.067261956632137
bm,5.07,C07,C07D,5.067595362197608
jy,4.05,G02,G02B,5.068199110217392
ja,1.05,B03,B03D,5.069047668017447
dr,1.06,H04,H04J,5.069082129048184
cn,5.01,G09,G09B,5.071417783619836
gy,5.02,C09,C09K,5.071794912219048
ro,1.07,E04,E04C,5.072222251445055
ha,5.03,G01,G01V,5.072222255170345
er,1.02,H02,H02J,5.07334515824914
lj,3.02,G01,G01N,5.073409373522736
ua,6.03,H04,H04R,5.07356534153223
ew,1.02,F21,F21V,5.075209195259959
ne,3.03,A62,A62B,5.075757637619972
ea,1.04,C22,C22C,5.076271677389741
gy,5.02,H05,H05B,5.077056333422661
ba,3.02,A61,A61H,5.077572112902999
ja,1.05,C09,C09C,5.077915218658745
co,1.06,B32,B32B,5.078894931357354
su,3.02,G05,G05B,5.079004339873791
er,1.02,G07,G07C,5.079189751530066
ei,1.04,F23,F23C,5.079265955835581
id,2.07,F16,F16C,5.07976195961237
iq,2.02,F24,F24D,5.080357190221548
cl,9,H01,H01L,5.080474127549678
si,1.05,C12,C12Q,5.080566149670631
ja,1.05,H02,H02J,5.081110764294863
wy,5.04,A61,A61K,5.08142411056906
ew,1.02,B29,B29D,5.082291673868895
de,1.06,G06,G06T,5.082514438778162
ma,3.02,A23,A23L,5.08312335354276
fs,6.04,G05,G05B,5.08333333581686
uy,1.04,F16,F16D,5.083333343267441
dk,5.02,C08,C08K,5.083333343267441
ut,6.02,A63,A63F,5.083333343267441
om,5.05,C08,C08L,5.083333343267441
fu,5.04,H04,H04N,5.083333343267441
wu,5.04,G03,G03G,5.083333373069763
gy,5.02,F16,F16L,5.083333387970924
ye,2.02,B65,B65H,5.083333428949118
am,4.01,A21,A21D,5.083887207787484
wm,5.04,A61,A61F,5.085629048757255
ja,1.05,C05,C05G,5.085813615471125
iq,2.02,B23,B23B,5.086111128330231
ep,1.02,B32,B32B,5.086197718977928
zr,1.05,A62,A62D,5.086309652775526
de,1.06,C04,C04B,5.086805602768436
da,1.06,C08,C08J,5.088316312874667
zd,9,H05,H05K,5.088390310294926
pw,2.06,G01,G01R,5.088392665144056
tq,3.02,C11,C11D,5.088888896629214
pq,1.01,G01,G01D,5.089285727590322
rp,6.04,G02,G02F,5.090909093618393
rz,3.03,B65,B65D,5.091621924191713
ex,1.02,A61,A61C,5.092712085228413
nn,3.03,B01,B01D,5.092966855037957
xq,2.11,H01,H01Q,5.093264634022489
ya,3.02,H02,H02M,5.094172533601522
xq,2.11,B41,B41J,5.094876404851675
ae,4.05,C01,C01B,5.094971280544996
dm,3.02,A24,A24D,5.095238130539656
sy,1.03,H02,H02G,5.09523817896843
ih,2.07,H04,H04W,5.095555583946407
mm,6.01,H01,H01M,5.096550200134516
su,3.02,G02,G02F,5.097023840993643
sr,2.07,G01,G01D,5.097060987027362
tu,3.01,D01,D01F,5.097888356773183
vx,5.01,G01,G01C,5.098293310264125
wc,3.03,H04,H04B,5.099163259379566
ub,1.03,H03,H03C,5.099970661103725
ne,3.03,B29,B29D,5.100000001490116
tu,3.01,H02,H02M,5.100000023841858
id,2.07,H04,H04M,5.100858623161912
de,1.06,C09,C09B,5.102870415430516
et,1.02,B22,B22D,5.102941187098622
pq,1.01,H04,H04Q,5.103540955111384
ne,3.03,F01,F01N,5.10476192086935
dy,1.04,C05,C05D,5.105555593967438
fi,1.04,C22,C22C,5.106136568821967
qu,1.06,B65,B65D,5.10626552067697
aq,3.02,A23,A23L,5.106349756475538
yy,5.07,H01,H01L,5.106441688723862
up,1.03,G21,G21G,5.107417958788574
op,3.03,F42,F42B,5.10789474286139
tq,3.02,B01,B01J,5.108034813310951
ru,3.01,A23,A23G,5.108357506338507
ku,5.07,G01,G01S,5.108989189844579
pc,5.02,C07,C07C,5.10908440221101
id,2.07,B63,B63H,5.109523840248585
cq,1.06,G01,G01C,5.1102564483881
iq,2.02,H01,H01K,5.110555590130389
sa,3.03,H01,H01L,5.111230477690697
zq,2.07,H01,H01M,5.111854015849531
uu,5.06,A61,A61M,5.111925191711634
yg,6.04,H04,H04W,5.112301610410213
om,5.05,B01,B01J,5.11309527605772
ne,3.03,G01,G01J,5.114753265166655
pm,2.05,C11,C11C,5.114833967760205
xq,2.11,H03,H03K,5.115048879757524
qq,1.05,H01,H01M,5.115971388760954
iu,2.03,F23,F23G,5.116444263607264
uu,5.06,B23,B23K,5.116666670888662
uy,1.04,C09,C09G,5.116666737943888
dt,2.03,F24,F24S,5.117619536817074
ro,1.07,C11,C11C,5.117809801362455
ig,2.06,A01,A01K,5.119008995592594
qq,1.05,B64,B64D,5.119047652930021
dy,1.04,B28,B28B,5.119246076326817
vj,5.01,A01,A01H,5.119444455951452
ra,2.11,C07,C07D,5.120248642400838
ih,2.07,A61,A61B,5.120533148758113
ue,2.11,C07,C07F,5.122100696433336
es,2.02,C07,C07K,5.123174071486574
op,3.03,C07,C07C,5.123328575165942
ip,2.07,B01,B01F,5.124603215605021
ut,6.02,H01,H01J,5.125
pm,2.05,F02,F02K,5.125000054016709
zq,2.07,E02,E02F,5.12500011920929
iy,1.06,H04,H04N,5.126436730846763
iq,2.02,C09,C09C,5.128353507257998
vy,3.02,G07,G07F,5.130113989580423
hq,1.04,F17,F17C,5.130952442064881
ub,1.03,A63,A63B,5.131080098450184
ub,1.03,B65,B65G,5.132043723482639
pa,6.02,A61,A61C,5.132575780153275
qq,1.05,B32,B32B,5.132812544703484
iq,2.02,A45,A45C,5.133333375677466
kv,1.05,G01,G01S,5.134463620372117
pm,2.05,A44,A44C,5.136069413274527
zr,1.05,B29,B29C,5.137500017881393
et,1.02,H01,H01S,5.137508244253695
dy,1.04,B24,B24B,5.138663062825799
om,5.05,B65,B65H,5.138888899236917
bk,6.04,E21,E21B,5.140476251021028
ik,2.11,B82,B82Y,5.141217958647758
oz,6.02,B60,B60L,5.142857149243355
ha,5.03,C09,C09K,5.144444473087788
or,5.09,C08,C08G,5.144999999552965
ye,2.02,B62,B62D,5.145334374159575
ik,2.11,B29,B29B,5.14550497289747
om,5.05,H01,H01H,5.145859219133854
tu,3.01,A21,A21D,5.14613771380391
oa,2.11,B42,B42D,5.147424885537475
ij,2.11,A61,A61L,5.149144025985152
ex,1.02,G03,G03H,5.149177459068596
ro,1.07,F01,F01K,5.149561457335949
si,1.05,G01,G01R,5.149684083648026
if,2.11,B24,B24D,5.150000035762787
ah,4.01,B32,B32B,5.150852272287011
pm,2.05,A62,A62C,5.150925971567631
uy,1.04,F17,F17D,5.152380976825953
ni,3.01,G11,G11B,5.152569819241762
tu,3.01,H04,H04Q,5.152777789160609
uf,1.03,H02,H02M,5.152777805924416
dq,9,C25,C25D,5.154788993299007
et,1.02,H01,H01P,5.155057610943913
ij,2.11,G01,G01V,5.155499576590955
oi,3.02,G01,G01N,5.155764632392675
oe,5.06,A01,A01N,5.156537437345833
db,2.08,H01,H01R,5.156679907813668
ff,3.02,C07,C07D,5.157523926813155
ex,1.02,G01,G01P,5.159151580184698
rt,3.02,G03,G03F,5.159642981830984
su,3.02,C08,C08L,5.160006187856197
yo,3.01,C04,C04B,5.160485378466547
db,2.08,C03,C03C,5.160487436223775
dw,1.04,B05,B05B,5.160859942436218
cu,1.06,C07,C07J,5.164086994947866
if,2.11,C08,C08F,5.164544271770865
ja,1.05,H01,H01S,5.165634782519192
qg,2.05,C03,C03B,5.165828811004758
bq,6.05,B60,B60R,5.16666667163372
oz,6.02,H02,H02G,5.16666667163372
xq,2.11,B65,B65D,5.16666667163372
mm,6.01,G03,G03B,5.166666686534882
xa,5.04,H01,H01R,5.166666686534882
im,2.01,E04,E04D,5.166666693985462
ep,1.02,B65,B65D,5.166666723787785
ry,2.03,F28,F28F,5.167674823664129
pz,2.05,F41,F41H,5.168913666624576
iu,2.03,F17,F17C,5.170158747583628
ja,1.05,B23,B23K,5.173289065249264
dm,3.02,C09,C09B,5.173562667798251
es,2.02,H01,H01G,5.173712452873588
ea,1.04,H04,H04B,5.17399034416303
zk,9,A01,A01H,5.175000015646219
dm,3.02,F21,F21V,5.17677745083347
pm,2.05,H01,H01K,5.176851886790246
ne,3.03,B08,B08B,5.177083338610828
im,2.01,G07,G07B,5.177354363724589
oe,5.06,G11,G11C,5.177540587261319
dm,3.02,A61,A61H,5.178649409208447
ha,5.03,H01,H01M,5.178703783079982
ig,2.06,A43,A43B,5.178747710422613
oa,2.11,B23,B23P,5.17916670627892
uh,1.03,G03,G03G,5.180269772186875
ix,2.07,E02,E02D,5.180717937648296
dr,1.06,G01,G01B,5.181247258093208
yo,3.01,C07,C07J,5.181785806082189
uf,1.03,F01,F01N,5.181876564398408
qg,2.05,A61,A61Q,5.182539686560631
ep,1.02,F16,F16H,5.182738190516829
ii,2.04,C23,C23G,5.183215167373419
sr,2.07,H03,H03M,5.183219050522894
pq,1.01,G01,G01B,5.183333337306976
cl,9,A61,A61F,5.183740512933582
co,1.06,A23,A23K,5.185750480392016
ya,3.02,G09,G09G,5.186363663524389
aa,1.03,B82,B82Y,5.186902375426143
dt,2.03,B01,B01F,5.187463008332998
qq,1.05,G05,G05B,5.189748203381896
fy,3.02,C02,C02F,5.190750965848565
ij,2.11,B23,B23B,5.190945256501436
bu,1.03,C08,C08G,5.191274941898882
ma,3.02,G01,G01R,5.192423037486151
uy,1.04,A24,A24B,5.192920347675681
zm,1.06,C05,C05G,5.193750008940697
ua,6.03,B01,B01D,5.195488728582859
co,1.06,H01,H01M,5.195589779876173
ub,1.03,B26,B26D,5.19576534582302
qu,1.06,C11,C11B,5.197859888314269
hb,5.03,H04,H04N,5.198199966922402
pa,6.02,E04,E04B,5.200000002980232
ec,1.04,C01,C01C,5.200000002980232
bk,6.04,H02,H02K,5.200000002980232
ex,1.02,H03,H03G,5.202222143765539
uk,1.03,H02,H02S,5.202662196708843
re,1.05,C09,C09K,5.203438586322591
sy,1.03,B65,B65D,5.203679770231247
xq,2.11,B01,B01L,5.203970883274451
ip,2.07,C10,C10J,5.203988692723215
dt,2.03,F01,F01N,5.204151432961226
es,2.02,H01,H01B,5.204777219332755
ii,2.04,C06,C06D,5.205000013113022
qu,1.06,B32,B32B,5.205949710682034
sy,1.03,F04,F04B,5.20610254118219
pj,2.05,B02,B02C,5.206349220126867
id,2.07,A61,A61M,5.207190154818818
rt,3.02,C08,C08K,5.208333369344473
mm,6.01,H04,H04R,5.208465114235878
pm,2.05,D06,D06F,5.209722250699997
ew,1.02,A23,A23L,5.209735570475459
le,1.05,A61,A61F,5.210243163630366
dq,9,H02,H02J,5.210884863045067
ik,2.11,H05,H05B,5.210960914380848
qh,2.05,B01,B01D,5.211026089731604
dx,3.01,C10,C10M,5.211169434711337
jy,4.05,C22,C22C,5.211666671559215
bu,1.03,A61,A61F,5.213514120783657
bp,6.04,H04,H04B,5.213539281859994
qg,2.05,F25,F25B,5.214455949608237
uf,1.03,G21,G21K,5.215463122818619
id,2.07,H04,H04Q,5.215737787075341
pk,2.05,E06,E06B,5.216666672378778
ro,1.07,A45,A45D,5.217094584368169
ua,6.03,C09,C09K,5.217857219278812
en,9,H04,H04L,5.218291364610195
zd,9,A23,A23D,5.218594086356461
oi,3.02,H04,H04W,5.219298250973225
ig,2.06,G11,G11C,5.221818572375923
ma,3.02,A63,A63F,5.223284326726571
uy,1.04,H01,H01H,5.223962183343247
ba,3.02,G01,G01J,5.224635650403798
if,2.11,C03,C03C,5.225538041442633
ra,2.11,G03,G03H,5.226957150734961
ur,1.01,H04,H04B,5.227688602171838
et,1.02,C10,C10L,5.227777784690261
iq,2.02,A62,A62D,5.228237364441156
zc,4.03,G09,G09B,5.228787921369076
ai,2.03,B63,B63H,5.230952441692352
re,1.05,C08,C08K,5.234359195455909
co,1.06,H04,H04M,5.235068087466061
lj,3.02,H04,H04W,5.235653292387724
cl,9,F25,F25B,5.23695058375597
ee,1.04,H03,H03K,5.23776924982667
zd,9,C07,C07J,5.23872913653031
ub,1.03,F02,F02G,5.239076044876128
ru,3.01,B01,B01J,5.239607438212261
iu,2.03,A47,A47J,5.240972233936191
uy,1.04,G09,G09G,5.241754137445241
oa,2.11,A47,A47L,5.242355492664501
id,2.07,B03,B03B,5.244333018083125
tu,3.01,A61,A61C,5.245122472755611
js,6.04,C08,C08G,5.245531771332026
da,1.06,G09,G09B,5.247127679176629
fs,6.04,B29,B29C,5.25
ne,3.03,F16,F16D,5.25
yg,6.04,H05,H05B,5.25
bk,6.04,B60,B60R,5.25
oe,5.06,H03,H03F,5.25
py,3.02,B42,B42D,5.25
ye,2.02,F41,F41J,5.250000007450581
rt,3.02,F16,F16H,5.250000022351742
oa,2.11,F16,F16D,5.250000029802322
wm,5.04,F16,F16H,5.250000029802322
es,2.02,A47,A47B,5.250000074505806
ji,5.01,H05,H05B,5.250634897500277
if,2.11,F24,F24F,5.250757623463869
dy,1.04,B41,B41N,5.251107493415475
ii,2.04,C05,C05D,5.251388916745782
id,2.07,F27,F27D,5.252976251766086
ub,1.03,C10,C10G,5.253076107474044
jy,4.05,G05,G05D,5.253246791660786
qj,2.05,C07,C07K,5.253437474370003
xe,4.01,C05,C05D,5.254365114495158
tu,3.01,G10,G10L,5.254996445029974
pc,5.02,F21,F21V,5.254999162629247
gc,1.05,G01,G01J,5.25525442417711
dm,3.02,G02,G02F,5.255351955071092
cn,5.01,C12,C12Q,5.255808987421915
ep,1.02,H02,H02H,5.256305551156402
cq,1.06,F01,F01N,5.25634924788028
qe,2.09,B01,B01L,5.257519853301346
ry,2.03,H02,H02K,5.258333344012499
bq,6.05,A47,A47L,5.258333384990692
db,2.08,C23,C23C,5.261265931185335
da,1.06,H04,H04W,5.261857470497489
lq,3.03,A61,A61M,5.262030196376145
ui,1.03,C21,C21D,5.262500017881393
ei,1.04,C23,C23G,5.262563369236887
dy,1.04,F42,F42B,5.262750663794577
ui,1.03,G08,G08G,5.263888899236917
tu,3.01,B02,B02C,5.263888921588659
cu,1.06,C09,C09K,5.265635802410543
js,6.04,H02,H02M,5.266666688024998
pw,2.06,C12,C12M,5.266890150494874
ei,1.04,B24,B24B,5.267000017687678
pa,6.02,G05,G05B,5.267002459615469
pe,5.02,G01,G01R,5.267254466190934
ja,1.05,C06,C06B,5.267443129792809
bu,1.03,G03,G03F,5.268544878810644
pq,1.01,C22,C22C,5.268713468685746
ja,1.05,B01,B01L,5.268952732440084
ii,2.04,F03,F03D,5.270138939842582
iq,2.02,B23,B23D,5.270833363756537
ip,2.07,F17,F17C,5.271481569856405
ja,1.05,G01,G01M,5.272113376297057
nm,5.02,C07,C07C,5.27221676427871
ew,1.02,H02,H02K,5.273119701538235
qg,2.05,G03,G03C,5.274603214114904
di,5.02,B60,B60R,5.27500001527369
um,3.01,G06,G06N,5.275731096277013
ai,2.03,G01,G01D,5.276104179443792
vy,3.02,H04,H04Q,5.276315789669752
pu,2.03,A23,A23G,5.277266787365079
cq,1.06,H04,H04H,5.277777798473835
fy,3.02,G16,G16H,5.278136733686551
jb,5.07,G11,G11B,5.279166700318456
ui,1.03,G01,G01G,5.279343143105507
py,3.02,H05,H05B,5.280057911761105
dy,1.04,F16,F16C,5.280555594712496
pe,5.02,H04,H04B,5.282111561391503
ue,2.11,B01,B01L,5.282860959880054
ee,1.04,A61,A61N,5.283296677982435
pa,6.02,B60,B60R,5.283333346247673
uy,1.04,B65,B65H,5.283333361148834
ei,1.04,A47,A47L,5.283333376049995
aa,1.03,H04,H04Q,5.283574339002371
za,3.02,C09,C09J,5.28431374579668
za,3.02,G01,G01F,5.284722276031971
es,2.02,B42,B42D,5.286155632697046
ei,1.04,C25,C25F,5.289258549455553
pu,2.03,F23,F23R,5.290404126048088
pu,2.03,C12,C12N,5.290642459352966
zc,4.03,C09,C09D,5.290836957283318
ei,1.04,G09,G09F,5.290859821252525
js,6.04,H01,H01R,5.291666679084301
cl,9,H03,H03H,5.293589778244495
am,4.01,A23,A23F,5.293961374089122
pz,2.05,B41,B41J,5.294317769352347
ry,2.03,G08,G08B,5.296627014875412
ee,1.04,B65,B65D,5.296685406938195
iu,2.03,D21,D21H,5.297095983289182
er,1.02,G03,G03B,5.297268535941839
en,9,G06,G06Q,5.298592023551464
sa,3.03,C10,C10L,5.29934947937727
hq,1.04,H01,H01C,5.299358224030584
ue,2.11,B60,B60R,5.299404846504331
nu,5.08,C25,C25B,5.300000011920929
wq,5.01,G09,G09B,5.302171641029418
dm,3.02,G01,G01S,5.30225664190948
ne,3.03,G07,G07B,5.304910827428102
hf,6.03,A61,A61L,5.305458548478782
iu,2.03,B60,B60Q,5.307104394305497
iq,2.02,F01,F01L,5.3071428835392
xw,3.03,C07,C07C,5.308173189405352
iu,2.03,G08,G08B,5.308387768920511
rb,2.02,E21,E21B,5.308802364394069
rt,3.02,B65,B65H,5.309523839503527
qq,1.05,G11,G11B,5.31116655934602
pe,5.02,G05,G05D,5.311198425944895
ne,3.03,F04,F04B,5.311408783309162
ea,1.04,D06,D06M,5.311735708732158
vx,5.01,E21,E21B,5.3125
ig,2.06,H05,H05G,5.312713543418795
fy,3.02,C22,C22C,5.312943307682872
sy,1.03,B24,B24C,5.313425932079554
ea,1.04,B65,B65D,5.314443241804838
tu,3.01,F04,F04B,5.314615583978593
ac,2.02,B21,B21B,5.314949690364301
uy,1.04,C11,C11B,5.31721258815378
tu,3.01,C09,C09J,5.317391837015748
rz,3.03,A23,A23L,5.317620750516653
oa,2.11,F23,F23N,5.317884631454945
pj,2.05,C10,C10G,5.318296426907182
rb,2.02,E02,E02F,5.318804180249572
or,5.09,H04,H04N,5.319444458931684
nn,3.03,H05,H05B,5.319444479420781
xy,1.01,C07,C07K,5.324219323694706
gc,1.05,C10,C10G,5.324693826027215
le,1.05,G05,G05B,5.325089409947395
iq,2.02,D21,D21G,5.325217663776129
gc,1.05,H01,H01J,5.326069952920079
db,2.08,H05,H05K,5.326420543016866
pz,2.05,C07,C07F,5.326504199299961
ot,6.02,G03,G03F,5.326595024205744
zd,9,C08,C08L,5.326728163287044
zm,1.06,B29,B29C,5.326901074731722
id,2.07,C08,C08H,5.327136133797467
if,2.11,C10,C10G,5.327191723976284
ot,6.02,H01,H01M,5.329040415585041
ik,2.11,H02,H02H,5.329327173531055
ex,1.02,C07,C07K,5.329618759686127
qq,1.05,C08,C08J,5.330411288887262
ya,3.02,H01,H01M,5.330451350659132
if,2.11,H04,H04J,5.3309311773628
ry,2.03,C21,C21D,5.330952431075275
pz,2.05,F17,F17C,5.331018555909395
db,2.08,A61,A61C,5.333014151314273
nu,5.08,A01,A01D,5.333333343267441
bq,6.05,B65,B65G,5.333333343267441
tq,3.02,B60,B60R,5.333333343267441
ua,6.03,C10,C10M,5.333333343267441
yi,6.03,H03,H03K,5.333333343267441
py,3.02,C10,C10G,5.333333343267441
rp,6.04,G01,G01M,5.333333343267441
oz,6.02,G01,G01D,5.333333343267441
tu,3.01,F16,F16D,5.333333343267441
qj,2.05,B65,B65H,5.333333343267441
pj,2.05,C03,C03C,5.333333358168602
es,2.02,B65,B65H,5.333333402872086
dm,3.02,C23,C23C,5.333954812027514
ec,1.04,C06,C06B,5.334068713709712
rp,6.04,H05,H05B,5.334656085819006
ex,1.02,B61,B61L,5.335045978426933
de,1.06,C10,C10L,5.335427972720936
hy,1.06,H04,H04L,5.336292550433427
dr,1.06,G01,G01Q,5.338351770304143
uf,1.03,G11,G11B,5.33888890221715
co,1.06,C10,C10G,5.339410946238786
ub,1.03,F41,F41G,5.339994089445099
jb,5.07,G01,G01R,5.341050237417221
ot,6.02,B01,B01J,5.341251616366208
gy,5.02,C09,C09J,5.341269851662219
qj,2.05,C08,C08F,5.342340067960322
zd,9,C12,C12M,5.342851340770721
qu,1.06,B29,B29C,5.343055604025722
li,3.02,H04,H04W,5.343986628577113
uu,5.06,B01,B01J,5.34499748237431
ro,1.07,C21,C21D,5.345488764345646
ve,3.02,G01,G01R,5.347382032545283
dw,1.04,C23,C23F,5.347727308049798
ia,3.02,H01,H01J,5.3484892481938
re,1.05,H04,H04L,5.349460850469768
xa,5.04,G10,G10H,5.350000001490116
iu,2.03,A47,A47B,5.350000016391277
ot,6.02,C09,C09D,5.350366335362196
es,2.02,B01,B01D,5.351545192301273
ne,3.03,C30,C30B,5.352002760861069
yg,6.04,G01,G01N,5.352901221252978
es,2.02,B01,B01J,5.35356581886299
qa,3.01,H01,H01R,5.353835992515087
qq,1.05,G01,G01C,5.354997209971771
bk,6.04,G05,G05B,5.356967558152974
pz,2.05,G01,G01V,5.357211593538523
dy,1.04,H03,H03M,5.35863840719685
dy,1.04,C13,C13B,5.358781963586807
im,2.01,B61,B61L,5.35984131321311
pi,1.06,H04,H04W,5.360082782804966
hb,5.03,A61,A61B,5.360119032207876
qg,2.05,F28,F28F,5.360617537982762
nu,5.08,B41,B41F,5.361111121252179
qh,2.05,B60,B60C,5.36115388199687
uy,1.04,G01,G01M,5.363141175825149
if,2.11,F16,F16F,5.36411858163774
ai,2.03,H04,H04R,5.365367967635393
pm,2.05,C23,C23G,5.366181232966483
fy,3.02,G11,G11B,5.366666674613953
pz,2.05,F04,F04D,5.366802761331201
id,2.07,C12,C12Q,5.368171927053481
aa,1.03,F25,F25B,5.369598494842649
ub,1.03,B65,B65B,5.370000049006194
vy,3.02,C09,C09K,5.370146700646728
es,2.02,A63,A63B,5.370483620790765
ub,1.03,C01,C01C,5.371857753023505
oy,9,F02,F02D,5.372023820877075
pu,2.03,G11,G11C,5.372140459017828
es,2.02,G04,G04G,5.372222291305661
if,2.11,B81,B81C,5.373339012498036
uf,1.03,A63,A63B,5.373809542506933
id,2.07,B02,B02C,5.374008005484939
qg,2.05,C21,C21D,5.374112393707037
ii,2.04,G01,G01L,5.374620729126036
ro,1.07,G10,G10H,5.374740578234196
zm,1.06,H01,H01B,5.375000014901161
oz,6.02,C01,C01B,5.375000029802322
ro,1.07,A63,A63H,5.376923093572259
um,3.01,H01,H01L,5.377218746580184
yy,5.07,G02,G02B,5.377543330192566
pj,2.05,C11,C11B,5.377777807880193
eq,3.01,G09,G09B,5.378048217389733
ub,1.03,B60,B60C,5.378240362508222
ei,1.04,H04,H04M,5.378429363016039
ur,1.01,H01,H01J,5.37849837820977
ae,4.05,A01,A01H,5.380141941364855
ja,1.05,G08,G08B,5.380555590614676
oy,9,H01,H01R,5.38194446079433
rt,3.02,C08,C08F,5.382841949816793
qg,2.05,H02,H02N,5.383266549557447
le,1.05,C08,C08J,5.383344327099621
za,3.02,G03,G03G,5.383928574621677
et,1.02,C12,C12R,5.384143693372607
wu,5.04,G05,G05B,5.386990814469755
er,1.02,B62,B62D,5.388011657632887
ex,1.02,C23,C23C,5.388850198825821
zc,4.03,G06,G06K,5.389326016418636
ip,2.07,E02,E02B,5.391666669398546
uk,1.03,A01,A01N,5.393050692393444
ai,2.03,B65,B65D,5.393109803088009
uf,1.03,A61,A61M,5.393539434298873
wv,3.03,H04,H04W,5.394047638401389
uh,1.03,G06,G06T,5.395018127514049
mc,1.06,G09,G09B,5.395153665915132
yg,6.04,G05,G05B,5.395833387970924
fi,1.04,H01,H01G,5.397939088288695
uu,5.06,C12,C12Q,5.39862842252478
ew,1.02,G10,G10K,5.398788164369762
fa,2.01,E01,E01D,5.398809600621462
de,1.06,G11,G11B,5.399206368252635
iq,2.02,H05,H05F,5.399572651833296
bq,6.05,H04,H04Q,5.400000035762787
oa,2.11,B41,B41M,5.401192993624136
iq,2.02,B24,B24C,5.40138890594244
pn,1.01,H04,H04R,5.401555565185845
if,2.11,F02,F02B,5.402777791023254
sd,3.02,H01,H01L,5.403838527854532
ue,2.11,H04,H04J,5.40439585945569
za,3.02,G09,G09G,5.40476194024086
dk,5.02,A61,A61F,5.404910469427705
ya,3.02,C08,C08K,5.405314023606479
ns,2.01,B29,B29D,5.405314556555822
gy,5.02,H01,H01J,5.406736299395561
dm,3.02,C08,C08J,5.408906502183527
hq,1.04,C10,C10L,5.408994390396401
rp,6.04,B32,B32B,5.409523837268353
qh,2.05,B23,B23K,5.410877276677638
iu,2.03,H04,H04Q,5.41122535802424
id,2.07,B67,B67D,5.412500031292439
ee,1.04,H04,H04M,5.413541669724509
ih,2.07,C10,C10J,5.413997669704258
er,1.02,A63,A63B,5.415271123871207
zm,1.06,B82,B82Y,5.415873146150261
ur,1.01,A61,A61K,5.416388789191842
gu,1.06,D06,D06P,5.41666667163372
if,2.11,B25,B25B,5.41666667163372
ig,2.06,G01,G01H,5.41686732834205
ii,2.04,C07,C07J,5.417140774428844
py,3.02,B04,B04B,5.419029565062374
ig,2.06,H01,H01H,5.421301082707942
qh,2.05,B01,B01J,5.421700208215043
jy,4.05,H01,H01M,5.422053676564246
su,3.02,C07,C07J,5.423818451352417
ne,3.03,G01,G01D,5.424145318567753
ui,1.03,C11,C11D,5.424404801335186
et,1.02,G01,G01F,5.424769753590226
am,4.01,A61,A61L,5.426198436878622
zc,4.03,A63,A63B,5.426518347114325
iq,2.02,F22,F22B,5.427777817472816
ua,6.03,C08,C08K,5.428787894546986
pn,1.01,F02,F02D,5.429912890307605
er,1.02,H01,H01H,5.430283847264946
ye,2.02,F02,F02D,5.43037864472717
ns,2.01,H03,H03B,5.430799994152039
ub,1.03,B60,B60Q,5.431825578212738
nu,5.08,B64,B64C,5.432440515607595
oz,6.02,H04,H04J,5.433333337306976
nu,5.08,F41,F41H,5.433333344757557
ac,2.02,B01,B01D,5.434299236163497
km,1.06,C12,C12C,5.435271758353338
im,2.01,A61,A61F,5.435553155373782
lq,3.03,C07,C07K,5.437805602210574
po,1.01,A61,A61K,5.438581757247448
ij,2.11,A01,A01H,5.439022139646113
ja,1.05,G11,G11C,5.43923314101994
cu,1.06,C08,C08G,5.439412329345942
zr,1.05,B01,B01F,5.441707724239677
hl,3.03,G06,G06K,5.441775310318917
ik,2.11,G09,G09B,5.443264069501311
gu,1.06,E21,E21B,5.44393188552931
pm,2.05,B41,B41N,5.44412148790434
ka,4.01,G06,G06K,5.44426533090882
nu,5.08,C01,C01F,5.444444455206394
xw,3.03,A41,A41D,5.444669920019805
ue,2.11,G01,G01F,5.445532291196287
iq,2.02,E01,E01C,5.446031779050827
cl,9,G01,G01L,5.446135066449642
ae,4.05,H04,H04N,5.447076059877872
sy,1.03,B06,B06B,5.449521187692881
dr,1.06,C08,C08F,5.450089127523825
ja,1.05,D01,D01F,5.451383100822568
un,1.03,F01,F01K,5.452532393857837
un,1.03,G01,G01R,5.452671487815678
ea,1.04,A01,A01K,5.454231558251195
ay,3.01,G06,G06T,5.455734346993268
uh,1.03,G01,G01Q,5.456844477448612
nu,5.08,F21,F21V,5.45833333581686
dt,2.03,H05,H05B,5.460607687011361
dy,1.04,C23,C23G,5.46075657568872
zr,1.05,C07,C07D,5.461135687772185
qf,9,C08,C08J,5.461565660545602
am,4.01,B01,B01D,5.461699359118938
ja,1.05,H02,H02K,5.461715114302933
pt,3.03,A61,A61G,5.462022081017494
ry,2.03,F01,F01K,5.462374735623598
xw,3.03,C08,C08K,5.462500028312206
uy,1.04,A01,A01C,5.46283296123147
ja,1.05,B60,B60R,5.463888918980956
qu,1.06,H01,H01L,5.465215592179447
ad,4.02,C05,C05F,5.465812028385699
id,2.07,B60,B60R,5.467579424381256
nu,5.08,A63,A63H,5.467857182025909
sa,3.03,B01,B01D,5.467861282639205
ye,2.02,C08,C08G,5.46855838294141
am,4.01,H04,H04N,5.469392583705485
xa,5.04,E21,E21B,5.469584532082081
xq,2.11,F21,F21V,5.470959631726146
zr,1.05,A61,A61B,5.471269840374589
uy,1.04,F28,F28D,5.471300090663135
bq,6.05,C23,C23C,5.471861485391855
jy,4.05,G09,G09B,5.472351882606745
yi,6.03,G06,G06K,5.472619093954563
ex,1.02,B01,B01D,5.472619100473821
ei,1.04,F16,F16F,5.472691433504224
dr,1.06,C04,C04B,5.473355010151863
ij,2.11,B62,B62D,5.473427338059992
fa,2.01,H05,H05K,5.473769634962082
pm,2.05,C40,C40B,5.474492892506532
yu,3.03,G06,G06F,5.474708793219179
iq,2.02,B21,B21C,5.475000031292439
iy,1.06,H01,H01L,5.47562114149332
es,2.02,G01,G01Q,5.475979060865939
pn,1.01,H02,H02M,5.476669186726213
fa,2.01,B01,B01J,5.478452421724796
ro,1.07,H03,H03D,5.480244963429868
om,5.05,H03,H03K,5.480555569753051
cq,1.06,G10,G10L,5.480756219476461
td,3.02,H04,H04N,5.480845922604203
un,1.03,H01,H01M,5.481134680798277
qe,2.09,B22,B22F,5.481309016700834
iu,2.03,C03,C03C,5.484916639514267
pc,5.02,G10,G10L,5.485512281768024
ec,1.04,C10,C10L,5.485541806556284
uk,1.03,H03,H03D,5.485729238484055
oy,9,C07,C07C,5.4863027818501
pz,2.05,C09,C09C,5.486397897824645
nn,3.03,C02,C02F,5.491209053900093
id,2.07,F16,F16J,5.491666689515114
nq,5.01,G07,G07F,5.491791551932693
es,2.02,A01,A01H,5.492162711918354
id,2.07,F23,F23M,5.493055581115186
ui,1.03,C25,C25D,5.493496944196522
ub,1.03,F04,F04C,5.49404763430357
tu,3.01,F16,F16K,5.495055207982659
db,2.08,A24,A24B,5.496418696129695
ub,1.03,B26,B26B,5.496843460947275
uk,1.03,F16,F16C,5.498214343562722
bu,1.03,B01,B01D,5.498521841131151
ei,1.04,C22,C22F,5.499644642230123
ua,6.03,C09,C09D,5.5
nu,5.08,F42,F42B,5.5
ry,2.03,F04,F04D,5.5
oz,6.02,B65,B65G,5.5
bp,6.04,G03,G03G,5.5
rz,3.03,G03,G03G,5.5
js,6.04,G01,G01F,5.5
dk,5.02,B67,B67D,5.5
oz,6.02,B23,B23P,5.5
pq,1.01,B60,B60T,5.5
js,6.04,G03,G03G,5.5
py,3.02,B21,B21D,5.5
nu,5.08,B63,B63B,5.5
py,3.02,F04,F04C,5.5
zm,1.06,F02,F02M,5.5
uu,5.06,B21,B21D,5.5
ne,3.03,F02,F02B,5.5
bq,6.05,B66,B66C,5.5
gy,5.02,F02,F02D,5.5
ne,3.03,F17,F17C,5.5
dm,3.02,E04,E04B,5.5
fs,6.04,G11,G11B,5.500000014901161
mm,6.01,C08,C08K,5.500000059604645
zq,2.07,B64,B64C,5.500000150874257
ig,2.06,G03,G03G,5.500102058984339
ep,1.02,B65,B65G,5.500370441004634
rq,1.06,A01,A01G,5.50138892326504
if,2.11,B01,B01L,5.502522840572055
ew,1.02,G05,G05F,5.503315962385386
ha,5.03,H03,H03K,5.503472233191133
sd,3.02,A61,A61H,5.503764702472836
ij,2.11,G11,G11C,5.504051720257849
vi,5.01,H04,H04M,5.504844744689763
bq,6.05,B23,B23K,5.50555557757616
sd,3.02,G06,G06K,5.506856368388981
uy,1.04,F16,F16J,5.506944444496185
ik,2.11,B22,B22D,5.507269307039678
if,2.11,C30,C30B,5.507736450294033
bi,6.01,G06,G06T,5.507936553098261
pc,5.02,H05,H05B,5.508153030648828
ue,2.11,H02,H02M,5.50893044937402
wu,5.04,G02,G02F,5.509299036115408
dw,1.04,D21,D21F,5.509559895843267
ai,2.03,A63,A63B,5.510361150838435
et,1.02,B62,B62D,5.511263786815107
qu,1.06,A61,A61C,5.511326160281897
nn,3.03,G08,G08B,5.511514138430357
ki,3.02,E21,E21B,5.513278422877192
ew,1.02,G07,G07D,5.513806824572384
ro,1.07,A01,A01C,5.514010697603226
ro,1.07,C10,C10B,5.514140781015158
vx,5.01,H04,H04B,5.514294751454145
bf,5.04,H04,H04W,5.515638561919332
er,1.02,H04,H04Q,5.516028610989451
oa,2.11,A61,A61Q,5.516291313804686
pu,2.03,G01,G01C,5.516457309713587
oe,5.06,H01,H01M,5.516666673123837
uk,1.03,G08,G08B,5.516954421531409
ua,6.03,H04,H04H,5.517146257683635
et,1.02,B01,B01F,5.517375705763698
ue,2.11,H03,H03G,5.517758923349902
oa,2.11,C02,C02F,5.519037122838199
pt,3.03,A61,A61C,5.519337271340191
wc,3.03,A47,A47C,5.520833378657699
db,2.08,D06,D06P,5.521815193817019
py,3.02,C11,C11C,5.522385629825294
up,1.03,G21,G21B,5.523289247881621
ub,1.03,G08,G08G,5.524413431063294
ep,1.02,H02,H02N,5.525117240380496
pk,2.05,H01,H01P,5.525227257981896
ia,3.02,G09,G09B,5.525279635563493
ub,1.03,B60,B60K,5.525793708860874
yr,2.01,G01,G01M,5.5275047281757
ka,4.01,F26,F26B,5.527777787297964
nn,3.03,G11,G11B,5.527777805924416
rt,3.02,B82,B82Y,5.528689335333183
dw,1.04,C22,C22C,5.531944470480084
py,3.02,H01,H01Q,5.533056313637644
ui,1.03,B81,B81B,5.533891971688718
ha,5.03,C07,C07C,5.535527396015823
ik,2.11,H01,H01G,5.536908043548465
pu,2.03,G05,G05D,5.536982120014727
dq,9,G01,G01J,5.537375927437097
qq,1.05,A01,A01N,5.541231089038774
uu,5.06,G07,G07C,5.541520513594151
iu,2.03,F04,F04F,5.541666666977108
nu,5.08,F16,F16L,5.541666686534882
oz,6.02,H04,H04Q,5.541666708886623
am,4.01,E21,E21B,5.542857173830271
ki,3.02,B82,B82Y,5.544128105975688
am,4.01,C07,C07F,5.544577602297068
ui,1.03,C09,C09J,5.545289457775652
js,6.04,B60,B60R,5.547619048506022
le,1.05,C10,C10B,5.548351667821407
am,4.01,A01,A01F,5.550000000745058
ha,5.03,G02,G02B,5.550166875123978
ew,1.02,F04,F04B,5.550276047550142
hq,1.04,F04,F04B,5.551395880058408
ew,1.02,F03,F03D,5.552083346992731
ex,1.02,G01,G01F,5.552201921120286
iu,2.03,G01,G01G,5.552345700562
yo,3.01,C11,C11B,5.552532336907461
pz,2.05,B05,B05B,5.552681121509522
ye,2.02,F41,F41G,5.552777860313654
dx,3.01,H04,H04W,5.553418848663568
qf,9,G06,G06K,5.553532592719421
ub,1.03,F02,F02M,5.553549814969301
gy,5.02,A01,A01N,5.554190304130316
ro,1.07,D02,D02G,5.554470580071211
gu,1.06,B82,B82Y,5.55541576910764
oz,6.02,A24,A24B,5.555555555969477
za,3.02,B65,B65D,5.555555555969477
pc,5.02,A63,A63B,5.556062234565616
ve,3.02,B01,B01J,5.556547144195065
re,1.05,C03,C03C,5.556832565926015
ze,1.06,A61,A61M,5.556975716724992
ia,3.02,E21,E21B,5.559523820877075
dy,1.04,F04,F04D,5.560964051634073
id,2.07,G09,G09B,5.561111150309443
ai,2.03,C07,C07K,5.561733923619613
xq,2.11,C30,C30B,5.561762450728565
bp,6.04,B01,B01J,5.562563052400947
km,1.06,H04,H04B,5.563136899378151
rp,6.04,G06,G06T,5.563993768766522
iq,2.02,F24,F24S,5.565153709612787
ya,3.02,A43,A43B,5.566163018578663
es,2.02,H04,H04S,5.566581307910383
oz,6.02,G03,G03B,5.567099586129189
ai,2.03,H03,H03F,5.567859644070268
ze,1.06,B01,B01L,5.568641627440229
gy,5.02,A61,A61Q,5.569444473832846
nu,5.08,G16,G16H,5.56948654144071
py,3.02,B03,B03C,5.570034604519606
id,2.07,B22,B22F,5.570244452450424
oa,2.11,G21,G21G,5.57105269189924
uk,1.03,G05,G05D,5.574483281699941
es,2.02,G08,G08C,5.574928657151759
ad,4.02,G03,G03G,5.575000017881393
qh,2.05,H04,H04L,5.575117276981473
ya,3.02,B25,B25J,5.57606312353164
pw,2.06,C12,C12P,5.576581748202443
uy,1.04,F02,F02M,5.577777791768312
pu,2.03,B82,B82Y,5.57807463046629
le,1.05,C22,C22B,5.578097196761519
uh,1.03,H05,H05K,5.579927319893613
ii,2.04,C09,C09G,5.58081234106794
rp,6.04,G03,G03F,5.58194375783205
pq,1.01,B65,B65D,5.583333343267441
pa,6.02,F16,F16H,5.583333343267441
bv,5.01,H01,H01L,5.58334185089916
tu,3.01,H03,H03K,5.585463845636696
rt,3.02,G11,G11C,5.586756240576506
ne,3.03,H04,H04J,5.58737887814641
ac,2.02,F01,F01N,5.588611163198948
ii,2.04,E04,E04F,5.588888920843601
ah,4.01,B01,B01D,5.590310428291559
pi,1.06,A01,A01H,5.59051758190617
rp,6.04,H05,H05K,5.590909093618393
es,2.02,H02,H02N,5.591847115196288
ik,2.11,H02,H02J,5.59207539819181
dw,1.04,G01,G01R,5.592629087390378
uf,1.03,B29,B29C,5.593789961189032
rx,3.02,G06,G06K,5.59386280993931
ui,1.03,B64,B64G,5.594444461166859
xe,4.01,G01,G01F,5.595238097012043
et,1.02,H02,H02P,5.59613407868892
am,4.01,C08,C08G,5.596299400087446
ev,1.02,G02,G02C,5.597222233191133
ns,2.01,C11,C11D,5.597754436545074
qf,9,C01,C01B,5.598630302818492
ij,2.11,B22,B22F,5.598658513277769
bq,6.05,G01,G01C,5.598958387970924
ii,2.04,B27,B27K,5.599219088442624
ea,1.04,H04,H04Q,5.599444475024939
ne,3.03,B01,B01L,5.599667200352997
um,3.01,B01,B01L,5.600026564206928
pu,2.03,C02,C02F,5.60134288482368
ii,2.04,H04,H04R,5.602254742756486
im,2.01,C22,C22B,5.603886967524886
zm,1.06,C22,C22C,5.60476191341877
we,3.02,B65,B65D,5.605555575340986
hq,1.04,C07,C07K,5.606413682049606
dr,1.06,C08,C08L,5.60786012513563
pm,2.05,A01,A01K,5.608098447322845
sa,3.03,A01,A01K,5.608926767250523
pu,2.03,E04,E04B,5.609325466677547
vj,5.01,G11,G11B,5.609523833729327
za,3.02,C07,C07H,5.610035279998556
mq,6.01,C07,C07D,5.610214093467221
gu,1.06,A01,A01C,5.610373078845441
iq,2.02,A43,A43B,5.610714327543974
rp,6.04,G03,G03G,5.611111111938953
fe,5.05,G06,G06K,5.611267671920359
ry,2.03,G01,G01L,5.612281550653279
rp,6.04,H04,H04H,5.613005062565207
yp,3.02,H01,H01R,5.613095261156559
ad,4.02,A61,A61L,5.615221320651472
pk,2.05,C07,C07D,5.615289392881095
pu,2.03,B60,B60C,5.615918889641762
ma,3.02,B29,B29C,5.616081052692607
pa,6.02,A63,A63B,5.616666674613953
ne,3.03,F16,F16K,5.616666678339243
py,3.02,A23,A23B,5.617193289101124
dw,1.04,F42,F42B,5.617746936157346
ee,1.04,B60,B60C,5.617857180535793
ad,4.02,A21,A21D,5.618109395261854
qq,1.05,B01,B01L,5.619177904445678
xy,1.01,G07,G07F,5.619798358529806
di,5.02,A61,A61M,5.621187176555395
oa,2.11,G09,G09F,5.621963631361723
pk,2.05,G21,G21C,5.623412732034922
qe,2.09,C01,C01B,5.624271934386343
py,3.02,C25,C25D,5.625
oz,6.02,G01,G01L,5.625
ew,1.02,C08,C08J,5.625000014901161
db,2.08,B23,B23K,5.62500187754631
iq,2.02,F02,F02G,5.625013315118849
qu,1.06,D21,D21C,5.625321496743709
dy,1.04,H02,H02N,5.625782920047641
pf,6.02,H01,H01L,5.626190513372421
si,1.05,C12,C12N,5.626324904151261
ei,1.04,A61,A61C,5.626569977030158
ik,2.11,G01,G01K,5.627921469975263
zd,9,G02,G02B,5.628249217290431
qk,6.01,G06,G06Q,5.628471087664366
qg,2.05,F16,F16J,5.629629655741155
ep,1.02,F16,F16K,5.632823349907994
zq,2.07,F42,F42D,5.633597899228334
cq,1.06,C03,C03C,5.633845324860886
iu,2.03,E02,E02F,5.635164862498641
qf,9,H01,H01B,5.635655691614375
dk,5.02,G09,G09G,5.635714322328568
im,2.01,C07,C07C,5.636083984281868
im,2.01,G07,G07C,5.6382035179995
wu,5.04,B29,B29C,5.63888893648982
vy,3.02,G02,G02F,5.639625401236117
sy,1.03,G21,G21B,5.641328257042915
iq,2.02,B41,B41C,5.641666719689965
gy,5.02,D06,D06F,5.642857149243355
uy,1.04,F16,F16B,5.643750060349703
cu,1.06,G09,G09B,5.644419612828642
xq,2.11,C09,C09B,5.646507397759706
uq,5.07,A61,A61K,5.647292081732303
ui,1.03,B42,B42D,5.648412734270096
aa,1.03,H04,H04K,5.649007985368371
iu,2.03,E04,E04C,5.650370385497808
qj,2.05,G01,G01J,5.650793693959713
ai,2.03,G09,G09G,5.650838118046522
ij,2.11,G05,G05D,5.651815585792065
yp,3.02,B01,B01J,5.653776140883565
om,5.05,H01,H01F,5.654761917889118
pk,2.05,G03,G03G,5.655808116309345
dy,1.04,F21,F21K,5.657339358935133
pc,5.02,H03,H03K,5.658277785405517
oz,6.02,A47,A47L,5.658333346247673
qh,2.05,B05,B05D,5.658360818400979
ra,2.11,C23,C23C,5.659024052321911
vy,3.02,C12,C12M,5.660152454627678
ja,1.05,G01,G01F,5.661013919860125
da,1.06,H04,H04N,5.661582052707672
or,5.09,A61,A61B,5.6618860848248
pw,2.06,C07,C07F,5.663019401952624
gu,1.06,A23,A23K,5.663172883912921
ec,1.04,G06,G06Q,5.664357106201351
ew,1.02,G01,G01W,5.664394030347466
hq,1.04,H03,H03K,5.6644279838074
ub,1.03,B30,B30B,5.664772756397724
co,1.06,G02,G02F,5.665474290028214
xq,2.11,C10,C10B,5.665982143953443
oz,6.02,G08,G08G,5.66666667163372
bq,6.05,H02,H02M,5.66666667163372
rt,3.02,B60,B60W,5.666666686534882
pz,2.05,B21,B21K,5.666666686534882
ua,6.03,B32,B32B,5.666666708886623
pm,2.05,B23,B23D,5.666666716337204
iu,2.03,G03,G03G,5.666794730350375
co,1.06,C11,C11B,5.667262903181836
ua,6.03,C04,C04B,5.66785717010498
di,5.02,A01,A01K,5.668478261679411
pt,3.03,C12,C12Q,5.668717778171413
cq,1.06,F02,F02D,5.669232375686988
zr,1.05,E03,E03B,5.669444501399994
pw,2.06,G02,G02B,5.669594223378226
ub,1.03,B41,B41C,5.672916747629642
wu,5.04,A61,A61L,5.67441433435306
ik,2.11,B01,B01D,5.674739422742277
gu,1.06,G07,G07F,5.675536936149001
dw,1.04,H05,H05B,5.676964841783047
db,2.08,C10,C10J,5.678122596815228
ip,2.07,G06,G06T,5.678478913381696
zd,9,B01,B01L,5.679426594288088
id,2.07,B65,B65G,5.679773984476924
ga,3.02,C08,C08F,5.682340831495821
ih,2.07,D21,D21C,5.684136775322258
rb,2.02,B29,B29C,5.688073969911784
pe,5.02,G01,G01V,5.688560899347067
ye,2.02,C04,C04B,5.688767255283892
up,1.03,G03,G03F,5.692694826982915
pa,6.02,H02,H02M,5.693850280717015
sr,2.07,G01,G01L,5.694033231586218
pu,2.03,B05,B05D,5.69415459735319
ee,1.04,H05,H05K,5.695726099889725
iu,2.03,B61,B61L,5.695760317146778
ee,1.04,A21,A21D,5.696267116232775
aa,1.03,B32,B32B,5.696931313723326
hq,1.04,C09,C09C,5.697019978426397
pk,2.05,G05,G05B,5.697916701436043
yg,6.04,F16,F16C,5.700000032782555
ig,2.06,B81,B81B,5.701790019404143
qq,1.05,B03,B03C,5.70246471138671
oa,2.11,F02,F02M,5.703629069030285
dr,1.06,H01,H01M,5.704614285612479
et,1.02,A23,A23F,5.704761937260628
ru,3.01,G01,G01C,5.706276188837364
js,6.04,H01,H01M,5.707875471562147
ew,1.02,A41,A41H,5.708333365619183
ij,2.11,A63,A63F,5.70893506705761
hq,1.04,G01,G01C,5.709696800448
ro,1.07,F28,F28D,5.709896368905902
mu,4.01,C12,C12R,5.710231640376151
ec,1.04,E21,E21B,5.711434915661812
ii,2.04,B30,B30B,5.71230161190033
zc,4.03,H05,H05K,5.714285753667355
ia,3.02,H04,H04B,5.714285773225129
ry,2.03,C08,C08L,5.714401360601187
ni,3.01,C11,C11D,5.714440574636683
ij,2.11,B24,B24B,5.716509998776019
ns,2.01,H02,H02M,5.717027181293815
ro,1.07,F02,F02K,5.717171728610992
xa,5.04,G06,G06T,5.718614864163101
ei,1.04,C10,C10K,5.721732108853757
ct,9,A61,A61M,5.721850304631516
zc,4.03,G02,G02B,5.724267413839698
zr,1.05,H01,H01L,5.724584803450853
ro,1.07,B60,B60T,5.725000001490116
ro,1.07,H04,H04H,5.726030260324478
ry,2.03,C22,C22F,5.726785782724619
qa,3.01,C08,C08G,5.726969108683988
vj,5.01,G11,G11C,5.727201264351606
mc,1.06,G01,G01R,5.72784760617651
db,2.08,G09,G09G,5.728063821792603
ii,2.04,C12,C12Y,5.728959592292085
qg,2.05,G01,G01M,5.72911327611655
ja,1.05,B03,B03B,5.729236361104995
pk,2.05,A61,A61Q,5.73066945374012
ub,1.03,A61,A61Q,5.730816611554474
yq,5.07,G10,G10L,5.73303543496877
zq,2.07,B22,B22F,5.733755484223366
hq,1.04,G08,G08B,5.734971361234784
iu,2.03,B29,B29D,5.736939240247011
ub,1.03,F16,F16L,5.737456816248596
ei,1.04,B24,B24D,5.737733296118677
iy,1.06,B01,B01J,5.73874225281179
pn,1.01,H03,H03K,5.740496779792011
my,5.01,H04,H04W,5.741037392988801
ii,2.04,B44,B44C,5.741666711866856
ew,1.02,H01,H01F,5.741930196993053
ei,1.04,F01,F01D,5.743518583476543
ig,2.06,B22,B22F,5.744502679444849
ui,1.03,B64,B64D,5.744913436472416
om,5.05,C11,C11D,5.745238103438169
uf,1.03,A61,A61F,5.746073336107656
yq,5.07,B61,B61L,5.749920725822449
nu,5.08,B66,B66F,5.75
bk,6.04,B23,B23K,5.75
nu,5.08,B05,B05B,5.75
dy,1.04,B60,B60K,5.75
py,3.02,G01,G01F,5.750000014901161
ii,2.04,E01,E01C,5.750000029802322
ve,3.02,B60,B60R,5.750000029802322
ve,3.02,B62,B62D,5.75000011920929
xq,2.11,G03,G03H,5.751724720932543
dk,5.02,G06,G06T,5.753303738310933
ha,5.03,G06,G06N,5.753568946383893
oy,9,G09,G09G,5.754700876772404
td,3.02,G02,G02B,5.757122525945306
hl,3.03,H01,H01L,5.757939517963678
gu,1.06,A23,A23L,5.758617297862656
yr,2.01,G07,G07B,5.758877335116267
ei,1.04,G02,G02C,5.760311373975128
ik,2.11,A61,A61C,5.760694298893213
dk,5.02,H04,H04B,5.762410741299391
xq,2.11,G09,G09F,5.763386134058237
zd,9,A63,A63F,5.763690494000912
pa,6.02,C23,C23C,5.764583349227905
bq,6.05,A61,A61N,5.764718784950674
dw,1.04,B09,B09C,5.765023943036795
pm,2.05,G07,G07C,5.766562988050282
ua,6.03,A61,A61F,5.766569038853049
zm,1.06,H05,H05K,5.771428611129522
zq,2.07,E21,E21D,5.771780318580568
di,5.02,G10,G10L,5.773146971594542
uy,1.04,E04,E04B,5.773214319720864
id,2.07,G07,G07F,5.773611234501004
le,1.05,G02,G02B,5.773626418318599
ac,2.02,F16,F16D,5.774603256955743
oe,5.06,G01,G01S,5.777020221576095
oz,6.02,C22,C22C,5.777777783572674
xw,3.03,C12,C12N,5.778127756901085
oi,3.02,A61,A61M,5.778287556488067
lq,3.03,H01,H01L,5.778481943532825
io,2.07,H04,H04B,5.778980263043195
uy,1.04,F42,F42B,5.77941176481545
aa,1.03,B60,B60C,5.779563531279564
ia,3.02,B65,B65D,5.779750235378742
di,5.02,G07,G07C,5.783297326415777
pc,5.02,C07,C07D,5.783330824691802
uu,5.06,B60,B60W,5.783333346247673
qu,1.06,C07,C07J,5.783702316693962
dq,9,A63,A63F,5.784127030521631
ur,1.01,C08,C08L,5.78461793391034
dy,1.04,F23,F23J,5.786111114546657
oy,9,G06,G06N,5.787974978331476
ei,1.04,H01,H01C,5.78920451970771
pw,2.06,C07,C07J,5.790119043085724
if,2.11,A62,A62D,5.790530327707529
qu,1.06,A23,A23D,5.792783982353285
di,5.02,G01,G01S,5.793974546715617
up,1.03,H03,H03K,5.795081159099936
pu,2.03,H01,H01F,5.797013939823955
ig,2.06,C22,C22C,5.797835611272603
zc,4.03,G06,G06T,5.798726772889495
qg,2.05,C23,C23G,5.7990248715505
pu,2.03,H04,H04M,5.799880425445735
vj,5.01,C22,C22C,5.801190495491028
pj,2.05,C11,C11D,5.801670999964699
yr,2.01,G08,G08B,5.802326276898384
ua,6.03,G11,G11C,5.802631162106991
id,2.07,G11,G11B,5.802955877035856
oy,9,B01,B01D,5.803102472797036
uk,1.03,G03,G03B,5.804809592897072
cl,9,H04,H04M,5.804920371621847
vi,5.01,H04,H04Q,5.805555570870638
li,3.02,C07,C07C,5.805678168544546
aa,1.03,G03,G03B,5.806130237411708
qq,1.05,C11,C11D,5.806547657586634
pe,5.02,G02,G02B,5.80854778457433
er,1.02,G07,G07D,5.808939768001437
rp,6.04,C09,C09D,5.809523835778236
zc,4.03,E21,E21B,5.809890117496252
dk,5.02,A61,A61M,5.810242105275393
ds,3.02,A01,A01N,5.810374862281606
ry,2.03,C25,C25C,5.810621033422649
ep,1.02,B82,B82Y,5.810885612037964
uu,5.06,A61,A61Q,5.812426928430796
ji,5.01,A63,A63F,5.812893691472709
ai,2.03,B01,B01J,5.813138887286186
im,2.01,H04,H04R,5.814011510461569
py,3.02,G05,G05B,5.815716770477593
ub,1.03,C10,C10L,5.816662645898759
ah,4.01,C12,C12C,5.816670616390184
bk,6.04,C09,C09K,5.818107858300209
rz,3.03,A61,A61L,5.81857660994865
hb,5.03,H01,H01L,5.81866062595509
sr,2.07,E21,E21B,5.820753301028162
ii,2.04,D21,D21G,5.821428582072258
iu,2.03,A01,A01G,5.821577391587198
iu,2.03,B60,B60N,5.822222268208861
dt,2.03,B23,B23K,5.824484987184405
ve,3.02,H05,H05K,5.825000040233135
ij,2.11,C11,C11D,5.825000043958426
oa,2.11,C11,C11D,5.825694460421801
ji,5.01,G02,G02B,5.826007509138435
hy,1.06,C07,C07H,5.828329966403544
nu,5.08,G05,G05D,5.828968323767185
ae,4.05,C05,C05F,5.83045819029212
sr,2.07,G01,G01K,5.831342526711524
tu,3.01,H01,H01Q,5.831482995068654
ac,2.02,B60,B60C,5.831547655165195
rp,6.04,C07,C07K,5.832631919125561
pz,2.05,H02,H02J,5.833241866901517
oz,6.02,B41,B41M,5.833333343267441
za,3.02,G08,G08G,5.833333343267441
ro,1.07,B41,B41F,5.833333350718021
ah,4.01,A01,A01B,5.833333360031247
oz,6.02,H01,H01H,5.833333373069763
xq,2.11,E04,E04F,5.833333402872086
pe,5.02,G09,G09B,5.83357123658061
gc,1.05,C03,C03C,5.834109339863062
hq,1.04,G01,G01S,5.834169215522707
pm,2.05,A23,A23G,5.83580138720572
ru,3.01,G16,G16H,5.836465995525941
nu,5.08,H01,H01F,5.837276631034911
pj,2.05,B27,B27M,5.837301641702652
gy,5.02,B01,B01J,5.83811204880476
ru,3.01,G03,G03F,5.840340041322634
wm,5.04,G03,G03G,5.84166669100523
yq,5.07,B60,B60T,5.841798953711987
ku,5.07,C07,C07D,5.841800428926945
bq,6.05,H02,H02J,5.842857152223587
ua,6.03,C08,C08L,5.843818757683039
gy,5.02,C01,C01B,5.844205014407635
ew,1.02,C08,C08K,5.844444459304214
ih,2.07,F23,F23G,5.844588810577989
iu,2.03,C12,C12Q,5.844701254973188
qh,2.05,G01,G01L,5.845802312949672
qj,2.05,G03,G03G,5.847222328186035
si,1.05,H01,H01L,5.848450064659119
bk,6.04,C08,C08K,5.850000001490116
ha,5.03,B29,B29C,5.850000023841858
ya,3.02,H01,H01S,5.850014552474022
dt,2.03,F03,F03D,5.850892886519432
ij,2.11,C08,C08J,5.851774992421269
iq,2.02,F03,F03H,5.852592619135976
ye,2.02,G16,G16H,5.853109072195366
ii,2.04,B62,B62D,5.853174635209143
ei,1.04,H01,H01R,5.853589540347457
es,2.02,C25,C25D,5.855024982243776
ev,1.02,A01,A01N,5.856829571537673
xq,2.11,G01,G01D,5.858239272609353
ro,1.07,C05,C05F,5.859478000551462
ry,2.03,B64,B64G,5.861111156642437
ba,3.02,C12,C12Q,5.861777405138128
hq,1.04,E21,E21B,5.864579373970628
db,2.08,B65,B65B,5.864780259085819
qe,2.09,C09,C09K,5.865305093117058
ne,3.03,F16,F16C,5.866666674613953
sd,3.02,G07,G07F,5.867665992118418
ea,1.04,H02,H02N,5.86789648514241
re,1.05,C01,C01G,5.869065635837615
xq,2.11,B07,B07C,5.869444474577904
dy,1.04,F02,F02D,5.869576774537563
cu,1.06,H04,H04M,5.87032937258482
we,3.02,B01,B01D,5.871502502355725
pj,2.05,D01,D01D,5.872315682470798
nu,5.08,B60,B60C,5.875
tu,3.01,H01,H01R,5.875000024214387
qu,1.06,H04,H04M,5.875976136885583
dy,1.04,F28,F28D,5.878010021522641
en,9,G06,G06F,5.878010899759829
su,3.02,G11,G11B,5.878564992919564
uy,1.04,C40,C40B,5.87934621470049
qf,9,H01,H01S,5.879974610870704
et,1.02,A01,A01D,5.880952421575785
ro,1.07,C06,C06B,5.880952421575785
zc,4.03,B01,B01J,5.881286180578172
fa,2.01,C08,C08L,5.881588857155293
oz,6.02,G05,G05D,5.882954586297274
ry,2.03,C08,C08J,5.883443135535344
iu,2.03,F15,F15D,5.885448049753904
cu,1.06,A23,A23K,5.885540244169533
ad,4.02,H04,H04L,5.886079709976912
mc,1.06,G16,G16H,5.886938935378566
dq,9,E21,E21B,5.887500032782555
am,4.01,B05,B05B,5.888310252223164
eu,2.02,B60,B60R,5.888888899236917
uh,1.03,C25,C25D,5.889594161882997
ur,1.01,G03,G03F,5.891859945841134
rp,6.04,C08,C08L,5.892857149243355
pa,6.02,B65,B65H,5.892857149243355
uq,5.07,H01,H01L,5.893434350378811
za,3.02,C08,C08G,5.894041930790991
pq,1.01,C08,C08F,5.895833343267441
eo,6.02,G06,G06T,5.896380506455898
ds,3.02,G09,G09B,5.898333343677223
iq,2.02,B64,B64F,5.898809555917978
yi,6.03,H05,H05K,5.900000013411045
wq,5.01,H04,H04W,5.900000017136335
fa,2.01,E06,E06B,5.900000117719173
oy,9,B01,B01J,5.900075145997107
fi,1.04,H05,H05K,5.901638265699148
ba,3.02,A01,A01K,5.902845413307659
pm,2.05,G05,G05F,5.904900619294494
id,2.07,C01,C01D,5.904947370290756
uf,1.03,C02,C02F,5.905074825510383
gu,1.06,D06,D06M,5.905555579811335
gc,1.05,H04,H04M,5.907142896205187
es,2.02,H04,H04K,5.909030107781291
wu,5.04,G06,G06N,5.90910011343658
db,2.08,G08,G08B,5.909137203358114
co,1.06,A23,A23C,5.910260182805359
ei,1.04,B22,B22D,5.911915281787515
ii,2.04,B22,B22D,5.912238972261548
ub,1.03,G04,G04B,5.91250004991889
zr,1.05,C11,C11D,5.913088536355644
vj,5.01,G09,G09G,5.9134920835495
gu,1.06,C10,C10G,5.913522629067302
iq,2.02,A61,A61J,5.916316900984384
rx,3.02,A61,A61L,5.916541299549863
zm,1.06,D06,D06P,5.91666667163372
pq,1.01,A63,A63B,5.916666679084301
py,3.02,C22,C22C,5.916666686534882
im,2.01,B64,B64F,5.916666686534882
js,6.04,A63,A63B,5.916666686534882
pj,2.05,E04,E04F,5.916666686534882
ye,2.02,C07,C07D,5.91730982856825
vy,3.02,B01,B01L,5.918451302160975
ba,3.02,C12,C12N,5.919572864135262
sy,1.03,F02,F02P,5.921095034573227
ni,3.01,C08,C08L,5.92153544863686
nm,5.02,G06,G06F,5.92204556055367
eo,6.02,A63,A63F,5.922222226858139
re,1.05,C07,C07C,5.922385820187628
ua,6.03,H04,H04B,5.92278067022562
ue,2.11,A61,A61K,5.9232683184091
re,1.05,H01,H01M,5.923896630760282
uk,1.03,H05,H05H,5.92473438102752
qe,2.09,B05,B05D,5.926096606999636
ne,3.03,C08,C08F,5.927698492072523
uk,1.03,G01,G01M,5.928257238585502
dm,3.02,B65,B65D,5.928776702843606
ox,6.02,G03,G03G,5.929166696965694
ga,3.02,C07,C07J,5.929500930942595
nq,5.01,H01,H01L,5.929952339734882
ui,1.03,A61,A61Q,5.930360538884997
ns,2.01,G02,G02C,5.931385343894362
iu,2.03,H02,H02H,5.931834818795323
bp,6.04,G11,G11C,5.932016955222934
gy,5.02,B23,B23K,5.932291716337204
qg,2.05,A61,A61M,5.932937052100897
pa,6.02,H03,H03M,5.933333344757557
id,2.07,E02,E02F,5.933333359658718
ee,1.04,G06,G06T,5.933759461157024
sy,1.03,A63,A63B,5.935334756039083
id,2.07,C07,C07K,5.935399841633625
jo,5.04,G06,G06Q,5.935659267008305
dt,2.03,B29,B29C,5.936725368956104
nu,5.08,C12,C12M,5.936756699578837
id,2.07,G21,G21C,5.937485668808222
qf,9,C09,C09K,5.938145034597255
pt,3.03,G08,G08B,5.93862845050171
oz,6.02,A61,A61L,5.939411586150527
si,1.05,G06,G06T,5.94190411362797
pz,2.05,C12,C12N,5.94251765916124
oe,5.06,G07,G07F,5.942791638895869
xq,2.11,B23,B23K,5.942894495092332
xy,1.01,G01,G01S,5.943210041150451
ih,2.07,E02,E02D,5.944444499909878
uy,1.04,H04,H04N,5.944981168489903
if,2.11,A63,A63B,5.9452642230317
oy,9,C08,C08J,5.946428574621677
et,1.02,B60,B60C,5.947222264483571
ae,4.05,C08,C08L,5.949468083679676
jy,4.05,A21,A21B,5.950000025331974
fy,3.02,A63,A63B,5.950000032782555
pw,2.06,G16,G16H,5.953179788775742
qg,2.05,G01,G01P,5.954945087432861
ya,3.02,G05,G05B,5.956492819823325
pa,6.02,F16,F16B,5.958333343267441
gu,1.06,H01,H01B,5.958333350718021
le,1.05,C01,C01B,5.958432199899107
ac,2.02,G08,G08C,5.959990912582725
ns,2.01,G01,G01D,5.960389737971127
mq,6.01,A61,A61M,5.961172042414546
uh,1.03,G06,G06K,5.961969485506415
pq,1.01,H04,H04J,5.962078172713518
aq,3.02,A61,A61L,5.962994365254417
es,2.02,G01,G01P,5.963394088670611
ra,2.11,B23,B23K,5.963461577892303
co,1.06,G11,G11B,5.963856841437519
gc,1.05,G10,G10K,5.965035025030375
ae,4.05,F26,F26B,5.966666698455811
ah,4.01,C05,C05F,5.966827780008316
dy,1.04,F28,F28F,5.967331037390977
ve,3.02,C09,C09D,5.968750014901161
oe,5.06,G03,G03F,5.968771954998374
ec,1.04,G21,G21C,5.969017188996077
qe,2.09,C12,C12P,5.969456352060661
pz,2.05,F25,F25B,5.969592230394483
iu,2.03,B66,B66B,5.970256171189249
db,2.08,C07,C07B,5.971878436394036
ye,2.02,A47,A47L,5.972117028664798
bq,6.05,H04,H04H,5.97255801409483
nu,5.08,G01,G01F,5.97258472815156
wu,5.04,A61,A61N,5.973766050999984
qh,2.05,C03,C03C,5.974062499124557
up,1.03,G06,G06T,5.974642827175558
jy,4.05,A63,A63F,5.974747486412525
jb,5.07,G07,G07F,5.976785741746426
nu,5.08,A23,A23D,5.977799763903022
py,3.02,C09,C09J,5.982104714028537
ne,3.03,C08,C08J,5.982166028115898
yi,6.03,G09,G09G,5.983333356678486
dy,1.04,G21,G21K,5.984025179408491
pu,2.03,B22,B22D,5.984259304590523
bu,1.03,B01,B01J,5.984321799129248
bq,6.05,C08,C08J,5.988095261156559
sy,1.03,C11,C11D,5.990371925756335
lj,3.02,G09,G09B,5.991554950131103
dy,1.04,B22,B22D,5.99166670255363
oz,6.02,C07,C07F,5.9923993088305
dy,1.04,G01,G01F,5.993490589782596
iq,2.02,G05,G05G,5.993804216850549
ro,1.07,H02,H02S,5.994764998555183
sd,3.02,G02,G02B,5.995472038630396
ya,3.02,B01,B01J,5.996755145024508
wm,5.04,G01,G01R,5.996854451484978
ha,5.03,G11,G11C,5.99700219463557
ii,2.04,G09,G09F,5.997017620131373
ru,3.01,C23,C23C,5.999145539477468
ei,1.04,F16,F16L,5.999298646114767
vy,3.02,G01,G01K,5.999488478060812
ai,2.03,G10,G10K,5.999528729356825
ox,6.02,F01,F01D,6
dy,1.04,B60,B60W,6
bk,6.04,B32,B32B,6
ad,4.02,B25,B25B,6
or,5.09,B05,B05B,6
fs,6.04,A63,A63F,6
ua,6.03,F01,F01D,6
ui,1.03,F04,F04D,6
nu,5.08,B23,B23Q,6
ut,6.02,F01,F01L,6
mm,6.01,G09,G09F,6
ro,1.07,E04,E04G,6
bp,6.04,B60,B60R,6
ne,3.03,H02,H02H,6
ut,6.02,B01,B01J,6
oi,3.02,A63,A63B,6
ut,6.02,A63,A63B,6
di,5.02,F02,F02P,6
pq,1.01,B24,B24B,6
oz,6.02,G08,G08C,6
ot,6.02,G02,G02F,6.000000014901161
rb,2.02,F03,F03G,6.00166673772037
ex,1.02,H01,H01M,6.002738142386079
uf,1.03,C09,C09K,6.003317101392895
tm,3.01,C12,C12P,6.00428607640788
pz,2.05,B02,B02C,6.004761949181557
ff,3.02,H04,H04N,6.006666705012321
jy,4.05,A61,A61F,6.008966596331447
iq,2.02,C09,C09B,6.011613799259067
py,3.02,F24,F24F,6.011904787272215
dy,1.04,C07,C07G,6.0122563643381
td,3.02,A61,A61H,6.013720001559705
su,3.02,A23,A23L,6.013950566295534
oa,2.11,H01,H01T,6.017316043376923
pu,2.03,F16,F16C,6.018737442791462
rz,3.03,A61,A61Q,6.021620223298669
bu,1.03,G01,G01C,6.021692872978747
pn,1.01,B25,B25J,6.024447496980429
vy,3.02,A61,A61H,6.026788491057232
dq,9,H05,H05K,6.02926846826449
vi,5.01,H05,H05B,6.029415114782751
pa,6.02,G11,G11C,6.029563535936177
om,5.05,H03,H03F,6.031951833516359
ih,2.07,B01,B01F,6.032412463799119
uy,1.04,G01,G01T,6.033041315618902
ne,3.03,E03,E03C,6.033333346247673
uh,1.03,G21,G21C,6.033333357423544
pq,1.01,F21,F21V,6.033333361148834
sy,1.03,B23,B23Q,6.033333376049995
ij,2.11,H01,H01H,6.03333342820406
dk,5.02,G02,G02C,6.033333465456963
le,1.05,G01,G01J,6.033370457356796
gy,5.02,G10,G10L,6.035886806435883
xq,2.11,A61,A61L,6.038523954339325
bp,6.04,C09,C09K,6.039625863078982
eq,3.01,A61,A61M,6.040457822615281
hf,6.03,C11,C11D,6.04166667163372
di,5.02,F21,F21V,6.041666679084301
su,3.02,G01,G01M,6.041692845523357
hq,1.04,F01,F01N,6.043272398412228
nu,5.08,B65,B65H,6.047023843973875
iq,2.02,D21,D21H,6.048216142691672
ue,2.11,E21,E21B,6.049139546230435
mm,6.01,C04,C04B,6.049516944214702
ik,2.11,H03,H03F,6.050111695192754
ru,3.01,B60,B60R,6.050290405750275
ik,2.11,G01,G01J,6.050665002781898
gc,1.05,G11,G11B,6.051424098201096
de,1.06,D21,D21H,6.051641456782818
hq,1.04,C10,C10J,6.05212114751339
ea,1.04,C12,C12Y,6.052555997623131
et,1.02,B60,B60L,6.053235683590174
iu,2.03,G11,G11C,6.054602918447927
pz,2.05,B62,B62D,6.055555582046509
we,3.02,B05,B05B,6.056733081117272
ei,1.04,B42,B42D,6.057780258357525
dy,1.04,B03,B03D,6.058534818701446
cq,1.06,G01,G01V,6.05874827876687
ru,3.01,E21,E21B,6.058934861794114
dk,5.02,G01,G01R,6.059523820877075
dq,9,G11,G11B,6.059531889855862
dq,9,A61,A61Q,6.060861369594932
dr,1.06,E21,E21B,6.062301643192768
vi,5.01,C11,C11D,6.062500014901161
ht,1.06,G01,G01N,6.063812705455348
id,2.07,C21,C21B,6.064713118597865
wu,5.04,G09,G09B,6.066160636488348
cq,1.06,H01,H01G,6.066415574401617
fi,1.04,G03,G03F,6.066987012512982
vi,5.01,G07,G07F,6.068180456757545
ru,3.01,G05,G05D,6.068239649990574
ia,3.02,B01,B01D,6.06996376439929
ns,2.01,C09,C09C,6.07066053734161
ns,2.01,G01,G01F,6.070855341851711
ne,3.03,G01,G01M,6.075694466009736
ut,6.02,C08,C08K,6.076923079788685
bp,6.04,C08,C08K,6.076923094689846
ia,3.02,A61,A61C,6.077832394745201
qj,2.05,B01,B01J,6.081362695433199
cu,1.06,B01,B01D,6.08190656430088
ye,2.02,F03,F03D,6.082539789378643
bp,6.04,C01,C01B,6.083333343267441
bk,6.04,B65,B65D,6.083333343267441
ew,1.02,F41,F41A,6.083333358168602
uk,1.03,G03,G03C,6.08428222197108
pq,1.01,G07,G07C,6.085454545915127
tu,3.01,A24,A24D,6.086111132055521
ru,3.01,F21,F21V,6.087830543750897
ua,6.03,G05,G05B,6.088461551815271
le,1.05,A01,A01N,6.088614298030734
vx,5.01,G11,G11B,6.090185799635947
ye,2.02,G03,G03C,6.090277805924416
ew,1.02,F16,F16C,6.090909138321877
pg,6.02,A61,A61B,6.091213080100715
ex,1.02,F02,F02D,6.091832066886127
ne,3.03,H01,H01G,6.092261916026473
js,6.04,C09,C09K,6.094444461166859
zc,4.03,G07,G07F,6.094444468617439
er,1.02,A61,A61N,6.096343908691779
ro,1.07,A23,A23J,6.096452426165342
ub,1.03,C40,C40B,6.096563811879605
tc,3.02,G06,G06K,6.098397023044527
le,1.05,G01,G01F,6.099145326763391
im,2.01,F24,F24F,6.099615382030606
xe,4.01,C01,C01B,6.101128560490906
za,3.02,B41,B41J,6.101190492510796
rp,6.04,H04,H04R,6.102435074746609
cu,1.06,C08,C08L,6.105078902095556
yo,3.01,A62,A62D,6.106355130672455
ot,6.02,H05,H05K,6.106666668318212
if,2.11,F25,F25B,6.106671226210892
uf,1.03,B01,B01F,6.10754369571805
iu,2.03,F24,F24H,6.108333390206099
qu,1.06,H04,H04B,6.108901549130678
dt,2.03,G01,G01J,6.109272896079347
rz,3.03,E21,E21B,6.111111111938953
xq,2.11,H01,H01B,6.111819277517498
ub,1.03,F25,F25J,6.111904788762331
yr,2.01,H05,H05B,6.11316364724189
ip,2.07,G05,G05B,6.114298689179122
iu,2.03,A01,A01H,6.115197419188917
da,1.06,A61,A61C,6.11527122464031
qq,1.05,B29,B29C,6.115476214792579
ka,4.01,C07,C07D,6.116401638835669
dy,1.04,E04,E04D,6.116666734218597
pn,1.01,G08,G08G,6.117035998031497
nu,5.08,D21,D21C,6.118589751422405
su,3.02,H04,H04W,6.118766843341291
ut,6.02,G01,G01R,6.11904764175415
nu,5.08,H01,H01Q,6.119304088875651
ig,2.06,D01,D01D,6.119515277678147
ia,3.02,H04,H04M,6.120699664577842
ia,3.02,A61,A61H,6.12155820382759
ae,4.05,G06,G06K,6.123397495597601
ru,3.01,H01,H01R,6.124007953330874
sy,1.03,B61,B61L,6.124404856935143
yi,6.03,G03,G03G,6.125
ai,2.03,H02,H02H,6.125000014901161
oz,6.02,F16,F16L,6.125000014901161
pz,2.05,E04,E04B,6.125000014901161
ru,3.01,C09,C09D,6.126834097784013
dk,5.02,G11,G11C,6.127168700098991
io,2.07,G06,G06Q,6.127708179876208
rb,2.02,B23,B23P,6.127777822315693
uy,1.04,B02,B02C,6.127976207062602
tu,3.01,G09,G09B,6.128078285371885
re,1.05,C01,C01F,6.128664342220873
fy,3.02,G01,G01B,6.130338380113244
nn,3.03,C07,C07F,6.132673334795982
jo,5.04,A61,A61K,6.132871496723965
im,2.01,G11,G11B,6.133369429036975
ii,2.04,H05,H05H,6.133582163602114
vy,3.02,A01,A01K,6.133620145032182
ui,1.03,G21,G21C,6.135714344680309
pu,2.03,F16,F16D,6.136508034542203
qe,2.09,D01,D01D,6.13695415132679
bp,6.04,G09,G09G,6.137500023469329
ue,2.11,G01,G01M,6.138207464013249
ig,2.06,G05,G05D,6.138718180824071
ig,2.06,B41,B41J,6.139724601991475
xy,1.01,H03,H03M,6.140490511897951
pm,2.05,B28,B28D,6.1425572601147
ro,1.07,D06,D06F,6.142857149243355
rp,6.04,H01,H01J,6.142857149243355
js,6.04,H02,H02J,6.142857179045677
ip,2.07,H04,H04N,6.146320646628737
qg,2.05,C22,C22B,6.146947644650936
aq,3.02,C07,C07C,6.147289696615189
ub,1.03,F16,F16D,6.147916715592146
di,5.02,G03,G03F,6.148004773072898
oa,2.11,B22,B22F,6.149613922461867
id,2.07,C01,C01C,6.151263843290508
iq,2.02,B02,B02C,6.151543245650828
pm,2.05,H03,H03F,6.153214935911819
ki,3.02,G06,G06K,6.154057257343084
rz,3.03,C08,C08F,6.155555557459593
ne,3.03,G05,G05D,6.155740160495043
es,2.02,G10,G10K,6.157535448670387
ac,2.02,F41,F41G,6.157613683491945
cu,1.06,A23,A23G,6.158064225688577
bq,6.05,B42,B42D,6.15846561640501
ro,1.07,A61,A61J,6.158885475248098
vj,5.01,A01,A01N,6.160714287310839
gc,1.05,H01,H01Q,6.160941355163231
ja,1.05,C10,C10J,6.165323499124497
dr,1.06,H04,H04B,6.166603946126997
vj,5.01,F04,F04D,6.16666667163372
xe,4.01,C08,C08G,6.166666686534882
pa,6.02,F02,F02D,6.166666716337204
nu,5.08,B60,B60W,6.166666716337204
nn,3.03,A63,A63B,6.166666798293591
cl,9,H03,H03G,6.167420684359968
ig,2.06,C07,C07H,6.167690087924711
ih,2.07,H05,H05B,6.167941377498209
yo,3.01,C03,C03C,6.168201183900237
ne,3.03,B65,B65B,6.169523816555738
qf,9,C21,C21D,6.16984130628407
gu,1.06,B29,B29C,6.170457115862519
wm,5.04,G06,G06K,6.171118162805215
tq,3.02,A47,A47D,6.171428605914116
ea,1.04,F16,F16L,6.17158126225695
ha,5.03,A61,A61M,6.171682637184858
eq,3.01,H01,H01L,6.172887368360534
ui,1.03,B81,B81C,6.174578740028664
dr,1.06,H03,H03K,6.174804921727628
qg,2.05,G05,G05B,6.175873210188001
zc,4.03,C07,C07H,6.17609883332625
ea,1.04,B42,B42D,6.17658730968833
ai,2.03,B60,B60L,6.177648082375526
qg,2.05,H04,H04W,6.17770223133266
ma,3.02,C08,C08G,6.179937417851761
pj,2.05,A61,A61Q,6.181216043420136
oy,9,B29,B29C,6.183080829679966
ae,4.05,B07,B07C,6.18333338201046
cq,1.06,H04,H04J,6.184942673193291
fi,1.04,B32,B32B,6.186454457812943
iu,2.03,C08,C08F,6.18763480708003
xw,3.03,G09,G09B,6.187811139505357
xe,4.01,C12,C12Q,6.188386951340362
ro,1.07,G21,G21C,6.188888937234879
rb,2.02,G01,G01R,6.191058791708201
ji,5.01,G09,G09B,6.191399393603206
cq,1.06,C10,C10G,6.192235798342153
ii,2.04,H01,H01H,6.192857160232961
ru,3.01,B62,B62D,6.192987691611052
nu,5.08,B63,B63H,6.194444449618459
oy,9,B60,B60R,6.19444446451962
up,1.03,H04,H04N,6.196012539090589
pj,2.05,H01,H01M,6.198485923931003
ja,1.05,A47,A47L,6.200000002980232
ya,3.02,A45,A45D,6.202742952853441
mw,5.09,H04,H04L,6.203455345705152
bq,6.05,C12,C12Q,6.204335148446262
oe,5.06,G11,G11B,6.205555580556393
qa,3.01,H04,H04W,6.205876998603344
sy,1.03,H01,H01C,6.206815311685205
dq,9,C12,C12M,6.206840137951076
xw,3.03,A01,A01H,6.208333343267441
pt,3.03,G01,G01S,6.210380020085722
pq,1.01,A61,A61N,6.21088092122227
iq,2.02,F41,F41A,6.211111143231392
ew,1.02,B41,B41M,6.211111201206222
ue,2.11,C22,C22B,6.214285746216774
ry,2.03,G04,G04F,6.214826887473464
cq,1.06,G02,G02F,6.215549064334482
ja,1.05,B65,B65D,6.216526633128524
fy,3.02,B65,B65D,6.21666669473052
ry,2.03,A01,A01N,6.21726230205968
ij,2.11,B60,B60L,6.218254019040614
uk,1.03,D01,D01D,6.220354368095286
qg,2.05,D06,D06M,6.22074728179723
dm,3.02,H01,H01R,6.22083336673677
iu,2.03,D21,D21F,6.221428610384464
oo,3.03,H04,H04L,6.221605529077351
ju,4.01,H04,H04L,6.222086112946272
hl,3.03,H04,H04M,6.22222226858139
ii,2.04,A61,A61C,6.223049341933802
ee,1.04,C01,C01G,6.224204737693071
om,5.05,G08,G08B,6.225000012665987
ru,3.01,A61,A61C,6.225436264649034
xw,3.03,H01,H01R,6.226190507411957
qe,2.09,H01,H01L,6.226321139372885
dw,1.04,H04,H04M,6.227791144512594
ct,9,G06,G06F,6.229786743642762
ha,5.03,C09,C09D,6.230158768594265
db,2.08,H04,H04Q,6.230555566027761
ya,3.02,G11,G11C,6.231150825507939
yi,6.03,C11,C11D,6.231317209312692
wu,5.04,G10,G10L,6.232034660875797
qf,9,C10,C10G,6.234401186928153
nn,3.03,H04,H04M,6.235806264448911
iy,1.06,A61,A61F,6.238852234557271
dw,1.04,C01,C01F,6.23999376129359
pu,2.03,D01,D01F,6.240870269946754
ip,2.07,H04,H04W,6.241071481257677
or,5.09,G06,G06Q,6.24131677672267
im,2.01,C09,C09D,6.243870769627392
ev,1.02,H04,H04H,6.244891261216253
dy,1.04,G01,G01L,6.24696584418416
ro,1.07,A23,A23B,6.249152328819036
bp,6.04,B22,B22D,6.25
am,4.01,A01,A01J,6.25
ub,1.03,F41,F41A,6.250000014901161
uy,1.04,H02,H02G,6.250000014901161
iu,2.03,F01,F01C,6.250000029802322
ki,3.02,C12,C12P,6.250437126494944
zq,2.07,B02,B02C,6.25132285989821
ns,2.01,H03,H03F,6.251610712148249
cq,1.06,A01,A01G,6.252662163227797
ba,3.02,H04,H04L,6.254265930503607
ha,5.03,G10,G10L,6.254419242963195
fi,1.04,G11,G11C,6.254628175869584
dw,1.04,C25,C25D,6.254673945717514
ua,6.03,A63,A63F,6.25555557385087
ec,1.04,B29,B29C,6.255741205997765
ev,1.02,H05,H05K,6.26014129538089
gm,3.03,C07,C07K,6.260523031814955
tq,3.02,A01,A01N,6.261166756041348
ea,1.04,C10,C10B,6.2618572935462
hq,1.04,G01,G01D,6.264340956229717
sa,3.03,C11,C11D,6.265316053293645
dm,3.02,A61,A61J,6.265815501101315
ro,1.07,E06,E06B,6.266666673123837
bk,6.04,H05,H05B,6.266666680574417
gy,5.02,F01,F01N,6.267241394147277
db,2.08,C13,C13B,6.26757752802223
ne,3.03,H01,H01S,6.268707012757659
ea,1.04,G21,G21C,6.270277854055166
pm,2.05,B05,B05C,6.271600897889584
cl,9,H04,H04N,6.274282065220177
de,1.06,A23,A23F,6.276730454526842
fu,5.04,G06,G06F,6.27726966701448
pu,2.03,F02,F02M,6.279121927917004
oe,5.06,G06,G06T,6.279200245626271
if,2.11,C12,C12Q,6.279850337770768
wf,1.06,H04,H04W,6.280555590987206
dq,9,C08,C08G,6.281348751625046
rt,3.02,G16,G16H,6.281858900561929
sy,1.03,A01,A01N,6.282199681736529
xa,5.04,G11,G11B,6.283008676022291
ry,2.03,H05,H05G,6.283250778447837
pw,2.06,A61,A61Q,6.284108481602743
iq,2.02,E06,E06B,6.285375851206481
xe,4.01,C05,C05C,6.287373758852482
ro,1.07,F02,F02C,6.28888894431293
pa,6.02,H04,H04Q,6.29166667163372
iq,2.02,F23,F23R,6.291666686534882
oa,2.11,F03,F03D,6.293325064703822
ra,2.11,H04,H04L,6.294283369556069
gy,5.02,C12,C12N,6.294299998320639
qf,9,C08,C08G,6.294854792533442
ti,9,A01,A01K,6.295129780657589
yg,6.04,C07,C07D,6.296112013980746
id,2.07,C07,C07F,6.296199207659811
su,3.02,C07,C07H,6.296624764800072
ev,1.02,G01,G01M,6.296632974874228
de,1.06,C08,C08L,6.300481282174587
sy,1.03,C23,C23F,6.302090089768171
mc,1.06,A61,A61F,6.30260879965499
bq,6.05,G06,G06N,6.303312741219997
if,2.11,C09,C09J,6.303748486563563
ec,1.04,C22,C22C,6.304251423105597
dt,2.03,H01,H01B,6.305670996662229
et,1.02,G07,G07D,6.308139130473137
uy,1.04,C07,C07J,6.308312679640949
cn,5.01,G06,G06Q,6.309391852933913
ui,1.03,G05,G05D,6.30951938778162
gy,5.02,G01,G01D,6.309523835778236
lq,3.03,G01,G01N,6.309960179962218
ns,2.01,C09,C09J,6.311562748858705
ij,2.11,A63,A63B,6.315575459972024
db,2.08,G09,G09B,6.316038429969922
oa,2.11,F01,F01N,6.316147848963737
oa,2.11,F16,F16H,6.316203759983182
ig,2.06,H01,H01M,6.316300495527685
id,2.07,B04,B04C,6.316666714847088
ps,5.04,A61,A61B,6.318857211153954
ne,3.03,A41,A41D,6.31955586746335
ya,3.02,B29,B29D,6.31984303612262
da,1.06,H01,H01M,6.32046705018729
ah,4.01,C08,C08B,6.321892077568918
cq,1.06,G09,G09B,6.322087879758328
et,1.02,H01,H01F,6.322128914296627
ma,3.02,H01,H01L,6.32231158693321
de,1.06,A61,A61F,6.324903475120664
wm,5.04,F04,F04D,6.325000002980232
sy,1.03,B23,B23P,6.325810227543116
aq,3.02,A01,A01N,6.327066033147275
ha,5.03,C10,C10M,6.327777840197086
dy,1.04,C10,C10J,6.328346873167902
oa,2.11,C03,C03B,6.328486884012818
fy,3.02,C11,C11D,6.328571487218142
pz,2.05,G03,G03F,6.328640995081514
ig,2.06,H03,H03K,6.331258174264804
pn,1.01,H04,H04J,6.332769587635994
ot,6.02,H04,H04R,6.332791584543884
lq,3.03,A01,A01H,6.333333343267441
iq,2.02,B60,B60J,6.333333350718021
pz,2.05,B23,B23D,6.333333373069763
ve,3.02,F02,F02D,6.333333373069763
sa,3.03,C08,C08L,6.333714202046394
qg,2.05,C12,C12Q,6.334630893426947
uy,1.04,A21,A21D,6.334782883408479
dt,2.03,C04,C04B,6.336804531514645
cq,1.06,H01,H01H,6.338141050655395
ry,2.03,G06,G06N,6.338402328081429
ne,3.03,A43,A43B,6.33882784890011
tc,3.02,C08,C08G,6.339888799004257
ec,1.04,B41,B41M,6.340548370033503
pa,6.02,A61,A61N,6.34076794795692
id,2.07,B64,B64G,6.341666761785746
bq,6.05,G10,G10L,6.342370178550482
su,3.02,C08,C08J,6.342676826752722
dr,1.06,G11,G11C,6.343895878177136
pz,2.05,G01,G01F,6.344298306852579
pq,1.01,G06,G06N,6.347742423415184
za,3.02,C08,C08F,6.349102008156478
nu,5.08,H04,H04J,6.349201763048768
zd,9,B29,B29C,6.34936143970117
ui,1.03,B03,B03C,6.35159519687295
iq,2.02,A01,A01M,6.352716760709882
pe,5.02,B65,B65G,6.354761943221092
zr,1.05,C04,C04B,6.356562851462513
dm,3.02,G06,G06N,6.35666880919598
pu,2.03,C30,C30B,6.357930312631652
dw,1.04,B01,B01L,6.358677627635188
ii,2.04,B24,B24B,6.360827582422644
ih,2.07,H01,H01J,6.360838116845116
pu,2.03,B23,B23P,6.361111151054502
uy,1.04,G01,G01B,6.361154649872333
dm,3.02,C04,C04B,6.364258363610134
gy,5.02,A63,A63B,6.366666689515114
sd,3.02,G03,G03G,6.369444526731968
ep,1.02,E02,E02F,6.370848702266812
pq,1.01,C12,C12Q,6.370854601264
ne,3.03,H04,H04H,6.372482446953654
qe,2.09,C22,C22C,6.374325967393816
iq,2.02,A47,A47J,6.374368725344539
jw,6.02,H04,H04L,6.375000014901161
et,1.02,F16,F16L,6.375000014901161
mm,6.01,H04,H04Q,6.375000052154064
ur,1.01,A61,A61N,6.376146058319137
ea,1.04,B23,B23K,6.376821996644139
pm,2.05,D02,D02G,6.376842638710514
ja,1.05,G05,G05D,6.378536517731845
ii,2.04,F24,F24H,6.379166692495346
qj,2.05,C02,C02F,6.379488136619329
bd,1.06,H04,H04L,6.379523886367679
ml,9,C07,C07D,6.38013030635193
ry,2.03,C03,C03C,6.380438371095806
oz,6.02,A61,A61N,6.381161299068481
ue,2.11,H05,H05G,6.381733567453921
bq,6.05,B05,B05B,6.383333344012499
ai,2.03,H02,H02P,6.384596003219485
ro,1.07,F21,F21K,6.385972881689668
iq,2.02,C25,C25B,6.388263006228954
pf,6.02,G06,G06F,6.38876467756927
bk,6.04,C23,C23C,6.388888899236917
fi,1.04,G03,G03G,6.389682617038488
bm,5.07,H04,H04N,6.391666684299707
rt,3.02,H04,H04R,6.391949137207121
ds,3.02,C07,C07C,6.392210399266332
tq,3.02,A61,A61H,6.392374017741531
ue,2.11,G10,G10H,6.394059053622186
yg,6.04,G11,G11B,6.395833343267441
di,5.02,G03,G03G,6.395833343267441
bk,6.04,A01,A01H,6.397076040506363
er,1.02,G01,G01R,6.399210250936449
ya,3.02,A63,A63F,6.399687397293746
zc,4.03,H03,H03M,6.400000020861626
tq,3.02,G06,G06T,6.40196590567939
jy,4.05,C05,C05G,6.402645870111883
ev,1.02,H01,H01J,6.403429684229195
ub,1.03,A01,A01H,6.404067676980048
uu,5.06,A01,A01N,6.404237902257591
nu,5.08,H02,H02J,6.404394400306046
dw,1.04,C08,C08H,6.40785047179088
id,2.07,G01,G01D,6.408696848899126
rt,3.02,A61,A61C,6.409189077559859
dt,2.03,G02,G02B,6.410680284490809
uy,1.04,C07,C07G,6.412051619496197
uk,1.03,B23,B23H,6.412614398635924
hq,1.04,F02,F02M,6.41359139746055
yp,3.02,H01,H01L,6.413933868287131
ah,4.01,G06,G06T,6.413944818079472
mw,5.09,G06,G06Q,6.414074936881661
ik,2.11,C08,C08G,6.414627136662602
iq,2.02,B44,B44C,6.415113455615938
qf,9,G01,G01S,6.416433810256422
aa,1.03,F04,F04D,6.416666772216558
uu,5.06,C12,C12N,6.416687266901135
uf,1.03,H05,H05B,6.417054292745888
qg,2.05,F16,F16K,6.417645022971556
uu,5.06,H01,H01Q,6.417857173830271
wc,3.03,C07,C07D,6.420091776410118
de,1.06,A24,A24B,6.420137328095734
gu,1.06,H01,H01R,6.421428620815277
nu,5.08,H01,H01S,6.422390155494213
pt,3.03,A61,A61L,6.423650717828423
et,1.02,C11,C11B,6.423917767591774
dq,9,G07,G07F,6.424732629209757
ns,2.01,C10,C10G,6.42671064240858
tc,3.02,C12,C12M,6.42673233919777
ku,5.07,H01,H01L,6.427013018168509
de,1.06,B01,B01J,6.427641793387011
id,2.07,F16,F16H,6.427777804434299
id,2.07,A62,A62D,6.428364745341241
um,3.01,A23,A23G,6.428394302725792
ea,1.04,C25,C25C,6.428725575096905
ry,2.03,F22,F22B,6.430107533931732
uk,1.03,F16,F16K,6.430843136971816
mc,1.06,C12,C12P,6.432538410648704
pz,2.05,A61,A61N,6.432821968570352
gu,1.06,H01,H01G,6.433333404362202
ae,4.05,C10,C10M,6.43382712546736
ac,2.02,B01,B01L,6.434437869931571
uy,1.04,G06,G06T,6.437165475916117
if,2.11,F28,F28F,6.437500006519258
bf,5.04,G07,G07F,6.437518056482077
pj,2.05,C09,C09K,6.437781108543277
ig,2.06,G02,G02C,6.439082634169608
ai,2.03,C08,C08G,6.44018033798784
xe,4.01,G06,G06Q,6.442077283747494
if,2.11,C22,C22B,6.442147557623684
iq,2.02,B05,B05C,6.443165739066899
ve,3.02,G09,G09B,6.443865307606757
ka,4.01,C08,C08H,6.44436172535643
et,1.02,C01,C01F,6.444444455206394
di,5.02,B64,B64C,6.444444626569748
qh,2.05,G01,G01B,6.446173386182636
uk,1.03,G01,G01C,6.446579372743145
qh,2.05,C09,C09J,6.447662164457142
ay,3.01,A01,A01K,6.449009181000292
wu,5.04,C08,C08L,6.449404798448086
gc,1.05,C07,C07D,6.449581984896213
uu,5.06,B60,B60R,6.450000017881393
pa,6.02,C09,C09K,6.450889891013503
uy,1.04,F03,F03G,6.456122122704983
ip,2.07,B63,B63B,6.456818187609315
ia,3.02,C08,C08L,6.457807869184762
uy,1.04,D02,D02J,6.458333373069763
if,2.11,C09,C09C,6.461534523405135
uy,1.04,C30,C30B,6.462322073988616
iu,2.03,B61,B61F,6.46388890966773
uf,1.03,H04,H04N,6.46400594804436
rt,3.02,C08,C08J,6.464209269266576
bk,6.04,H04,H04B,6.464285731315613
oa,2.11,B05,B05D,6.464485217817128
ex,1.02,G08,G08C,6.465111818630248
if,2.11,B64,B64G,6.465564411133528
ea,1.04,G01,G01M,6.466126000043005
ae,4.05,A01,A01F,6.46666668727994
pz,2.05,G01,G01J,6.466666713356972
ex,1.02,G03,G03G,6.467853559181094
cu,1.06,G11,G11B,6.470319627318531
ut,6.02,G06,G06T,6.470519060268998
ev,1.02,H02,H02M,6.472244117408991
ru,3.01,G01,G01S,6.472502219490707
uk,1.03,H04,H04M,6.474456544034183
bq,6.05,F16,F16M,6.476190492510796
et,1.02,A01,A01G,6.476252290420234
oz,6.02,G07,G07C,6.478333357721567
td,3.02,G06,G06Q,6.479490209370852
ne,3.03,E04,E04F,6.480555571615696
dt,2.03,F21,F21V,6.48188286088407
py,3.02,C22,C22B,6.482323281466961
ro,1.07,F04,F04D,6.482529377564788
iu,2.03,H01,H01P,6.484858001582325
pk,2.05,G21,G21F,6.485950890928507
nu,5.08,C12,C12Y,6.486263417871669
py,3.02,G10,G10L,6.488034227862954
bk,6.04,H05,H05K,6.48809527605772
ja,1.05,B29,B29C,6.490184043068439
ep,1.02,G01,G01L,6.490314579103142
et,1.02,B60,B60W,6.490581807214767
dy,1.04,H03,H03H,6.491136603755876
oi,3.02,A61,A61H,6.49185268394649
ew,1.02,F25,F25D,6.493589751422405
am,4.01,C10,C10L,6.493622630834579
oa,2.11,G03,G03C,6.494735499378294
iq,2.02,C09,C09G,6.494841365143657
ka,4.01,C09,C09D,6.495514202862978
vy,3.02,C08,C08F,6.496101664146408
pn,1.01,H02,H02J,6.496593407355249
ay,3.01,C12,C12Q,6.497148431604728
ub,1.03,F03,F03D,6.499428176321089
py,3.02,F02,F02D,6.5
oz,6.02,A47,A47B,6.5
rp,6.04,D21,D21H,6.5
ip,2.07,H03,H03K,6.5
ju,4.01,G09,G09B,6.5
ve,3.02,B61,B61L,6.500000014901161
oz,6.02,B63,B63B,6.500000014901161
pm,2.05,F16,F16G,6.500000026077032
iq,2.02,G21,G21F,6.500000059604645
dw,1.04,C05,C05F,6.501492572017014
uu,5.06,H05,H05K,6.503217520192266
dk,5.02,E21,E21B,6.503220427781343
qf,9,G02,G02F,6.503749227616936
ae,4.05,C07,C07D,6.503767162561417
xw,3.03,C07,C07K,6.504178791365121
ry,2.03,H04,H04B,6.50486109405756
bu,1.03,C07,C07C,6.50688751693815
ro,1.07,B30,B30B,6.507575765252113
zd,9,G01,G01F,6.508333336561918
bu,1.03,C11,C11D,6.508333347737789
de,1.06,A23,A23J,6.508775896392763
aa,1.03,B41,B41J,6.509523872286081
ew,1.02,H04,H04K,6.510666033253074
pm,2.05,A24,A24F,6.510704204440117
uh,1.03,C09,C09B,6.511604197788984
dm,3.02,C12,C12R,6.511886774562299
cq,1.06,C25,C25B,6.512265796540305
dr,1.06,B29,B29C,6.515864778310061
ei,1.04,A45,A45D,6.516129061579704
oy,9,B41,B41J,6.516666673123837
ii,2.04,A47,A47J,6.516666684299707
ui,1.03,H01,H01H,6.516666691750288
zm,1.06,H01,H01G,6.516666702926159
wf,1.06,C12,C12M,6.52036521199625
ue,2.11,G03,G03D,6.525000005960464
xa,5.04,G02,G02B,6.526785753667355
ac,2.02,F16,F16C,6.526969762519002
ja,1.05,H01,H01B,6.527196380309761
ne,3.03,F25,F25D,6.527492668479681
ac,2.02,A63,A63B,6.528317012824118
ze,1.06,B82,B82Y,6.528802224202082
ew,1.02,G02,G02C,6.535003449767828
bk,6.04,H01,H01R,6.535714313387871
rb,2.02,A61,A61G,6.536093660630286
si,1.05,C02,C02F,6.541105314157903
ei,1.04,B29,B29B,6.54215850494802
pj,2.05,C10,C10L,6.542440022807568
ns,2.01,G01,G01T,6.544708417728543
iu,2.03,B61,B61K,6.547619078308344
rp,6.04,A61,A61M,6.547918250784278
ep,1.02,G02,G02C,6.548646170645952
et,1.02,H03,H03G,6.548858916386962
pz,2.05,B60,B60R,6.55000003054738
rt,3.02,H05,H05K,6.551755210850388
gm,3.03,G06,G06Q,6.551775963976979
pz,2.05,C11,C11D,6.55367068760097
ml,9,G06,G06Q,6.554931825492531
tq,3.02,G09,G09B,6.557148752734065
dr,1.06,A23,A23K,6.557170580374077
dq,9,H04,H04M,6.558129119221121
ur,1.01,G01,G01S,6.55923488503322
dy,1.04,B64,B64D,6.560798486694694
km,1.06,G03,G03F,6.560799292754382
pk,2.05,A61,A61M,6.560939430026338
oz,6.02,C23,C23C,6.561111133545637
ei,1.04,A23,A23C,6.561580985318869
if,2.11,F01,F01K,6.561693176627159
cq,1.06,A01,A01M,6.56180921010673
dy,1.04,G05,G05D,6.562041979515925
pe,5.02,H05,H05K,6.563657465856522
es,2.02,C03,C03C,6.564682590775192
pc,5.02,G01,G01R,6.564991896040738
cl,9,G09,G09B,6.569013965316117
ea,1.04,C13,C13B,6.569444470107555
ui,1.03,B65,B65D,6.57045613322407
ai,2.03,B60,B60K,6.570535745471716
xe,4.01,A01,A01G,6.570584101602435
ec,1.04,C08,C08C,6.5706981215626
dm,3.02,H03,H03F,6.571367524564266
ja,1.05,A61,A61N,6.572096509975381
ba,3.02,A61,A61J,6.572209388716146
id,2.07,C12,C12R,6.573664979543537
rp,6.04,C23,C23C,6.575000006705523
hq,1.04,C12,C12P,6.576575935410801
oy,9,H01,H01M,6.579040415585041
ac,2.02,F24,F24F,6.58041132800281
ij,2.11,B23,B23Q,6.580704174935818
qj,2.05,A61,A61Q,6.582549964077771
dy,1.04,G01,G01C,6.582610404118896
xa,5.04,H01,H01M,6.583016672171652
ne,3.03,B60,B60N,6.58333333581686
ns,2.01,B08,B08B,6.584350368008018
db,2.08,G01,G01J,6.584628987126052
ep,1.02,G01,G01W,6.584821528289467
if,2.11,D21,D21H,6.58724057674408
uu,5.06,H02,H02J,6.588095262646675
de,1.06,G02,G02F,6.588284676428884
pu,2.03,H04,H04B,6.588453554082662
ac,2.02,A63,A63H,6.589313299395144
et,1.02,A61,A61C,6.589730728417635
cl,9,G01,G01F,6.590079443529248
ei,1.04,B03,B03D,6.590476308949292
xa,5.04,A63,A63F,6.591504400596023
ut,6.02,H03,H03K,6.591666670516133
ne,3.03,B60,B60L,6.59229801595211
ta,1.06,A61,A61K,6.594425672665238
vx,5.01,A61,A61F,6.595208026468754
bp,6.04,C11,C11D,6.595833335071802
gu,1.06,C22,C22C,6.596428578719497
ro,1.07,C22,C22F,6.599534180015326
rt,3.02,F01,F01L,6.600000016391277
uu,5.06,A63,A63F,6.600396856665611
fy,3.02,C09,C09J,6.603490855544806
yr,2.01,G07,G07F,6.603986447677016
zc,4.03,A22,A22B,6.606337584555149
oy,9,C08,C08K,6.606367260217667
qf,9,C08,C08F,6.606554629281163
sd,3.02,A23,A23L,6.606751122046262
uy,1.04,G09,G09F,6.607314940541983
uk,1.03,C11,C11D,6.607377421110868
id,2.07,H01,H01Q,6.608266954310238
pw,2.06,H01,H01J,6.608639184851199
ev,1.02,B62,B62D,6.610097775235772
wc,3.03,H04,H04H,6.611111111938953
ve,3.02,G03,G03G,6.612049169838428
cu,1.06,H04,H04W,6.612231621518731
ru,3.01,F21,F21K,6.612745109014213
vj,5.01,A61,A61N,6.61302659031935
xw,3.03,C12,C12Q,6.614888251759112
tc,3.02,B29,B29C,6.617280754260719
ex,1.02,G01,G01T,6.618189329048619
ne,3.03,B60,B60K,6.618297148495913
vj,5.01,G10,G10L,6.618914414662868
ei,1.04,F04,F04B,6.619027141714469
ij,2.11,G01,G01C,6.62086611869745
dk,5.02,G06,G06N,6.627127812243998
dr,1.06,C09,C09K,6.62858655792661
ii,2.04,B07,B07B,6.629629656672478
qh,2.05,E04,E04C,6.629811346530914
gc,1.05,B01,B01J,6.631923634558916
dm,3.02,C10,C10M,6.633333347737789
ry,2.03,F16,F16L,6.63333335518837
ua,6.03,E21,E21B,6.633814122527838
ni,3.01,G06,G06K,6.635104978689924
hl,3.03,H04,H04B,6.635904390364885
gy,5.02,C08,C08L,6.636640254408121
dk,5.02,H01,H01M,6.638684651814401
id,2.07,B60,B60K,6.63893402274698
sa,3.03,G11,G11B,6.641666680574417
ro,1.07,E04,E04B,6.641666702926159
pz,2.05,A62,A62D,6.642479076981544
ki,3.02,H04,H04M,6.643055576831102
bk,6.04,G01,G01N,6.643367797369137
ub,1.03,B24,B24C,6.643518552184105
pj,2.05,G03,G03G,6.644444474950433
ii,2.04,F27,F27D,6.645039733499289
ff,3.02,A61,A61L,6.646277861203998
bp,6.04,G05,G05B,6.64642857760191
ij,2.11,H03,H03K,6.649941201321781
fy,3.02,C01,C01B,6.652073873206973
ac,2.02,G07,G07F,6.655381905846298
es,2.02,A63,A63H,6.656735901720822
ct,9,C12,C12Q,6.657329539419152
ka,4.01,B01,B01J,6.658259309828281
py,3.02,B25,B25J,6.659226419404149
nn,3.03,B82,B82Y,6.659431843319908
oz,6.02,C09,C09J,6.660256423056126
iu,2.03,C23,C23F,6.66198398405686
po,1.01,G06,G06N,6.662307898048311
ue,2.11,C08,C08F,6.662823783699423
id,2.07,F16,F16K,6.663888910785317
nn,3.03,A01,A01K,6.665502100717276
bq,6.05,E04,E04F,6.66666667163372
wm,5.04,C02,C02F,6.66666667163372
rp,6.04,F16,F16H,6.66666667163372
ew,1.02,A47,A47G,6.666666701436043
rz,3.03,H03,H03K,6.670454546809196
yo,3.01,C08,C08K,6.671241631731391
xw,3.03,A61,A61G,6.672517244704068
pw,2.06,G01,G01J,6.674357457784936
rx,3.02,G06,G06F,6.676131395623088
oa,2.11,B61,B61L,6.67738102003932
ac,2.02,B23,B23C,6.678571470081806
ea,1.04,G06,G06N,6.67884596157819
pw,2.06,B01,B01F,6.6812929129228
tu,3.01,C01,C01B,6.681906155543402
vj,5.01,C07,C07C,6.682285817340016
es,2.02,H01,H01H,6.682943061925471
uf,1.03,H01,H01Q,6.6839364701882
fi,1.04,C03,C03C,6.685549713671207
zr,1.05,H04,H04W,6.68600876070559
bu,1.03,H04,H04M,6.686351114884019
iu,2.03,C22,C22F,6.686772049404681
ga,3.02,C07,C07F,6.687319449381903
qg,2.05,B65,B65D,6.688695871038362
ei,1.04,B41,B41C,6.689139667898417
qj,2.05,G06,G06T,6.689477380365133
ep,1.02,B07,B07C,6.691666726022959
qh,2.05,D01,D01D,6.691866789013147
ja,1.05,D21,D21C,6.693360262084752
ze,1.06,H04,H04W,6.693474143743515
hq,1.04,G05,G05B,6.69582611694932
ut,6.02,A61,A61B,6.696001254022121
dx,3.01,B01,B01L,6.697715395246632
vj,5.01,G07,G07F,6.698795866221189
gu,1.06,A01,A01G,6.69963078154251
nu,5.08,A01,A01G,6.700000002980232
ah,4.01,C12,C12R,6.700712330173701
pm,2.05,D06,D06N,6.701388914138079
pk,2.05,A01,A01N,6.701647564768791
db,2.08,C10,C10B,6.703731103800237
uu,5.06,G09,G09B,6.70383598189801
ii,2.04,G09,G09B,6.704840193968266
yq,5.07,G06,G06T,6.705476673552766
ei,1.04,H04,H04R,6.705993702868
ns,2.01,B24,B24B,6.708014285191894
yu,3.03,A01,A01N,6.711209584027529
uf,1.03,B41,B41J,6.713404752314091
im,2.01,G07,G07F,6.713888943195343
dy,1.04,G07,G07C,6.716431278735399
ex,1.02,H04,H04S,6.717859724536538
nu,5.08,F01,F01N,6.719298250973225
vj,5.01,A61,A61M,6.720114872790873
co,1.06,C02,C02F,6.720861438661814
ei,1.04,F02,F02B,6.721201131120324
rp,6.04,C12,C12N,6.721705642761663
ig,2.06,A01,A01M,6.722222227603197
sy,1.03,B22,B22F,6.722573990700766
pi,1.06,C07,C07D,6.724603619193658
oa,2.11,F02,F02C,6.725000057369471
ve,3.02,C08,C08G,6.725276360753924
de,1.06,C07,C07F,6.729304306441918
ik,2.11,B23,B23C,6.730158757418394
oe,5.06,C07,C07D,6.730801307596266
fs,6.04,H04,H04W,6.738203536719084
ns,2.01,C02,C02F,6.739652968826704
mm,6.01,B01,B01J,6.739845118485391
xe,4.01,B01,B01J,6.743315891828388
dy,1.04,F25,F25B,6.744506379356608
rz,3.03,F02,F02D,6.744731801562011
un,1.03,G06,G06T,6.748877010308206
bp,6.04,B23,B23K,6.75
pc,5.02,G09,G09F,6.750000011175871
dt,2.03,F04,F04D,6.750000074505806
ig,2.06,B05,B05D,6.750062515493482
hb,5.03,A63,A63B,6.750522159039974
et,1.02,G07,G07B,6.75096576102078
pz,2.05,G03,G03G,6.751282055862248
ia,3.02,A23,A23C,6.752668890170753
zd,9,G07,G07F,6.753571469336748
ki,3.02,C07,C07F,6.755193382501602
rb,2.02,B23,B23K,6.760090319439769
iq,2.02,C25,C25C,6.760222981218249
uk,1.03,B01,B01F,6.760255228960887
cn,5.01,C07,C07C,6.760418325895444
oz,6.02,H05,H05B,6.760689340531826
id,2.07,C03,C03B,6.76071435585618
ea,1.04,G01,G01S,6.760803419165313
oa,2.11,C07,C07K,6.761357143172063
bq,6.05,H04,H04J,6.7629174888134
iu,2.03,F02,F02F,6.763888906687498
wf,1.06,A61,A61M,6.764863219112158
jy,4.05,D06,D06M,6.765426985919476
hq,1.04,G01,G01P,6.766042194794863
sa,3.03,H04,H04N,6.766448146663606
pm,2.05,C10,C10C,6.766666676849127
rz,3.03,C09,C09D,6.766666688024998
wc,3.03,A63,A63F,6.767804471310228
ox,6.02,A61,A61B,6.769751292653382
sy,1.03,F25,F25B,6.770775364711881
hq,1.04,D01,D01F,6.771104203537107
zm,1.06,A23,A23L,6.772076198831201
sd,3.02,A01,A01K,6.773655944503844
ik,2.11,H01,H01Q,6.773730787448585
or,5.09,H04,H04L,6.774454656988382
tu,3.01,G01,G01V,6.775396846234798
rp,6.04,A23,A23L,6.77576180268079
uy,1.04,F21,F21V,6.776644223835319
wq,5.01,H01,H01L,6.777096970006824
pa,6.02,E21,E21B,6.777413319796324
pm,2.05,G21,G21B,6.781676040962338
pk,2.05,H01,H01Q,6.78221221966669
zr,1.05,G07,G07F,6.783318120986223
gy,5.02,C09,C09B,6.783333346247673
vy,3.02,H01,H01F,6.784026125213131
tu,3.01,A45,A45D,6.784987647086382
bp,6.04,A23,A23L,6.785294125322253
xq,2.11,C08,C08J,6.786134295398369
ry,2.03,C08,C08F,6.787220631260425
ia,3.02,C11,C11D,6.78895680163987
oa,2.11,F04,F04D,6.789141461253166
tu,3.01,A23,A23F,6.789969421457499
dy,1.04,F16,F16D,6.791666690260172
oa,2.11,F16,F16L,6.794543693773448
aa,1.03,A63,A63F,6.798691196367145
uu,5.06,G01,G01R,6.800739575177431
pq,1.01,G01,G01S,6.803415388800204
pu,2.03,C03,C03B,6.804894234985113
lq,3.03,G07,G07F,6.80555560067296
km,1.06,C12,C12M,6.805586468428373
ja,1.05,C11,C11C,6.806339719099924
pk,2.05,C22,C22B,6.806423221714795
im,2.01,C01,C01B,6.806505676358938
if,2.11,A47,A47L,6.808333344757557
ac,2.02,B64,B64D,6.80833338573575
ua,6.03,H05,H05K,6.809523820877075
ro,1.07,B61,B61D,6.809523835778236
az,3.02,C12,C12Q,6.809584548231214
yo,3.01,A61,A61N,6.810393710620701
xw,3.03,G07,G07F,6.813492096960545
ub,1.03,B05,B05C,6.816975823137909
am,4.01,H04,H04W,6.817029011435807
ii,2.04,H02,H02M,6.817126887617633
pa,6.02,F21,F21V,6.818693758919835
le,1.05,H01,H01Q,6.819250162690878
pi,1.06,A61,A61Q,6.819775214418769
id,2.07,C23,C23F,6.820067358901724
dw,1.04,H01,H01J,6.822132221888751
xq,2.11,G03,G03B,6.822960961610079
co,1.06,B41,B41J,6.823657331988215
uu,5.06,C04,C04B,6.828044887632132
ig,2.06,F16,F16C,6.828743999823928
rp,6.04,G09,G09B,6.831480201333761
ec,1.04,A61,A61B,6.832552802516147
gy,5.02,B41,B41J,6.833333343267441
bk,6.04,E04,E04B,6.833333343267441
gy,5.02,H02,H02K,6.833333343267441
pq,1.01,H02,H02K,6.833333343267441
js,6.04,H05,H05K,6.833333343267441
zc,4.03,B65,B65D,6.833333358168602
ne,3.03,E04,E04B,6.833333365619183
ka,4.01,B62,B62D,6.833333402872086
ee,1.04,D06,D06P,6.833730203099549
ig,2.06,B04,B04B,6.834583448246121
ns,2.01,G03,G03B,6.835014670854434
cl,9,H04,H04L,6.836788848042488
uk,1.03,H01,H01H,6.837658706586808
qf,9,A61,A61L,6.838666514027864
ds,3.02,A61,A61J,6.839741887990385
if,2.11,C23,C23F,6.840151527896523
fy,3.02,B29,B29C,6.844487350434065
ig,2.06,C12,C12P,6.845730270259082
ew,1.02,H01,H01H,6.848723326809704
dm,3.02,G03,G03F,6.850856707897037
ne,3.03,F24,F24F,6.852380978874862
nu,5.08,B65,B65G,6.854166677221656
gu,1.06,A01,A01M,6.855535455979407
ac,2.02,B65,B65G,6.855992122553289
ai,2.03,F16,F16L,6.857142882421613
oz,6.02,C12,C12Q,6.858398239128292
ml,9,A61,A61M,6.858952388633043
km,1.06,A23,A23K,6.860115879797377
un,1.03,A61,A61N,6.861725592054427
ij,2.11,G05,G05F,6.86259578820318
oe,5.06,H05,H05K,6.862637378275394
ui,1.03,A01,A01N,6.863409391138703
ij,2.11,G07,G07C,6.864616450853646
gu,1.06,G11,G11B,6.865079401060939
ih,2.07,G05,G05B,6.865337323397398
qu,1.06,D21,D21H,6.866373054683208
bk,6.04,C08,C08F,6.866666689515114
su,3.02,C07,C07F,6.867799147497863
ui,1.03,G05,G05F,6.869706121273339
hq,1.04,H04,H04B,6.871380567084998
nu,5.08,A23,A23F,6.871428593993187
ha,5.03,G01,G01N,6.873425661120564
uu,5.06,G06,G06T,6.874881757423282
zm,1.06,G03,G03F,6.875000014901161
pm,2.05,F02,F02F,6.875000033527613
py,3.02,C12,C12Y,6.875654762145132
iq,2.02,F02,F02K,6.87626263871789
gc,1.05,G06,G06N,6.879509055521339
rp,6.04,H03,H03K,6.879785710945725
nq,5.01,G09,G09B,6.881618548184633
rt,3.02,H01,H01R,6.881761633791029
iq,2.02,C22,C22F,6.882082710042596
wm,5.04,G06,G06T,6.883902253583074
ac,2.02,D21,D21G,6.884056637994945
uh,1.03,B22,B22F,6.88536486425437
pd,6.02,G03,G03G,6.886219434440136
wc,3.03,G01,G01C,6.886352634988725
tu,3.01,B03,B03C,6.889728317037225
qa,3.01,B23,B23K,6.890036602970213
fa,2.01,H04,H04W,6.892023808322847
et,1.02,G09,G09C,6.894159815274179
pu,2.03,C10,C10G,6.895039453869686
mm,6.01,C12,C12N,6.895677880384028
iu,2.03,G03,G03B,6.895868030376732
wu,5.04,G06,G06T,6.898628824390471
zk,9,A61,A61K,6.898692544549704
ex,1.02,B29,B29C,6.898786122910678
ei,1.04,F28,F28D,6.900146022439003
sr,2.07,G01,G01M,6.901443502865732
ha,5.03,G07,G07F,6.902121568098664
nu,5.08,B62,B62D,6.904274904169142
ja,1.05,B32,B32B,6.904846490826458
ro,1.07,A61,A61G,6.906298007816076
if,2.11,G21,G21C,6.907189577817917
ih,2.07,C08,C08F,6.907516901381314
pk,2.05,H01,H01R,6.907738105393946
zr,1.05,C12,C12M,6.907983181998134
ub,1.03,F02,F02P,6.908454157877713
iq,2.02,C10,C10G,6.908492108806968
ei,1.04,F26,F26B,6.90873022004962
qj,2.05,B01,B01D,6.910956462845206
co,1.06,F04,F04B,6.915528451558203
oz,6.02,B62,B62D,6.91666667163372
dr,1.06,H04,H04H,6.916666686534882
ii,2.04,F16,F16J,6.916666693985462
wv,3.03,A61,A61B,6.916704705683514
ct,9,A61,A61B,6.917005783179775
dw,1.04,C12,C12G,6.917879954911768
ui,1.03,B22,B22D,6.918670112267137
iq,2.02,D01,D01F,6.919316191459075
ru,3.01,G08,G08B,6.919655819889158
yr,2.01,G09,G09B,6.920956709422171
ue,2.11,B32,B32B,6.921590977348387
bp,6.04,B01,B01D,6.922771206125617
qq,1.05,G06,G06N,6.924497401341796
oy,9,G03,G03F,6.926595010794699
rt,3.02,A47,A47C,6.930555585771799
es,2.02,H01,H01F,6.932829105295241
ea,1.04,A23,A23K,6.932952178176492
oz,6.02,G10,G10L,6.933583997189999
tq,3.02,G01,G01R,6.935486511327326
cu,1.06,C40,C40B,6.935923513985472
ad,4.02,B01,B01D,6.93631676863879
pz,2.05,B25,B25J,6.936805574223399
dx,3.01,A61,A61F,6.936895186780021
ni,3.01,C02,C02F,6.938166672829539
ai,2.03,G07,G07F,6.938559252768755
dt,2.03,H02,H02K,6.939269065856934
iq,2.02,A47,A47G,6.940973116084933
ui,1.03,C22,C22B,6.941159721463919
fy,3.02,B24,B24B,6.941176474094391
et,1.02,C12,C12Y,6.941204881528392
uu,5.06,H04,H04Q,6.942857198417187
wf,1.06,H04,H04L,6.947131780907512
dy,1.04,D06,D06L,6.947222247719765
pk,2.05,C09,C09J,6.94791667163372
ac,2.02,H04,H04Q,6.950308793690056
cu,1.06,G02,G02B,6.950319711118937
aa,1.03,C23,C23C,6.952133311424404
zr,1.05,C08,C08J,6.952160538174212
bq,6.05,A47,A47B,6.952380985021591
rt,3.02,G09,G09G,6.954283936880529
qf,9,C09,C09D,6.958228128962219
nu,5.08,E04,E04B,6.958333343267441
yr,2.01,G02,G02B,6.961124215275049
pm,2.05,E01,E01C,6.962247580289841
qa,3.01,C11,C11D,6.962995012756437
tc,3.02,A61,A61G,6.964464036747813
pz,2.05,C08,C08F,6.967339090071619
ku,5.07,A61,A61K,6.968845847528428
dt,2.03,H02,H02J,6.970156974624842
id,2.07,A61,A61N,6.970417735632509
bq,6.05,C12,C12N,6.972005797084421
dk,5.02,G01,G01S,6.972308026626706
cq,1.06,B05,B05D,6.972386291250587
aa,1.03,G08,G08B,6.972428401000798
es,2.02,F21,F21V,6.974403565283865
js,6.04,H04,H04R,6.976108169183135
vs,5.01,G09,G09B,6.976211009547114
dt,2.03,F03,F03G,6.980558583978564
bk,6.04,C07,C07K,6.982203697785735
ra,2.11,A61,A61L,6.982720494037494
bu,1.03,A61,A61B,6.98349777283147
qa,3.01,H04,H04R,6.984060975257307
id,2.07,B09,B09B,6.984779870137572
ip,2.07,G01,G01R,6.985887983813882
qh,2.05,D06,D06M,6.986766319954768
wh,3.02,A01,A01H,6.986904948949814
dy,1.04,B64,B64C,6.987876132130623
rp,6.04,G02,G02B,6.991666693240404
id,2.07,G01,G01L,6.992691659368575
if,2.11,F03,F03D,6.993464092724025
nn,3.03,G06,G06T,6.994575722608715
ee,1.04,A23,A23K,6.994618395343423
yq,5.07,H04,H04Q,6.996286450419575
qg,2.05,F04,F04B,6.996290769428015
mu,4.01,C07,C07D,6.999474365264177
yg,6.04,F23,F23N,7
oz,6.02,G01,G01K,7
mm,6.01,F01,F01N,7
pa,6.02,C09,C09B,7
py,3.02,F25,F25J,7
om,5.05,F25,F25B,7
nu,5.08,F16,F16C,7
if,2.11,H01,H01B,7.001393818296492
iu,2.03,C12,C12N,7.00179780786857
pz,2.05,C08,C08J,7.001869107596576
qf,9,F01,F01D,7.002380987629294
ew,1.02,A61,A61G,7.005476246587932
ze,1.06,H04,H04L,7.006650510244071
nu,5.08,C11,C11B,7.006926436908543
dq,9,H04,H04B,7.008051420096308
uf,1.03,B05,B05B,7.009352746419609
zq,2.07,C23,C23C,7.010711651993915
iu,2.03,G10,G10L,7.011253076605499
tq,3.02,H04,H04M,7.011255469173193
rt,3.02,F01,F01N,7.012500002980232
lq,3.03,A61,A61B,7.013341275742278
db,2.08,B41,B41J,7.013580321334302
ua,6.03,B29,B29C,7.014105379581451
if,2.11,C10,C10L,7.017190546728671
bq,6.05,G02,G02F,7.017857164144516
ro,1.07,F26,F26B,7.018849246203899
ro,1.07,C12,C12C,7.022391862235963
ea,1.04,G01,G01G,7.022971848491579
ih,2.07,G03,G03G,7.025000043213367
di,5.02,G06,G06T,7.027436657808721
ep,1.02,F24,F24F,7.030357239767909
le,1.05,G05,G05D,7.031360031105578
dq,9,B23,B23K,7.031524836085737
cq,1.06,A24,A24B,7.032247806200758
pk,2.05,G01,G01T,7.033241430297494
om,5.05,G01,G01S,7.033333346247673
uk,1.03,H02,H02J,7.033824555808678
tc,3.02,A41,A41D,7.033899492584169
ai,2.03,G01,G01K,7.034816740080714
oa,2.11,C09,C09J,7.035792930517346
vy,3.02,H03,H03K,7.037048142869025
ub,1.03,B64,B64D,7.039953179657459
ot,6.02,G01,G01R,7.040156950242817
qh,2.05,G01,G01M,7.041421493515372
mm,6.01,C09,C09D,7.041666679084301
rp,6.04,G07,G07F,7.042507031932473
rz,3.03,G06,G06K,7.044047662988305
vs,5.01,G06,G06Q,7.044623264111578
ha,5.03,A61,A61F,7.045149109326303
iq,2.02,A47,A47C,7.046759301796556
ih,2.07,C08,C08K,7.047841510735452
ex,1.02,G07,G07B,7.048283725976944
vy,3.02,G01,G01L,7.049197845160961
ik,2.11,A61,A61Q,7.050000198185444
re,1.05,C02,C02F,7.051234499551356
yr,2.01,B60,B60Q,7.051241477951407
am,4.01,C11,C11D,7.051323732826859
ut,6.02,G02,G02B,7.0531135648489
xq,2.11,B32,B32B,7.058916099369526
es,2.02,H01,H01P,7.059263474773616
ik,2.11,F16,F16C,7.060227338224649
sa,3.03,H04,H04W,7.062301613390446
py,3.02,D06,D06M,7.062500029802322
qq,1.05,G01,G01K,7.062500085681677
bq,6.05,G01,G01V,7.063032604753971
pz,2.05,C08,C08L,7.064345626626164
dt,2.03,C10,C10M,7.064865751657635
ka,4.01,C08,C08G,7.065038645640016
ip,2.07,F04,F04D,7.065476298332214
ex,1.02,H02,H02P,7.065565681084991
ew,1.02,G01,G01F,7.067136591300368
pu,2.03,C11,C11D,7.068571498850361
zq,2.07,C25,C25C,7.069651966914535
er,1.02,G01,G01B,7.069932348094881
vx,5.01,C07,C07D,7.070556268212385
ep,1.02,F41,F41G,7.071924645453691
gy,5.02,H03,H03K,7.072145100682974
ry,2.03,C07,C07F,7.072691960260272
wu,5.04,H01,H01R,7.073232345283031
am,4.01,G06,G06T,7.074986468534917
js,6.04,C09,C09D,7.076923079788685
pt,3.03,H04,H04W,7.077935858629644
ro,1.07,B60,B60K,7.078623235225677
rp,6.04,H04,H04S,7.078787911683321
ad,4.02,G06,G06Q,7.078954462893307
ac,2.02,G03,G03G,7.080376984551549
ru,3.01,G11,G11C,7.080448846332729
ii,2.04,F23,F23R,7.081818230450153
pz,2.05,B08,B08B,7.081820460036397
bp,6.04,C08,C08G,7.083029905334115
hq,1.04,G06,G06K,7.083185353316367
ai,2.03,F23,F23D,7.083333343267441
if,2.11,G01,G01Q,7.084114735713229
ea,1.04,G03,G03G,7.088714813813567
oa,2.11,B64,B64D,7.089781816117465
bq,6.05,A01,A01G,7.090909093618393
uu,5.06,G11,G11C,7.092982482165098
ec,1.04,B32,B32B,7.094394366256893
am,4.01,H01,H01L,7.096769939176738
ii,2.04,F24,F24F,7.097128967754543
dk,5.02,H01,H01R,7.097222253680229
ml,9,A61,A61F,7.098231989890337
pt,3.03,C12,C12N,7.098315818526316
rb,2.02,H04,H04B,7.09859735891223
io,2.07,F03,F03B,7.100000023841858
om,5.05,G09,G09G,7.100635133683681
eq,3.01,C07,C07C,7.102591434028
ei,1.04,B05,B05B,7.103924416471273
pu,2.03,F16,F16K,7.107320691458881
uy,1.04,B22,B22C,7.108333379030228
bm,5.07,A01,A01H,7.109649140387774
pn,1.01,A63,A63B,7.109886146150529
rb,2.02,G01,G01L,7.110274096019566
dm,3.02,C08,C08F,7.110445775091648
ya,3.02,C04,C04B,7.110838450025767
uy,1.04,G21,G21F,7.111561731435359
xa,5.04,G07,G07F,7.112319655716419
oz,6.02,C02,C02F,7.116666689515114
ua,6.03,G01,G01N,7.117977998685092
rq,1.06,G01,G01N,7.118456739815883
km,1.06,C02,C02F,7.120615012943745
ur,1.01,B82,B82Y,7.121047444175929
xe,4.01,C04,C04B,7.121055409312248
dm,3.02,D21,D21H,7.121428579092026
bk,6.04,G06,G06T,7.121845411136746
wm,5.04,G07,G07D,7.122446615248919
dy,1.04,G03,G03B,7.122807014035061
ki,3.02,A23,A23C,7.12297488655895
ui,1.03,A01,A01K,7.124463458545506
dq,9,B60,B60R,7.125
pa,6.02,G03,G03B,7.125000029802322
id,2.07,A01,A01G,7.125516030704603
de,1.06,A01,A01K,7.126312090666033
if,2.11,F04,F04D,7.127832324244082
ij,2.11,H04,H04B,7.128519535530359
ea,1.04,C09,C09C,7.131121050100774
ea,1.04,C12,C12R,7.131821726914495
dw,1.04,A24,A24B,7.132953457999974
yo,3.01,B01,B01J,7.133606513729319
bp,6.04,C08,C08J,7.133928574621677
hy,1.06,A61,A61N,7.136378586757928
zr,1.05,C09,C09K,7.137083715759218
nu,5.08,C10,C10G,7.137342981994152
ye,2.02,A01,A01H,7.13888892903924
id,2.07,H01,H01H,7.139743663836271
ya,3.02,E21,E21B,7.140098795294762
js,6.04,A61,A61N,7.141994599252939
gu,1.06,H04,H04M,7.143289465457201
ru,3.01,C12,C12Y,7.144114781171083
oz,6.02,B65,B65H,7.144444450736046
hi,5.01,H01,H01L,7.147081491071731
pi,1.06,C12,C12R,7.149063937366009
ew,1.02,B41,B41F,7.149470902979374
ue,2.11,A61,A61F,7.15060983132571
uu,5.06,B01,B01D,7.156400972977281
cn,5.01,H01,H01L,7.157409653998911
qg,2.05,H03,H03H,7.157958720810711
fy,3.02,C08,C08G,7.160963654052466
ja,1.05,B29,B29B,7.164285760372877
dt,2.03,C08,C08J,7.165425970917568
gy,5.02,H04,H04J,7.16566214710474
mm,6.01,B65,B65D,7.166666686534882
im,2.01,B07,B07B,7.166666686534882
oz,6.02,B23,B23Q,7.166666686534882
ga,3.02,C08,C08L,7.167274685576558
gc,1.05,G01,G01B,7.167954480508342
iu,2.03,F16,F16B,7.168966472148895
um,3.01,G01,G01R,7.170400161761791
qa,3.01,A23,A23G,7.172877433244139
ne,3.03,F16,F16L,7.173015900887549
rt,3.02,A23,A23L,7.173412608448416
nu,5.08,F04,F04D,7.175000011920929
xy,1.01,H04,H04B,7.178208592347801
za,3.02,A61,A61H,7.178240662440658
dy,1.04,G01,G01D,7.179316503927112
pm,2.05,B23,B23Q,7.180462779477239
fi,1.04,C08,C08L,7.18242957117036
uy,1.04,A45,A45D,7.183243749197572
sy,1.03,C22,C22C,7.184181524906307
ja,1.05,F23,F23J,7.18452388420701
yi,6.03,G06,G06T,7.186851559206843
qq,1.05,F02,F02D,7.1872294601053
id,2.07,C05,C05F,7.187485937029123
qq,1.05,H01,H01Q,7.188253890024498
km,1.06,C07,C07F,7.192108769668266
nu,5.08,H02,H02M,7.193399980664253
rb,2.02,F16,F16H,7.193518629297614
fy,3.02,G06,G06K,7.195934094954282
re,1.05,B01,B01D,7.198504048632458
et,1.02,C03,C03B,7.198611127212644
po,1.01,H04,H04N,7.199427203275263
rp,6.04,H02,H02K,7.200000002980232
sd,3.02,A63,A63B,7.201190503314137
oa,2.11,F16,F16C,7.203459657728672
fi,1.04,C11,C11D,7.208501643617637
bq,6.05,C04,C04B,7.210714317858219
oz,6.02,A23,A23L,7.212971273809671
ay,3.01,A61,A61Q,7.216794624226168
bq,6.05,B62,B62D,7.219780243933201
pk,2.05,B01,B01F,7.219787929672748
qf,9,C07,C07D,7.220032337587327
uk,1.03,C10,C10G,7.220706280553713
id,2.07,B41,B41J,7.221256082877517
rb,2.02,G08,G08B,7.221287251915783
qq,1.05,B01,B01J,7.222174191381782
rz,3.03,H04,H04M,7.222222253680229
ju,4.01,C12,C12P,7.222356133279391
ro,1.07,C01,C01F,7.22294775955379
tm,3.01,C12,C12M,7.223239733139053
um,3.01,C12,C12P,7.223752171150409
ig,2.06,H01,H01F,7.224703184561804
dy,1.04,D06,D06F,7.225000016391277
db,2.08,B09,B09B,7.225435384549201
tq,3.02,A61,A61Q,7.225890756584704
ya,3.02,G01,G01S,7.226745924446732
ut,6.02,H04,H04B,7.228571450337768
wc,3.03,G02,G02B,7.230827576480806
ne,3.03,H04,H04Q,7.231132794171572
jy,4.05,G06,G06T,7.23152067232877
ru,3.01,C11,C11D,7.231611254625022
nu,5.08,B01,B01L,7.232508348999545
aa,1.03,H03,H03L,7.232728857547045
ai,2.03,B23,B23P,7.233333349227905
pu,2.03,B81,B81B,7.23358146683313
iu,2.03,F02,F02G,7.234014203771949
if,2.11,H03,H03D,7.235209251753986
fy,3.02,H04,H04N,7.235704069957137
wu,5.04,H03,H03K,7.236111260950565
es,2.02,B81,B81C,7.236913976725191
pz,2.05,H01,H01R,7.239583350718021
sr,2.07,G01,G01F,7.240852575749159
ne,3.03,G08,G08G,7.240918851457536
ro,1.07,B09,B09B,7.244263870641589
nn,3.03,B65,B65D,7.245572237297893
dw,1.04,A61,A61M,7.249286015285179
pu,2.03,C03,C03C,7.24996133428067
hy,1.06,A01,A01N,7.251408780692145
dm,3.02,G09,G09G,7.251526270061731
li,3.02,A61,A61N,7.252269617747515
uy,1.04,C07,C07B,7.253019267693162
km,1.06,H01,H01J,7.257153335027397
rp,6.04,A63,A63B,7.257575780153275
ro,1.07,B29,B29D,7.258212763816118
pw,2.06,A61,A61F,7.25871304795146
dq,9,B29,B29C,7.259245441295207
uy,1.04,D03,D03D,7.260416701436043
ip,2.07,G01,G01M,7.261111184954643
es,2.02,B81,B81B,7.261290159774944
ne,3.03,C22,C22C,7.263095252215862
ph,6.02,H01,H01L,7.266666667535901
js,6.04,C08,C08L,7.2683473713696
pe,5.02,B25,B25J,7.270508090499789
ik,2.11,A61,A61L,7.270706186071038
hq,1.04,B23,B23K,7.272121861344203
ew,1.02,B23,B23Q,7.273611139506102
il,2.07,H04,H04L,7.274889803957194
tu,3.01,B41,B41J,7.276098977774382
up,1.03,H01,H01S,7.278324194252491
de,1.06,C08,C08F,7.279712604358792
ac,2.02,B22,B22D,7.280754055827856
ou,1.06,G06,G06F,7.281487298198044
oa,2.11,C01,C01B,7.284799530287273
gu,1.06,A61,A61M,7.284896399825811
um,3.01,C07,C07F,7.284982543205842
ai,2.03,C22,C22C,7.285286979749799
ui,1.03,B62,B62D,7.28531747777015
pm,2.05,D03,D03D,7.288194511085749
uy,1.04,A47,A47L,7.289393961429596
id,2.07,C11,C11D,7.289547656197101
ai,2.03,C09,C09K,7.291666686534882
hq,1.04,F16,F16K,7.292529955506325
ew,1.02,B60,B60K,7.293554596602917
ne,3.03,G01,G01V,7.294224297627807
sr,2.07,G08,G08B,7.295159238157794
sa,3.03,C07,C07F,7.296228521503508
pm,2.05,H01,H01T,7.296349985525012
qu,1.06,C12,C12G,7.29689199058339
et,1.02,A61,A61J,7.298233526293188
za,3.02,G09,G09B,7.299675349146128
hq,1.04,B81,B81B,7.301916362950578
xy,1.01,H04,H04M,7.304141716100276
wf,1.06,C07,C07J,7.304254426155239
dm,3.02,G03,G03G,7.305555588100106
pe,5.02,A61,A61K,7.307579596526921
jy,4.05,F25,F25D,7.308064542710781
ii,2.04,D02,D02G,7.308275083079934
bp,6.04,C08,C08L,7.308823559433222
ew,1.02,A47,A47B,7.30952388048172
ui,1.03,H04,H04Q,7.309687266126275
ih,2.07,C12,C12R,7.310726737836376
ru,3.01,F01,F01N,7.3125
zr,1.05,H04,H04N,7.313484130427241
nu,5.08,C12,C12R,7.313664907123893
ah,4.01,H04,H04W,7.314102604985237
pc,5.02,H05,H05K,7.315247293561697
uf,1.03,G06,G06K,7.315865538083017
ye,2.02,H01,H01B,7.316191172692925
vx,5.01,A61,A61N,7.318375430069864
py,3.02,H04,H04Q,7.320000037550926
ui,1.03,C08,C08K,7.320395639631897
ns,2.01,G09,G09G,7.320965390419587
ah,4.01,A01,A01C,7.321379415225238
dr,1.06,C08,C08G,7.321439819410443
le,1.05,H03,H03K,7.322222223505378
cq,1.06,G01,G01S,7.323350919876248
uk,1.03,C09,C09B,7.324955062940717
ep,1.02,C12,C12Q,7.327595261391252
gy,5.02,B01,B01D,7.327738769352436
js,6.04,C07,C07K,7.328129888977855
vy,3.02,G01,G01M,7.328910992480814
uh,1.03,C11,C11D,7.330388786271214
pm,2.05,G01,G01H,7.331254451302812
cq,1.06,H05,H05B,7.332532942760736
pz,2.05,G06,G06K,7.332536372356117
or,5.09,H01,H01M,7.333333343267441
pa,6.02,B62,B62D,7.333333343267441
iu,2.03,B24,B24D,7.333333384245634
pj,2.05,G06,G06K,7.333333399146795
et,1.02,B42,B42D,7.334962650202215
fa,2.01,E04,E04H,7.337179597467184
dr,1.06,C09,C09D,7.337993408087641
di,5.02,G05,G05B,7.338213572278619
qf,9,B82,B82Y,7.338243697537109
dm,3.02,G01,G01J,7.341264207614586
iq,2.02,D06,D06M,7.341423292644322
ig,2.06,E21,E21B,7.34401194518432
ox,6.02,G06,G06Q,7.345463126897812
ui,1.03,F01,F01K,7.346929881721735
ew,1.02,F16,F16L,7.347222246229649
ii,2.04,C07,C07G,7.350619147066027
yi,6.03,A61,A61B,7.350642446428537
ya,3.02,G01,G01T,7.350725997705013
ev,1.02,B60,B60R,7.351700405590236
pj,2.05,E04,E04C,7.35445249453187
im,2.01,H05,H05B,7.354727131780237
mm,6.01,G03,G03F,7.355429366230965
oz,6.02,A01,A01N,7.356838651001453
tq,3.02,G02,G02B,7.357097465079278
um,3.01,H04,H04N,7.357410025317222
dt,2.03,G05,G05B,7.357688935473561
pa,6.02,G01,G01S,7.358730230480433
nn,3.03,B01,B01L,7.358976145274937
bf,5.04,H04,H04N,7.361735007725656
zc,4.03,H01,H01M,7.365079401060939
ew,1.02,G09,G09F,7.365160183981061
om,5.05,B65,B65D,7.366666719317436
ne,3.03,H03,H03F,7.367134029045701
uq,5.07,C07,C07D,7.368600797839463
fa,2.01,G05,G05D,7.368604214861989
zm,1.06,C02,C02F,7.370757059194148
ij,2.11,F02,F02D,7.372222267091274
vi,5.01,C07,C07C,7.372491671005264
da,1.06,A63,A63B,7.373340118676424
eu,2.02,C09,C09K,7.374621238559484
nu,5.08,G03,G03B,7.375000014901161
pn,1.01,H05,H05K,7.375199954491109
ev,1.02,H02,H02H,7.375519308261573
ro,1.07,C25,C25C,7.375655826181173
am,4.01,C10,C10M,7.376022120937705
ea,1.04,G03,G03C,7.376170144416392
uy,1.04,A01,A01K,7.376307838130742
ra,2.11,H03,H03H,7.379129588138312
ye,2.02,H02,H02N,7.379571949131787
qg,2.05,E21,E21B,7.381971622351557
mc,1.06,C07,C07D,7.391549877007492
wq,5.01,A61,A61B,7.391565536614507
uh,1.03,C04,C04B,7.393063603434712
ai,2.03,H03,H03K,7.393162056803703
eq,3.01,H04,H04M,7.396519813686609
qq,1.05,E21,E21B,7.396996330469847
if,2.11,B65,B65H,7.400000009685755
fi,1.04,C07,C07J,7.401993859093636
ro,1.07,A01,A01M,7.405168272554874
da,1.06,A61,A61H,7.406883955467492
pm,2.05,H03,H03B,7.409813430625945
pd,6.02,A61,A61K,7.411055770236999
oa,2.11,A61,A61C,7.41608069697395
ea,1.04,B22,B22D,7.41815447434783
cq,1.06,G01,G01B,7.419046015944332
rp,6.04,G01,G01S,7.419295128434896
ay,3.01,A61,A61F,7.419430191395804
bp,6.04,C08,C08F,7.419444486498833
ma,3.02,G06,G06K,7.419867001939565
vy,3.02,H01,H01Q,7.420088652055711
im,2.01,G01,G01L,7.42017637565732
ki,3.02,B29,B29C,7.421367534436285
kv,1.05,G06,G06Q,7.42420881986618
sd,3.02,A61,A61Q,7.424398076254874
ih,2.07,C23,C23C,7.426555978599936
zq,2.07,C02,C02F,7.427363432943821
uh,1.03,B05,B05D,7.428350628353655
if,2.11,B60,B60W,7.428878107108176
yr,2.01,G06,G06N,7.429044852033257
iu,2.03,B66,B66F,7.429166678339243
eu,2.02,G11,G11C,7.429166689515114
ea,1.04,B41,B41M,7.430500851478428
sy,1.03,C21,C21D,7.430555611848831
pz,2.05,H04,H04M,7.430555631406605
pm,2.05,F02,F02C,7.432265006937087
ro,1.07,B42,B42D,7.432792287319899
de,1.06,A61,A61L,7.433366326382384
id,2.07,C08,C08B,7.43353659613058
bp,6.04,F41,F41A,7.434523835778236
om,5.05,B29,B29C,7.435130724217743
oa,2.11,C08,C08J,7.435645649326034
db,2.08,C07,C07G,7.435694128740579
wm,5.04,G01,G01N,7.436769703635946
ev,1.02,C08,C08G,7.436944724060595
km,1.06,A61,A61F,7.439905161038041
id,2.07,G03,G03G,7.450000047683716
es,2.02,G06,G06G,7.452029280364513
ik,2.11,H04,H04R,7.453285567928106
ub,1.03,G09,G09B,7.455221181502566
bp,6.04,G02,G02B,7.455434815492481
sa,3.03,A61,A61N,7.455557510489598
ya,3.02,C09,C09D,7.455808482598513
oa,2.11,B65,B65H,7.45595246553421
dt,2.03,G05,G05D,7.456025250721723
ep,1.02,G01,G01T,7.456094220746309
ns,2.01,G03,G03G,7.456951872445643
dw,1.04,H05,H05K,7.457516039721668
yi,6.03,B41,B41J,7.458333358168602
if,2.11,B64,B64D,7.461327571421862
qg,2.05,G06,G06K,7.462250395677984
yq,5.07,H04,H04J,7.462643518578261
rb,2.02,H01,H01M,7.463131342083216
sy,1.03,G01,G01W,7.464006212539971
aa,1.03,C02,C02F,7.465677363332361
iq,2.02,D01,D01D,7.467663563787937
mm,6.01,A63,A63B,7.467857167124748
uy,1.04,A43,A43B,7.470238175243139
oz,6.02,C12,C12P,7.470698467688635
ue,2.11,G05,G05D,7.47143101808615
bu,1.03,G01,G01R,7.473913096822798
ne,3.03,A47,A47J,7.476190492510796
iu,2.03,B60,B60H,7.476190507411957
im,2.01,B60,B60C,7.477350493893027
ei,1.04,B81,B81B,7.479449621867388
qq,1.05,G08,G08G,7.479661757592112
ig,2.06,H01,H01R,7.479851429350674
ui,1.03,H01,H01R,7.483333371579647
hl,3.03,G09,G09B,7.485085920896381
nu,5.08,D04,D04H,7.488095246255398
tm,3.01,H04,H04N,7.488881849683821
ry,2.03,G01,G01S,7.489471287466586
bu,1.03,H01,H01J,7.490230701398104
dr,1.06,B03,B03C,7.490695831133053
tu,3.01,A62,A62D,7.497999785467982
fi,1.04,H01,H01F,7.498734299559146
pi,1.06,A01,A01G,7.498781853355467
ne,3.03,C10,C10G,7.499422814697027
pu,2.03,C10,C10L,7.499808963853866
wc,3.03,B02,B02C,7.5
rz,3.03,G11,G11B,7.500000007450581
xq,2.11,B60,B60R,7.500000029802322
pa,6.02,G02,G02F,7.502631612122059
ne,3.03,D06,D06F,7.505158755928278
xw,3.03,A42,A42B,7.506547655910254
if,2.11,G01,G01G,7.508317843079567
wc,3.03,A43,A43B,7.509257497731596
gy,5.02,G01,G01S,7.510480614379048
am,4.01,C09,C09D,7.511955979280174
ig,2.06,H01,H01G,7.512391124852002
ew,1.02,B62,B62D,7.512994262389839
uy,1.04,A41,A41D,7.513888918794692
hy,1.06,C12,C12P,7.513914778188337
pq,1.01,G01,G01V,7.514482518658042
pm,2.05,G02,G02C,7.516511355526745
fe,5.05,G08,G08B,7.516666673123837
im,2.01,B09,B09C,7.519708176609129
su,3.02,A61,A61H,7.519765045493841
ye,2.02,C09,C09K,7.520132724894211
tu,3.01,G08,G08B,7.522350532002747
bq,6.05,A61,A61L,7.52311657788232
jy,4.05,G06,G06K,7.526661187876016
et,1.02,G05,G05F,7.529617182910442
ns,2.01,H01,H01Q,7.530032927170396
xw,3.03,G06,G06K,7.530141524039209
ja,1.05,H05,H05B,7.531098849140108
uu,5.06,H04,H04R,7.533333361148834
zq,2.07,A61,A61K,7.533480843063444
ee,1.04,B41,B41C,7.534429900348186
sy,1.03,F23,F23N,7.535833403468132
ja,1.05,G03,G03F,7.535938934423029
eu,2.02,G02,G02B,7.53660786896944
ry,2.03,G11,G11B,7.53676946554333
ii,2.04,A63,A63F,7.537322304444388
pn,1.01,B01,B01D,7.537489390000701
pj,2.05,B05,B05C,7.537777783349156
uk,1.03,G21,G21B,7.537965436466038
xq,2.11,H03,H03M,7.539419036358595
jy,4.05,C01,C01B,7.544032733887434
pu,2.03,G01,G01R,7.544706117361784
vy,3.02,G01,G01D,7.544852991588414
iq,2.02,F25,F25D,7.545082086697221
pd,6.02,H04,H04L,7.545973965898156
mm,6.01,C08,C08J,7.546169128268957
qh,2.05,C08,C08F,7.546241026371717
uk,1.03,G01,G01S,7.546338227577507
ii,2.04,B24,B24D,7.547642440535128
qg,2.05,C25,C25C,7.548323610797524
ai,2.03,H04,H04H,7.549166233278811
fs,6.04,G06,G06K,7.549839794635773
yo,3.01,H04,H04W,7.552346496842802
aa,1.03,B01,B01J,7.552452835254371
yy,5.07,E21,E21B,7.555072506889701
ps,5.04,H04,H04L,7.559553204802796
pm,2.05,H04,H04Q,7.559654826298356
wu,5.04,H05,H05K,7.560286965221167
eu,2.02,H03,H03M,7.561199128627777
pe,5.02,G01,G01S,7.562642531003803
pn,1.01,C08,C08G,7.563547973521054
af,4.05,G06,G06Q,7.564559707418084
ev,1.02,H01,H01R,7.564583443105221
qu,1.06,C10,C10L,7.565817968221381
zm,1.06,B32,B32B,7.567103223875165
ru,3.01,B25,B25J,7.567244984209538
pi,1.06,C09,C09D,7.567281349562109
pm,2.05,A01,A01H,7.56772938859649
ja,1.05,A23,A23K,7.570932554546744
ee,1.04,B29,B29C,7.570955010131001
bk,6.04,A61,A61F,7.573177319020033
dy,1.04,B62,B62D,7.573544985149056
uh,1.03,H05,H05B,7.576110112015158
ew,1.02,G08,G08C,7.577799487393349
iq,2.02,B25,B25B,7.578655011951923
et,1.02,A23,A23B,7.579761918634176
ik,2.11,F01,F01D,7.583333360031247
gy,5.02,G06,G06N,7.584278544411063
ui,1.03,A23,A23L,7.585343584418297
sy,1.03,F16,F16K,7.585946337785572
db,2.08,G01,G01S,7.587691030465066
ub,1.03,E06,E06B,7.588921645656228
ai,2.03,A61,A61M,7.589342510560527
ee,1.04,B01,B01F,7.590802259743214
oz,6.02,B64,B64D,7.590909093618393
up,1.03,G01,G01R,7.591563017107546
dy,1.04,C03,C03B,7.591853660065681
js,6.04,C08,C08J,7.592592604458332
pu,2.03,H04,H04W,7.599775537848473
pj,2.05,G01,G01L,7.600000001490116
ni,3.01,G02,G02B,7.600658709881827
ye,2.02,G09,G09F,7.601299813017249
le,1.05,B29,B29C,7.601315807551146
pj,2.05,D06,D06M,7.601689096540213
zm,1.06,A01,A01M,7.602297173812985
ji,5.01,H04,H04W,7.603031650185585
we,3.02,H01,H01L,7.603653636295348
ja,1.05,C10,C10B,7.606226345524192
zc,4.03,G11,G11B,7.610256418585777
di,5.02,H01,H01R,7.611111149191856
if,2.11,B64,B64C,7.611149566248059
iu,2.03,B23,B23C,7.611904790624976
ue,2.11,B41,B41C,7.612907323986292
qk,6.01,H04,H04L,7.614285755902529
qf,9,B01,B01D,7.614379331236705
fe,5.05,H04,H04L,7.614381258375943
ii,2.04,B09,B09B,7.614571833051741
ya,3.02,H04,H04B,7.620848117396235
ik,2.11,G01,G01S,7.621231013908982
ni,3.01,H03,H03K,7.621560866013169
wf,1.06,A61,A61F,7.621575438883156
gy,5.02,G03,G03B,7.621794883161783
uy,1.04,C13,C13K,7.622016208712012
ei,1.04,G21,G21C,7.622504679486156
ba,3.02,G09,G09B,7.62305501382798
ji,5.01,G08,G08G,7.623927444685251
fa,2.01,G06,G06T,7.62467304058373
uy,1.04,D07,D07B,7.625000029802322
yr,2.01,G10,G10L,7.63127054926008
pt,3.03,A61,A61K,7.633022765163332
vj,5.01,G06,G06N,7.633682967862114
co,1.06,G03,G03F,7.635226315585896
ii,2.04,A24,A24D,7.636532767675817
if,2.11,F02,F02C,7.639127055183053
pw,2.06,B04,B04B,7.639705882407725
ki,3.02,G11,G11B,7.641317039728165
jy,4.05,G01,G01K,7.64150701276958
dt,2.03,F02,F02B,7.642361177131534
bp,6.04,F16,F16D,7.642857149243355
am,4.01,B01,B01J,7.643386045005172
id,2.07,B64,B64C,7.644444517791271
eo,6.02,A61,A61K,7.646445082034916
pw,2.06,H04,H04L,7.646514801774174
xq,2.11,H05,H05G,7.646633250173181
pk,2.05,B06,B06B,7.647023845463991
ro,1.07,A23,A23D,7.647375295870006
ij,2.11,C08,C08G,7.647725087590516
ox,6.02,H04,H04N,7.648930322378874
oy,9,G11,G11B,7.65278684720397
rz,3.03,C07,C07C,7.653455122373998
ex,1.02,H04,H04K,7.65814321115613
uy,1.04,F26,F26B,7.658730268478394
tu,3.01,G01,G01J,7.658863098360598
ij,2.11,G01,G01M,7.66116273868829
qh,2.05,G02,G02B,7.661561603425071
dq,9,C07,C07F,7.663192096864805
uy,1.04,H01,H01Q,7.664166974835098
dy,1.04,A01,A01G,7.665291687007993
bq,6.05,H01,H01H,7.666666686534882
gy,5.02,G06,G06T,7.666817382443696
ik,2.11,H02,H02K,7.669118440244347
ee,1.04,C25,C25D,7.670287511311471
dt,2.03,F23,F23G,7.670556847937405
bv,5.01,G06,G06F,7.67108296835795
ex,1.02,H01,H01R,7.671694278717041
bk,6.04,G06,G06K,7.672881221398711
ea,1.04,A23,A23D,7.673196775605902
fy,3.02,C08,C08J,7.674682035576552
ai,2.03,B64,B64B,7.676190495491028
qu,1.06,B01,B01F,7.678119130432606
hq,1.04,B41,B41J,7.679257207550108
ig,2.06,B01,B01F,7.681680817564484
pk,2.05,C25,C25B,7.685832814779133
dm,3.02,A23,A23K,7.68756861705333
pm,2.05,G09,G09B,7.689779398264363
dt,2.03,F22,F22B,7.690277948975563
qq,1.05,G01,G01P,7.691124333068728
dt,2.03,C10,C10J,7.691443082410842
ia,3.02,B82,B82Y,7.692517786286771
ra,2.11,B82,B82Y,7.697577805956826
zd,9,B82,B82Y,7.700174199650064
ex,1.02,G05,G05F,7.701162381097674
zd,9,G06,G06K,7.702542948536575
oe,5.06,H04,H04B,7.70408208668232
yr,2.01,G05,G05B,7.707086251117289
ex,1.02,C07,C07D,7.710735637461767
ea,1.04,A01,A01B,7.71111111342907
zr,1.05,H01,H01M,7.712708396138623
az,3.02,G06,G06F,7.712957565207034
ma,3.02,H04,H04M,7.714108733460307
ae,4.05,C12,C12M,7.714328248985112
if,2.11,B23,B23P,7.715277783572674
xq,2.11,C09,C09D,7.716540323104709
ai,2.03,H03,H03H,7.719936260953546
im,2.01,C07,C07D,7.72217071778141
db,2.08,B08,B08B,7.722775080939755
ec,1.04,C09,C09J,7.722938542254269
iu,2.03,C11,C11D,7.724956719204783
pz,2.05,B23,B23Q,7.72671570815146
ye,2.02,G04,G04G,7.727976260706782
mc,1.06,G10,G10L,7.729153814958408
jy,4.05,C07,C07J,7.729850639589131
pn,1.01,H01,H01M,7.729946206323802
ne,3.03,A61,A61H,7.731918136589229
ub,1.03,C22,C22B,7.733673361130059
dx,3.01,A23,A23G,7.734525156207383
dr,1.06,G01,G01J,7.735321704880334
sy,1.03,H01,H01K,7.736111140809953
de,1.06,G02,G02B,7.737328346818686
ea,1.04,A23,A23C,7.738166665658355
yo,3.01,A61,A61F,7.738443473353982
iu,2.03,A63,A63G,7.73957434296608
si,1.05,G06,G06K,7.739802727941424
oz,6.02,A43,A43B,7.741652838885784
de,1.06,C05,C05B,7.741666739806533
pu,2.03,C01,C01B,7.742552091251127
bq,6.05,B64,B64D,7.742857150733471
xy,1.01,C12,C12N,7.74403572716983
qe,2.09,D01,D01F,7.746057834010571
cu,1.06,C11,C11D,7.746060823090374
py,3.02,A41,A41D,7.746376054361463
wu,5.04,C07,C07D,7.747543077450246
ne,3.03,B65,B65H,7.750000014901161
oz,6.02,E01,E01C,7.750000029802322
ev,1.02,A63,A63B,7.750268488191068
oy,9,C09,C09D,7.750366352498531
ii,2.04,C12,C12C,7.75238100066781
yo,3.01,C11,C11D,7.753639542264864
ja,1.05,A01,A01K,7.754676282405853
qa,3.01,G03,G03G,7.754985762294382
wm,5.04,H03,H03K,7.755798246711493
ep,1.02,A61,A61H,7.755942291114479
gu,1.06,A61,A61L,7.756751217413694
ae,4.05,G05,G05D,7.759414687752724
dy,1.04,B27,B27K,7.762084116227925
yp,3.02,H04,H04N,7.762130670249462
yp,3.02,A01,A01K,7.76256519270828
ij,2.11,C07,C07F,7.76298760715872
er,1.02,G02,G02F,7.763105086516589
po,1.01,E21,E21B,7.763134703040123
ig,2.06,G01,G01M,7.765084275510162
pj,2.05,C08,C08K,7.766269122250378
pn,1.01,C12,C12N,7.766872681095265
ec,1.04,C07,C07J,7.76827808842063
bk,6.04,C07,C07C,7.771365271415561
zq,2.07,B01,B01D,7.771907418267801
jy,4.05,B82,B82Y,7.772690103272907
gc,1.05,C02,C02F,7.773073859512806
ue,2.11,C07,C07D,7.77485024521593
if,2.11,F41,F41H,7.77654570620507
mm,6.01,G02,G02B,7.781787686049938
uh,1.03,C01,C01G,7.782031293027103
za,3.02,C07,C07F,7.782182410592213
pz,2.05,F23,F23C,7.783333338797092
bk,6.04,D01,D01F,7.783333346247673
xe,4.01,A61,A61K,7.783808490727097
ne,3.03,C08,C08K,7.785039803013206
ig,2.06,C09,C09J,7.786007752409205
xw,3.03,C08,C08G,7.787747329100966
zm,1.06,C01,C01F,7.79166667163372
fy,3.02,C08,C08L,7.791870878078043
qg,2.05,F16,F16C,7.793452441692352
iq,2.02,A01,A01D,7.79481500107795
ki,3.02,B01,B01J,7.795520533807576
tm,3.01,G02,G02B,7.799732107203454
pc,5.02,H04,H04Q,7.79981965944171
sy,1.03,B64,B64C,7.800000071525574
fa,2.01,E01,E01C,7.801136452704668
ub,1.03,B21,B21C,7.801515212282538
ev,1.02,B61,B61L,7.803174702450633
om,5.05,G07,G07F,7.803703837096691
fa,2.01,H01,H01L,7.804125624708831
om,5.05,A61,A61L,7.807600766886026
qq,1.05,H04,H04B,7.808270287001505
es,2.02,H02,H02P,7.808333403430879
iu,2.03,A23,A23L,7.809088218025863
za,3.02,A01,A01K,7.810938241425902
uy,1.04,H03,H03H,7.813203488476574
ru,3.01,A47,A47C,7.814665276557207
hf,6.03,A61,A61K,7.81517182267271
fa,2.01,B29,B29C,7.817668082658201
pk,2.05,H03,H03H,7.820826532319188
ub,1.03,F21,F21S,7.821296360343695
om,5.05,B01,B01D,7.821794889867306
gu,1.06,C05,C05F,7.822782720904797
rt,3.02,A01,A01N,7.824662294005975
py,3.02,C10,C10M,7.825000055134296
ep,1.02,F03,F03D,7.830001306720078
ye,2.02,B65,B65D,7.831018637865782
dy,1.04,A47,A47L,7.832772661466151
bq,6.05,F16,F16K,7.833333343267441
mm,6.01,B41,B41J,7.833333343267441
mm,6.01,H01,H01R,7.833333373069763
le,1.05,H04,H04B,7.834209380671382
qg,2.05,B23,B23H,7.836700532585382
pm,2.05,F16,F16H,7.836899787653238
di,5.02,H04,H04B,7.8369658482261
ea,1.04,F01,F01N,7.837968004867435
ub,1.03,C12,C12P,7.838710379553959
ep,1.02,G07,G07B,7.839639615267515
qg,2.05,C09,C09B,7.841522045433521
qg,2.05,B08,B08B,7.844174383673817
pa,6.02,C08,C08L,7.846323568373919
ea,1.04,A62,A62D,7.846394305117428
yr,2.01,H04,H04H,7.846561040729284
kv,1.05,H04,H04N,7.847739106044173
ua,6.03,H04,H04M,7.848897257819772
ua,6.03,G06,G06T,7.849352207966149
ai,2.03,H02,H02K,7.850000089965761
ro,1.07,G10,G10K,7.850411497056484
eo,6.02,G06,G06Q,7.85083743929863
su,3.02,B82,B82Y,7.851636855397373
ew,1.02,A47,A47L,7.85166044277139
rp,6.04,C08,C08F,7.851851861923933
qf,9,F16,F16L,7.851851899176836
ih,2.07,C25,C25B,7.851942349923775
qj,2.05,D21,D21C,7.852598072960973
ii,2.04,H04,H04M,7.853063975460827
ni,3.01,A23,A23K,7.855733568314463
gy,5.02,G03,G03F,7.857509803026915
xe,4.01,G01,G01V,7.857954576611519
wq,5.01,C04,C04B,7.858333349227905
nu,5.08,E06,E06B,7.859523821622133
ub,1.03,G21,G21H,7.860492933541536
sr,2.07,G05,G05D,7.863055540481582
ui,1.03,A43,A43B,7.866666674613953
ui,1.03,G09,G09B,7.867644611746073
pj,2.05,B65,B65D,7.86904764175415
ei,1.04,C40,C40B,7.869430203223601
et,1.02,B05,B05D,7.872582777403295
pk,2.05,G01,G01B,7.873180644353852
qj,2.05,C07,C07C,7.873275710269809
dm,3.02,G01,G01V,7.875000011175871
pa,6.02,B23,B23K,7.87619049847126
im,2.01,G09,G09B,7.877746103331447
yp,3.02,C12,C12M,7.879217702662572
pz,2.05,B23,B23B,7.880122704431415
ig,2.06,C09,C09K,7.880169219337404
vx,5.01,G07,G07F,7.880876076407731
oy,9,G01,G01R,7.881426814943552
td,3.02,H04,H04M,7.881986554712057
mm,6.01,B01,B01D,7.884065179154277
rp,6.04,G05,G05B,7.885789953172207
ik,2.11,C08,C08K,7.885948561131954
pj,2.05,C07,C07G,7.886196808423847
le,1.05,C10,C10G,7.886556321755052
ew,1.02,B42,B42D,7.88844851218164
ya,3.02,B32,B32B,7.891032952349633
dq,9,B82,B82Y,7.892162427306175
rz,3.03,H04,H04B,7.892350386828184
pc,5.02,A61,A61F,7.892720814794302
et,1.02,G08,G08C,7.892962804064155
pm,2.05,F26,F26B,7.893783133476973
ec,1.04,A62,A62D,7.894736332818866
ex,1.02,H03,H03F,7.895204518921673
vx,5.01,C07,C07C,7.896059199236333
ei,1.04,G21,G21F,7.896727269981056
qq,1.05,G02,G02B,7.900824951007962
dy,1.04,A21,A21D,7.901958002708852
xy,1.01,G01,G01R,7.902385492809117
hy,1.06,G02,G02B,7.903932939749211
et,1.02,A61,A61G,7.913774658925831
ur,1.01,G02,G02F,7.913935355376452
pk,2.05,F27,F27B,7.916666679084301
bq,6.05,C08,C08K,7.916666693985462
dm,3.02,B32,B32B,7.919017154723406
id,2.07,A61,A61L,7.920016965828836
uh,1.03,C12,C12N,7.920291793881916
dw,1.04,H01,H01B,7.921601269859821
di,5.02,G02,G02B,7.922930829226971
qq,1.05,C07,C07C,7.9244593847543
xw,3.03,A63,A63F,7.925237093120813
ui,1.03,C10,C10G,7.927842859178782
pc,5.02,G09,G09B,7.931586977094412
da,1.06,G03,G03F,7.931935513624921
pu,2.03,F16,F16L,7.932921359781176
hq,1.04,A01,A01N,7.933825156651437
we,3.02,C07,C07H,7.935864137252793
gc,1.05,G01,G01H,7.936012014746666
ae,4.05,C08,C08B,7.936302548041567
xq,2.11,C12,C12N,7.936582373222336
ui,1.03,B05,B05B,7.937019292498007
ub,1.03,B28,B28D,7.939902495127171
ii,2.04,G01,G01S,7.940247302874923
hq,1.04,B29,B29C,7.94319159258157
xw,3.03,C07,C07D,7.944348538527265
co,1.06,F16,F16K,7.944553524721414
pn,1.01,A61,A61M,7.944923759903759
ga,3.02,H01,H01L,7.949556147446856
ex,1.02,B60,B60W,7.949874045327306
pz,2.05,B03,B03D,7.951623447239399
cq,1.06,D06,D06P,7.95422774925828
es,2.02,G03,G03H,7.954661076422781
ky,1.05,E21,E21B,7.955934116616845
ry,2.03,H04,H04W,7.959149368107319
ve,3.02,H01,H01M,7.96196604333818
oe,5.06,G01,G01N,7.963852184591815
ur,1.01,B01,B01D,7.963866622187197
pf,6.02,G06,G06Q,7.965054460801184
qh,2.05,C01,C01B,7.965108767850325
ga,3.02,A45,A45D,7.965955941937864
ue,2.11,C23,C23C,7.96687700226903
yo,3.01,A23,A23K,7.968881605891511
pa,6.02,C11,C11D,7.970238119363785
oz,6.02,C09,C09D,7.971078457310796
ai,2.03,G02,G02F,7.974247335456312
pg,6.02,H04,H04L,7.976190492510796
sd,3.02,G11,G11B,7.976190492510796
uy,1.04,B05,B05C,7.976382018998265
da,1.06,C09,C09B,7.976534416433424
le,1.05,B09,B09C,7.976901034358889
bq,6.05,C08,C08F,7.977811572141945
pk,2.05,B41,B41M,7.979532212018967
iu,2.03,C08,C08G,7.982433686265722
fe,5.05,G06,G06Q,7.982717622071505
yr,2.01,H01,H01M,7.985951299779117
dm,3.02,G01,G01T,7.986051955725998
ne,3.03,A01,A01K,7.988070273539051
uf,1.03,G01,G01F,7.989318815991282
ec,1.04,B41,B41J,7.989451988600194
ei,1.04,F16,F16D,7.989583369344473
dw,1.04,G11,G11B,7.990040303673595
fa,2.01,E21,E21B,7.991211709566414
zm,1.06,G03,G03G,7.991666704416275
ex,1.02,A61,A61F,7.993436453398317
vy,3.02,C07,C07J,7.994997968897223
qa,3.01,C40,C40B,7.995556207344634
nn,3.03,C11,C11D,7.996882424689829
hq,1.04,G01,G01K,7.99808095395565
fy,3.02,B23,B23K,7.999739807099104
ui,1.03,B60,B60R,8
bk,6.04,A61,A61B,8.00059269554913
po,1.01,G05,G05B,8.001322141382843
pu,2.03,C10,C10M,8.003410754259676
ua,6.03,H03,H03K,8.00458917953074
oa,2.11,H02,H02B,8.006944470107555
tm,3.01,A61,A61M,8.007409436162561
gc,1.05,C22,C22B,8.007650753483176
if,2.11,B05,B05B,8.007847679778934
qe,2.09,C09,C09J,8.008458678377792
zd,9,G03,G03G,8.00854700896889
gc,1.05,H04,H04B,8.008717970224097
ve,3.02,G08,G08B,8.009259300306439
iq,2.02,G07,G07G,8.010194852948189
cn,5.01,A61,A61N,8.010923224966973
qu,1.06,G06,G06K,8.012214969377965
dx,3.01,C08,C08K,8.012664283625782
ev,1.02,C12,C12P,8.013066015031654
iu,2.03,E04,E04B,8.016666729003191
le,1.05,F24,F24F,8.017857171595097
he,5.03,G06,G06F,8.020962207578123
ij,2.11,B21,B21D,8.022083353251219
ig,2.06,G07,G07F,8.022659956943244
ub,1.03,A63,A63F,8.023629376664758
pc,5.02,A63,A63F,8.024200917221606
ia,3.02,G06,G06K,8.024211914278567
id,2.07,H02,H02N,8.024587937630713
oa,2.11,G03,G03G,8.025857469532639
ii,2.04,B64,B64C,8.026388920843601
ew,1.02,A01,A01K,8.027033320162445
dw,1.04,D21,D21C,8.027481921948493
dy,1.04,C05,C05G,8.027712053619325
uk,1.03,C01,C01F,8.028199426364154
ro,1.07,H02,H02P,8.028409153223038
oz,6.02,H03,H03K,8.031250022351742
da,1.06,C08,C08F,8.032092873938382
ro,1.07,B60,B60Q,8.032142896205187
bk,6.04,B01,B01D,8.03763033170253
pn,1.01,B29,B29C,8.03916970314458
qq,1.05,G01,G01V,8.040151982335374
uf,1.03,G03,G03F,8.040260465815663
ki,3.02,G02,G02B,8.040843559429049
di,5.02,G01,G01R,8.040954212192446
uy,1.04,C01,C01G,8.042244741227478
gu,1.06,B32,B32B,8.045274185948074
fa,2.01,A61,A61K,8.046666904352605
mq,6.01,G01,G01N,8.048190271249041
dt,2.03,A61,A61B,8.048230484360829
jy,4.05,F26,F26B,8.052604215219617
am,4.01,G06,G06K,8.055102295475081
pq,1.01,C11,C11D,8.060944343917072
pk,2.05,F16,F16C,8.062500029802322
uy,1.04,C01,C01F,8.063445086590946
ra,2.11,C12,C12N,8.063818356837146
hi,5.01,H04,H04W,8.06549433618784
bp,6.04,G07,G07F,8.06603043153882
dy,1.04,B81,B81B,8.067759246798232
oy,9,B32,B32B,8.069444451481104
qu,1.06,G06,G06T,8.069896794157103
ja,1.05,C01,C01F,8.070058779790998
pz,2.05,A61,A61C,8.072340740822256
qa,3.01,G16,G16H,8.072548405034468
vi,5.01,G06,G06N,8.074280813569203
hl,3.03,G16,G16H,8.074583167210221
zm,1.06,C25,C25D,8.075000002980232
qu,1.06,D01,D01F,8.080734905321151
uu,5.06,B29,B29C,8.081141752190888
zr,1.05,A61,A61L,8.082027419470251
bp,6.04,H04,H04R,8.082575768232346
uk,1.03,B03,B03C,8.082588491612114
bq,6.05,F21,F21V,8.08333333581686
hq,1.04,G01,G01Q,8.083999878144823
jy,4.05,G01,G01J,8.08596055675298
ti,9,C12,C12R,8.089232292026281
xq,2.11,C01,C01B,8.089397451840341
qf,9,A61,A61F,8.09146444615908
iu,2.03,B06,B06B,8.092660617083311
ai,2.03,F16,F16H,8.093650835566223
ii,2.04,G11,G11C,8.095927198883146
uh,1.03,C10,C10G,8.096081606112421
ro,1.07,B24,B24B,8.098845690488815
sy,1.03,C07,C07K,8.099988647794817
uu,5.06,C11,C11D,8.100000016391277
ih,2.07,B09,B09B,8.10238473303616
ma,3.02,A61,A61Q,8.103394888807088
fy,3.02,H01,H01L,8.103683182271197
ev,1.02,H03,H03F,8.103724164422601
ki,3.02,C07,C07J,8.106693496461958
oa,2.11,A63,A63F,8.107512610033154
wc,3.03,H04,H04M,8.107672943733633
es,2.02,H01,H01M,8.107680485583842
fi,1.04,G21,G21K,8.107695106416941
ub,1.03,F27,F27D,8.108963623642921
pz,2.05,B03,B03C,8.110416698269546
uy,1.04,A23,A23K,8.110461122822016
ev,1.02,H04,H04Q,8.111659457907081
ui,1.03,H04,H04J,8.111758156679571
ea,1.04,G02,G02F,8.114441815298051
ns,2.01,C23,C23F,8.114448344102129
ik,2.11,G01,G01M,8.116261162795126
gu,1.06,C01,C01F,8.116666674613953
ye,2.02,H01,H01G,8.116734351031482
qg,2.05,B22,B22D,8.124911917373538
pj,2.05,B41,B41J,8.125
ot,6.02,G06,G06T,8.126156690530479
yr,2.01,G11,G11C,8.128810885362327
oy,9,G09,G09B,8.129045736975968
ne,3.03,G03,G03B,8.129545491188765
qf,9,G01,G01H,8.132007977925241
pq,1.01,G01,G01C,8.133263698779047
pu,2.03,F02,F02D,8.134259298443794
ac,2.02,A47,A47L,8.135065110167488
ij,2.11,H01,H01J,8.137002720497549
we,3.02,A61,A61H,8.139615636318922
uf,1.03,G06,G06Q,8.139684408903122
dm,3.02,B05,B05B,8.141756274737418
sy,1.03,H03,H03G,8.143104944378138
et,1.02,A23,A23K,8.143830355256796
ih,2.07,C11,C11D,8.143855464179069
xe,4.01,G06,G06F,8.145975169725716
xy,1.01,G01,G01V,8.146293950267136
uh,1.03,B29,B29C,8.146442238241434
bi,6.01,H04,H04M,8.146929852664471
pz,2.05,G01,G01S,8.148809588514268
ka,4.01,C08,C08L,8.149977066554129
ec,1.04,B05,B05D,8.152188009116799
ea,1.04,B81,B81B,8.153279990889132
dy,1.04,F16,F16F,8.155103406403214
rb,2.02,G11,G11B,8.158112265635282
et,1.02,C07,C07H,8.158749934984371
le,1.05,C08,C08L,8.161149549297988
vi,5.01,A61,A61N,8.161759272683412
dx,3.01,G06,G06Q,8.163244830444455
pq,1.01,H05,H05K,8.163571055047214
bq,6.05,H02,H02K,8.16666667163372
aa,1.03,E04,E04B,8.166666705161333
xq,2.11,C03,C03C,8.170909921638668
rp,6.04,H04,H04Q,8.173484891653061
ad,4.02,A22,A22C,8.17385633289814
jw,6.02,A61,A61K,8.175228036940098
id,2.07,F24,F24D,8.177083358168602
qq,1.05,G01,G01R,8.178568718023598
ve,3.02,A61,A61F,8.179819549433887
am,4.01,C11,C11C,8.180257564876229
oy,9,G11,G11C,8.181688211858273
iu,2.03,H01,H01S,8.183160791406408
gu,1.06,C25,C25D,8.183333337306976
iy,1.06,G11,G11B,8.184523912146688
sy,1.03,C08,C08J,8.185450452845544
uu,5.06,B32,B32B,8.187653977423906
aa,1.03,G01,G01K,8.190153364092112
db,2.08,H05,H05B,8.191188322380185
et,1.02,H01,H01H,8.191349714994431
pm,2.05,C01,C01D,8.193132473155856
hy,1.06,A61,A61B,8.193210758268833
km,1.06,C08,C08G,8.195828419760801
qj,2.05,A41,A41D,8.196969732642174
if,2.11,B01,B01F,8.197577051294502
ve,3.02,A63,A63F,8.198810354340822
er,1.02,G01,G01N,8.202652478124946
gm,3.03,C12,C12Q,8.204781442414969
es,2.02,B32,B32B,8.204924018122256
km,1.06,A21,A21D,8.212375661823899
cq,1.06,A62,A62D,8.212827729061246
oz,6.02,H01,H01R,8.213174285367131
uk,1.03,C07,C07K,8.213408567244187
ot,6.02,F21,F21V,8.213492128998041
uy,1.04,F16,F16F,8.21438687061891
iq,2.02,B26,B26D,8.214678879827261
sy,1.03,F01,F01D,8.215079413726926
sd,3.02,C07,C07C,8.21563898678869
ii,2.04,C08,C08C,8.216501130722463
qf,9,H01,H01M,8.216603995300829
ya,3.02,H04,H04R,8.217208729125559
ee,1.04,D21,D21C,8.217983406037092
eq,3.01,A61,A61N,8.218878478743136
if,2.11,H02,H02N,8.219501162879169
zc,4.03,A23,A23L,8.221452521625906
rz,3.03,H01,H01L,8.221975728869438
uu,5.06,H01,H01J,8.224234054330736
ru,3.01,B32,B32B,8.225104017183185
pq,1.01,H03,H03M,8.226082730107009
ai,2.03,F25,F25B,8.22660243883729
sy,1.03,F16,F16C,8.227746237069368
ij,2.11,C21,C21D,8.228889069519937
uu,5.06,G05,G05B,8.228968292474747
qu,1.06,E21,E21B,8.229765234980732
rp,6.04,E21,E21B,8.232722871005535
if,2.11,F16,F16L,8.233187150210142
oz,6.02,G03,G03F,8.235256440937519
dw,1.04,C07,C07B,8.236624389421195
id,2.07,C10,C10C,8.237614354118705
ii,2.04,F17,F17D,8.23869058303535
pe,5.02,H04,H04Q,8.240080878604203
za,3.02,H01,H01R,8.241666670888662
yo,3.01,A01,A01K,8.242792217293754
wf,1.06,A61,A61L,8.242925713653676
kv,1.05,G06,G06K,8.242936065187678
iu,2.03,C08,C08K,8.249502365943044
oz,6.02,G09,G09F,8.25
pa,6.02,C08,C08F,8.250432968139648
ql,9,H03,H03K,8.250836776569486
qg,2.05,F04,F04D,8.252943501807749
ai,2.03,C30,C30B,8.25719818007201
ja,1.05,H04,H04B,8.257303737103939
wh,3.02,G06,G06T,8.257630936801434
er,1.02,H04,H04B,8.257634515874088
su,3.02,G09,G09B,8.258125523105264
oz,6.02,C08,C08J,8.262465009465814
de,1.06,G06,G06K,8.263484044931829
uk,1.03,B01,B01L,8.267038594349287
bp,6.04,C04,C04B,8.267243918962777
ij,2.11,B60,B60R,8.267500165849924
ei,1.04,G01,G01L,8.267681130673736
uy,1.04,C14,C14C,8.271367587149143
dy,1.04,B05,B05C,8.271851641125977
ii,2.04,A47,A47L,8.273809545207769
id,2.07,B08,B08B,8.275711702182889
uk,1.03,C21,C21D,8.276789315976202
pz,2.05,F01,F01N,8.277542049065232
oa,2.11,H03,H03G,8.279366605915129
ig,2.06,C01,C01B,8.279476333409548
gm,3.03,H04,H04W,8.279798075556755
ih,2.07,C08,C08J,8.279972575139254
xw,3.03,G06,G06T,8.280192745383829
tm,3.01,A61,A61Q,8.280903703300282
pk,2.05,G01,G01K,8.280945352744311
nu,5.08,G01,G01M,8.280952405184507
rt,3.02,B29,B29C,8.281055902363732
iu,2.03,B23,B23H,8.281746082007885
fi,1.04,H04,H04N,8.283024967182428
pm,2.05,H03,H03M,8.288222732720897
ye,2.02,B64,B64C,8.288972878828645
ii,2.04,F42,F42B,8.289880977477878
ei,1.04,G21,G21K,8.291688533965498
pe,5.02,G07,G07C,8.292536303400993
zc,4.03,H04,H04B,8.294444471597672
rb,2.02,A63,A63F,8.294490047264844
qg,2.05,C11,C11D,8.297588555142283
wu,5.04,A63,A63F,8.298269212245941
iu,2.03,H01,H01G,8.300502763129771
id,2.07,A23,A23L,8.30074730142951
pk,2.05,B23,B23B,8.301526352763176
tq,3.02,H02,H02M,8.301717383787036
ae,4.05,H04,H04W,8.302020266652107
ew,1.02,B61,B61L,8.302704703062773
et,1.02,C25,C25D,8.304808612912893
ew,1.02,G01,G01M,8.305980776436627
ba,3.02,B01,B01D,8.306354962289333
om,5.05,E21,E21B,8.307868937030435
hq,1.04,B01,B01F,8.307925979373977
yq,5.07,H04,H04N,8.310114824678749
ns,2.01,D01,D01F,8.310274366871454
ya,3.02,C08,C08L,8.310535735450685
ii,2.04,G21,G21C,8.31095855589956
wu,5.04,B60,B60R,8.312500022351742
co,1.06,C12,C12R,8.315726868109778
um,3.01,G06,G06Q,8.316100243013352
pc,5.02,H04,H04B,8.316978487651795
ru,3.01,C09,C09K,8.31713296379894
vy,3.02,H05,H05B,8.318980836775154
aa,1.03,B60,B60R,8.319246124476194
ra,2.11,C07,C07K,8.32256526342826
cq,1.06,D01,D01F,8.324603577144444
dy,1.04,G03,G03H,8.325551365036517
hl,3.03,C07,C07D,8.325971016427502
qa,3.01,C12,C12R,8.327526150271297
pu,2.03,G02,G02F,8.327595996204764
pz,2.05,H04,H04B,8.328736163210124
de,1.06,C09,C09K,8.330075374804437
iu,2.03,A63,A63C,8.333333343267441
bq,6.05,B41,B41J,8.333333343267441
ue,2.11,B65,B65H,8.333333343267441
uf,1.03,H01,H01H,8.333333387970924
ya,3.02,B60,B60R,8.333333447575569
et,1.02,G01,G01M,8.333488106261939
ii,2.04,F27,F27B,8.33400646224618
im,2.01,G02,G02B,8.33523482340388
qj,2.05,F41,F41H,8.33730161190033
er,1.02,G07,G07F,8.337745867669582
yq,5.07,H04,H04M,8.339339597150683
cq,1.06,H05,H05K,8.339981934288517
ue,2.11,B42,B42D,8.340362946968526
uf,1.03,H05,H05K,8.340720685664564
ji,5.01,H02,H02P,8.34250371530652
pm,2.05,H02,H02H,8.343340411782265
et,1.02,H01,H01G,8.343785641714931
pu,2.03,H02,H02K,8.347037517931312
sy,1.03,H01,H01B,8.348923128563911
ei,1.04,D21,D21C,8.349881133064628
ij,2.11,G09,G09B,8.354570563882589
xa,5.04,H04,H04M,8.354761948809028
vi,5.01,H04,H04W,8.355085242539644
ei,1.04,C09,C09G,8.355578959919512
db,2.08,A01,A01C,8.356523387599736
yr,2.01,B61,B61L,8.358139188960195
if,2.11,G01,G01T,8.35829837503843
ha,5.03,H04,H04B,8.359014654532075
ja,1.05,G01,G01S,8.360038242768496
wh,3.02,H04,H04W,8.360805884003639
ro,1.07,H05,H05G,8.362280987203121
id,2.07,G03,G03F,8.362867577001452
ik,2.11,H01,H01M,8.368691160343587
ep,1.02,H03,H03L,8.369204417802393
es,2.02,H02,H02K,8.374762115534395
sy,1.03,G10,G10K,8.377470360137522
pz,2.05,G01,G01L,8.377578972373158
cl,9,H04,H04B,8.377699201926589
ub,1.03,G07,G07F,8.379845893010497
iq,2.02,B60,B60N,8.382777845486999
ea,1.04,G08,G08B,8.384176533669233
xq,2.11,G09,G09G,8.384202701039612
ee,1.04,C12,C12Y,8.386218345724046
sy,1.03,H02,H02M,8.386605146806687
dm,3.02,C09,C09D,8.389285755343735
ad,4.02,A01,A01H,8.389377961400896
lq,3.03,H04,H04W,8.390557763166726
xy,1.01,G11,G11B,8.391537694260478
pq,1.01,B32,B32B,8.396428592503071
ii,2.04,F16,F16C,8.397186204791069
dk,5.02,A63,A63F,8.398153278976679
ai,2.03,F23,F23C,8.401488125324249
ne,3.03,B62,B62D,8.402380958199501
rz,3.03,C07,C07K,8.405297048389912
pc,5.02,G01,G01C,8.405841322615743
ac,2.02,F04,F04D,8.40595243498683
ij,2.11,A61,A61N,8.407476751599461
fi,1.04,B01,B01L,8.41052647260949
uk,1.03,F21,F21V,8.412042228039354
ew,1.02,C12,C12Q,8.412542643724009
nu,5.08,B01,B01F,8.416532995179296
ev,1.02,H03,H03H,8.416617003967986
aa,1.03,F01,F01N,8.416666705161333
et,1.02,D06,D06P,8.416666716337204
id,2.07,G06,G06K,8.419311931822449
pu,2.03,G01,G01S,8.422223710455
um,3.01,G06,G06K,8.424495307495818
nu,5.08,G07,G07C,8.424662346020341
ot,6.02,G09,G09B,8.424679596442729
ik,2.11,G05,G05D,8.424766822019592
qf,9,H05,H05K,8.428078710101545
wv,3.03,G06,G06Q,8.4290677071549
dy,1.04,F02,F02M,8.430216652806848
cq,1.06,G01,G01Q,8.430716007947922
et,1.02,G01,G01J,8.431818909477443
pw,2.06,A61,A61N,8.432467975653708
qq,1.05,C02,C02F,8.4326725541614
gu,1.06,C09,C09K,8.434426963794976
ki,3.02,A23,A23K,8.434475147165358
co,1.06,C07,C07B,8.43540705088526
pz,2.05,C10,C10L,8.435521019622684
ro,1.07,F02,F02B,8.436601314693689
qj,2.05,A01,A01N,8.437016087118536
ea,1.04,G01,G01C,8.437141527421772
eo,6.02,H04,H04W,8.438054220750928
ew,1.02,B23,B23K,8.440035954117775
ya,3.02,C07,C07H,8.440336593892425
zd,9,B01,B01D,8.441044655628502
bp,6.04,H05,H05K,8.444155894219875
ai,2.03,H05,H05H,8.445707108825445
uu,5.06,A63,A63B,8.446428574621677
aa,1.03,B64,B64C,8.447222340852022
ka,4.01,H04,H04W,8.448748549446464
qf,9,C22,C22F,8.449231666512787
yy,5.07,H04,H04W,8.449448391795158
pm,2.05,B24,B24C,8.452976246364415
az,3.02,H04,H04L,8.455790173262358
fi,1.04,A61,A61Q,8.455921159358695
mm,6.01,E21,E21B,8.45833333581686
ac,2.02,F02,F02B,8.458333395421505
if,2.11,C11,C11D,8.459047632291913
ii,2.04,H01,H01F,8.463797063101083
tc,3.02,C12,C12Q,8.464854179881513
aa,1.03,G01,G01D,8.464981537312269
yr,2.01,B62,B62D,8.465198209509254
pc,5.02,B01,B01D,8.46629865700379
rt,3.02,G03,G03G,8.466666702181101
iq,2.02,B65,B65B,8.46698418725282
qg,2.05,B23,B23B,8.467341059818864
ki,3.02,G01,G01R,8.470002175308764
ro,1.07,F01,F01D,8.47063497826457
py,3.02,A61,A61C,8.471167309209704
jb,5.07,G06,G06K,8.472685038577765
ye,2.02,C07,C07C,8.47391992341727
pu,2.03,A63,A63B,8.475000062026083
ye,2.02,B25,B25J,8.478419233579189
ne,3.03,A24,A24F,8.478797229938209
ep,1.02,G05,G05F,8.47971974639222
yg,6.04,B60,B60R,8.480555601418018
my,5.01,G09,G09B,8.481337637640536
ub,1.03,F27,F27B,8.486508035100996
oa,2.11,G21,G21C,8.486706417053938
nu,5.08,G01,G01B,8.491397887468338
bk,6.04,H04,H04M,8.493117542006075
ha,5.03,G06,G06K,8.494086530059576
ro,1.07,D01,D01D,8.496977892937139
pz,2.05,F01,F01L,8.500000007450581
py,3.02,A42,A42B,8.500000029802322
oi,3.02,A61,A61Q,8.504291578195989
pw,2.06,B01,B01J,8.504678000696003
pk,2.05,C02,C02F,8.506895676255226
fa,2.01,B32,B32B,8.508579265326262
pq,1.01,H05,H05B,8.513924032449722
ac,2.02,G01,G01J,8.516655505169183
ei,1.04,C10,C10B,8.518566793762147
pq,1.01,C12,C12N,8.522272059926763
ex,1.02,G01,G01J,8.526311333058402
cq,1.06,G07,G07D,8.52632855065167
ro,1.07,B05,B05B,8.530312094837427
hb,5.03,C07,C07D,8.53131767641753
ne,3.03,H03,H03M,8.533981576561928
ui,1.03,H03,H03F,8.536167614161968
uy,1.04,G06,G06K,8.539139854256064
dm,3.02,H04,H04R,8.540151529014111
rt,3.02,G07,G07F,8.542701790109277
ac,2.02,B66,B66F,8.544166795909405
py,3.02,B65,B65B,8.545125628355891
ne,3.03,H03,H03L,8.549206376075745
hl,3.03,A61,A61M,8.549233177676797
jb,5.07,G03,G03F,8.550595246255398
zc,4.03,A01,A01J,8.550925977528095
mm,6.01,A61,A61N,8.552548976615071
gu,1.06,G03,G03F,8.553387687541544
if,2.11,F16,F16D,8.556349227204919
tu,3.01,C10,C10L,8.559063961380161
oz,6.02,G02,G02F,8.559523843228817
qg,2.05,C10,C10M,8.559874679893255
ia,3.02,A23,A23G,8.56142477504909
pu,2.03,F15,F15D,8.571440028725192
ve,3.02,H04,H04B,8.572132581844926
ya,3.02,C08,C08J,8.575040930649266
qf,9,C25,C25D,8.576827705139294
pa,6.02,H02,H02P,8.583333343267441
cq,1.06,C05,C05F,8.584771847352386
pu,2.03,F02,F02B,8.586111133918166
bv,5.01,C07,C07D,8.589099660050124
pe,5.02,A61,A61B,8.592811702750623
ii,2.04,F01,F01D,8.593271279707551
vi,5.01,G09,G09B,8.593578051077202
uy,1.04,E04,E04D,8.595238149166107
pq,1.01,C08,C08G,8.596564654260874
qj,2.05,D01,D01G,8.600000008940697
ub,1.03,C06,C06B,8.601694563869387
pm,2.05,B82,B82B,8.602118500159122
ea,1.04,H04,H04M,8.602374760666862
iq,2.02,B21,B21D,8.604939246550202
qg,2.05,H01,H01C,8.606944520492107
ve,3.02,G02,G02B,8.607581867836416
ra,2.11,G21,G21K,8.608584741130471
eq,3.01,H04,H04N,8.608933025971055
ua,6.03,C08,C08G,8.609920661896467
pq,1.01,C08,C08L,8.610098264645785
yi,6.03,H04,H04B,8.610714368522167
oz,6.02,G09,G09B,8.611111111938953
dw,1.04,B41,B41J,8.611111171543598
ub,1.03,G21,G21G,8.611111186444759
fy,3.02,C09,C09D,8.611257737502456
jy,4.05,B02,B02B,8.612500080838799
pq,1.01,C04,C04B,8.613064967561513
ut,6.02,H04,H04M,8.613636367022991
pq,1.01,A01,A01N,8.617893214337528
pm,2.05,F21,F21K,8.618066030321643
bq,6.05,C09,C09D,8.619047649204731
wc,3.03,G02,G02C,8.619080062955618
ry,2.03,E21,E21B,8.621990932151675
sy,1.03,B41,B41C,8.622222255915403
nu,5.08,A23,A23B,8.625000014901161
qe,2.09,C07,C07C,8.625257660867646
ya,3.02,H05,H05K,8.625627852976322
pa,6.02,A01,A01N,8.62610621470958
pm,2.05,F16,F16B,8.626984188333154
uy,1.04,A01,A01G,8.628373082727194
ub,1.03,G21,G21F,8.632387097924948
oa,2.11,B60,B60T,8.632407464087009
om,5.05,H04,H04B,8.633380569517612
yr,2.01,H02,H02J,8.635402945801616
pk,2.05,G01,G01R,8.636852933093905
aa,1.03,H04,H04J,8.637214440386742
le,1.05,H01,H01L,8.639592889230698
fi,1.04,G01,G01R,8.641075738705695
ja,1.05,E03,E03F,8.644444484263659
wc,3.03,G06,G06T,8.645778068108484
ui,1.03,G01,G01D,8.646528751589358
db,2.08,C07,C07J,8.64706035098061
mm,6.01,C08,C08G,8.648057577200234
tu,3.01,H05,H05B,8.648681215010583
cu,1.06,H01,H01J,8.650249064201489
le,1.05,C07,C07C,8.654216314200312
pa,6.02,H01,H01M,8.655140599235892
ni,3.01,H04,H04M,8.65824795467779
yo,3.01,C12,C12M,8.658806745428592
et,1.02,H02,H02K,8.658935390412807
km,1.06,G06,G06N,8.659475385444239
js,6.04,G10,G10L,8.660714317113161
zr,1.05,A01,A01G,8.661339645739645
iq,2.02,B29,B29B,8.661367641761899
dm,3.02,C08,C08L,8.662936951499432
tu,3.01,G06,G06N,8.665692672366276
bf,5.04,H01,H01L,8.666090014856309
gy,5.02,B60,B60R,8.66666667163372
rp,6.04,B41,B41J,8.66666667163372
oz,6.02,E04,E04B,8.666666686534882
ue,2.11,C07,C07C,8.66686665918678
dx,3.01,B01,B01D,8.668979759560898
eu,2.02,A63,A63F,8.670436583459377
bq,6.05,C08,C08G,8.671897325664759
jy,4.05,B02,B02C,8.673611149191856
dm,3.02,A23,A23G,8.675218597520143
pn,1.01,C04,C04B,8.676672235596925
ga,3.02,B82,B82Y,8.679363441187888
ac,2.02,G03,G03B,8.679872969631106
mq,6.01,H01,H01L,8.686467343941331
iu,2.03,C30,C30B,8.686758703785017
ei,1.04,H02,H02J,8.689121715025976
ha,5.03,C08,C08F,8.690476208925247
uk,1.03,G01,G01F,8.693127398379147
ja,1.05,F01,F01N,8.693348124623299
jy,4.05,D21,D21C,8.694282162003219
hq,1.04,C11,C11D,8.694910021498799
ac,2.02,G01,G01Q,8.699171311454847
ua,6.03,G10,G10L,8.699242448434234
rb,2.02,A61,A61M,8.699409850174561
qh,2.05,F03,F03D,8.700000002980232
dy,1.04,G01,G01T,8.703597380546853
ix,2.07,G06,G06F,8.704357575625181
ij,2.11,H01,H01M,8.704609273001552
yo,3.01,A24,A24B,8.706119697773829
pj,2.05,C13,C13K,8.707148162648082
pc,5.02,G01,G01N,8.707314814324491
ro,1.07,D04,D04H,8.708462808281183
pz,2.05,E04,E04C,8.709259292110801
ij,2.11,H02,H02H,8.712500028312206
if,2.11,G03,G03B,8.712571243755519
ac,2.02,A61,A61H,8.712671670597047
pm,2.05,B30,B30B,8.7127525806427
db,2.08,C25,C25B,8.715739218285307
ig,2.06,G03,G03F,8.716499185422435
ew,1.02,A45,A45D,8.718290640041232
pz,2.05,H05,H05H,8.719146886840463
db,2.08,C05,C05G,8.720267096534371
oy,9,A61,A61F,8.720854294486344
zm,1.06,C09,C09K,8.721312427893281
ne,3.03,B65,B65G,8.722222223877907
ew,1.02,C08,C08G,8.723011219408363
yr,2.01,A61,A61N,8.723692996427417
ew,1.02,C09,C09D,8.724367244169116
si,1.05,A61,A61K,8.727213250938803
rx,3.02,A61,A61M,8.728869649581611
zd,9,C07,C07F,8.729169544065371
rb,2.02,A47,A47L,8.730608585989103
mm,6.01,B64,B64C,8.731250021606684
ut,6.02,C07,C07D,8.733793642371893
if,2.11,B60,B60T,8.734523821622133
bp,6.04,H05,H05B,8.738095261156559
oa,2.11,B60,B60G,8.740855892188847
um,3.01,A23,A23K,8.741131978109479
ae,4.05,G06,G06F,8.741883221082389
ew,1.02,B01,B01J,8.746206409996375
fi,1.04,A01,A01N,8.746892311028205
rq,1.06,C07,C07D,8.749295995337889
uy,1.04,B42,B42D,8.749422854743898
bq,6.05,A63,A63H,8.75
ee,1.04,B01,B01L,8.751403646660037
rt,3.02,A61,A61Q,8.754522607196122
et,1.02,C22,C22B,8.755357157438993
gy,5.02,B32,B32B,8.755555588752031
ro,1.07,B64,B64D,8.757873393595219
ik,2.11,A61,A61F,8.758958061458543
cq,1.06,A23,A23F,8.759000596124679
am,4.01,C13,C13B,8.763475922867656
mm,6.01,B60,B60R,8.766666702926159
oa,2.11,F41,F41G,8.767065866850317
pq,1.01,H02,H02M,8.76764521189034
za,3.02,C07,C07J,8.768106281291693
ig,2.06,H04,H04M,8.774997705593705
bq,6.05,G05,G05B,8.776017989963293
qu,1.06,C10,C10G,8.77787874918431
ku,5.07,A01,A01N,8.777955690398812
oz,6.02,H02,H02M,8.78571429848671
aa,1.03,G02,G02F,8.786196060478687
di,5.02,G09,G09B,8.787109481170774
ma,3.02,G02,G02B,8.787828958593309
oa,2.11,B23,B23Q,8.787878818809986
hq,1.04,H01,H01S,8.788520777830854
pu,2.03,C07,C07C,8.79049904528074
oz,6.02,H01,H01M,8.794480558484793
oa,2.11,A63,A63B,8.795561889186502
yr,2.01,G01,G01N,8.796073951059952
ry,2.03,H03,H03F,8.796336125582457
js,6.04,B29,B29C,8.80000001937151
dy,1.04,C08,C08H,8.800091046374291
ei,1.04,H05,H05H,8.801077502314001
ex,1.02,G01,G01M,8.803931364323944
xq,2.11,C22,C22C,8.808333348482847
iu,2.03,F01,F01B,8.809027882292867
ki,3.02,A01,A01H,8.809791250154376
qg,2.05,H02,H02J,8.81216838164255
bk,6.04,G11,G11C,8.81218408793211
pz,2.05,C25,C25F,8.816578522324562
za,3.02,G01,G01S,8.817429449409246
up,1.03,G06,G06Q,8.817989468574524
ox,6.02,H01,H01L,8.819157738238573
vs,5.01,A61,A61B,8.819186161272228
ro,1.07,F41,F41B,8.821428574621677
ui,1.03,F21,F21V,8.821789129637182
ik,2.11,G02,G02F,8.823667454533279
ij,2.11,A61,A61M,8.823737362050451
ry,2.03,G06,G06K,8.82375535229221
zd,9,G11,G11B,8.825418690219522
ai,2.03,B63,B63B,8.827705640345812
ig,2.06,A63,A63F,8.832909081364051
uu,5.06,G09,G09G,8.833333343267441
pm,2.05,E06,E06B,8.834722311235964
pk,2.05,B22,B22D,8.835569425020367
ac,2.02,B81,B81B,8.836054258514196
js,6.04,C12,C12N,8.836288798600435
pi,1.06,H04,H04N,8.837103214114904
dw,1.04,D01,D01F,8.837294647237286
ae,4.05,C11,C11C,8.838668309152126
ii,2.04,F16,F16H,8.840792673639953
jy,4.05,C10,C10G,8.842476383084431
ai,2.03,G08,G08B,8.844332605134696
uf,1.03,A61,A61N,8.850324582308531
ne,3.03,B24,B24B,8.851874466985464
co,1.06,B29,B29C,8.85254265437834
oi,3.02,A61,A61B,8.853803837671876
uh,1.03,A61,A61N,8.855041931150481
ro,1.07,G01,G01G,8.862148031592369
ex,1.02,B82,B82Y,8.862555063096806
ry,2.03,G01,G01B,8.862983215600252
ei,1.04,G06,G06T,8.863544934196398
oz,6.02,H02,H02J,8.863636389374733
ah,4.01,C07,C07H,8.866048689233139
ro,1.07,F16,F16C,8.866477303206921
oz,6.02,B32,B32B,8.866666708141565
bp,6.04,A61,A61Q,8.869780242443085
yq,5.07,F01,F01L,8.875
iq,2.02,F21,F21K,8.87520941440016
oa,2.11,B03,B03C,8.878368224250153
ui,1.03,F16,F16F,8.879609325900674
id,2.07,F23,F23L,8.881944481283426
gu,1.06,H05,H05K,8.884523902088404
if,2.11,F16,F16K,8.891810714267194
ik,2.11,H01,H01H,8.893651021644473
hf,6.03,H04,H04W,8.894444478675723
wu,5.04,E21,E21B,8.896867759525776
ro,1.07,A24,A24B,8.897384025156498
ae,4.05,A23,A23L,8.89928178768605
su,3.02,A01,A01K,8.902257327921689
ea,1.04,G21,G21F,8.903870668262243
uu,5.06,H01,H01R,8.904761932790279
ii,2.04,H04,H04B,8.907117397058755
zc,4.03,G01,G01R,8.907633085735142
mc,1.06,H04,H04W,8.908972110250033
eq,3.01,G01,G01N,8.910111446632072
dt,2.03,H04,H04L,8.911542834714055
uy,1.04,H01,H01R,8.914682600647211
da,1.06,C08,C08B,8.91494104010053
km,1.06,C04,C04B,8.916000789729878
nu,5.08,H02,H02K,8.91666667163372
pu,2.03,F04,F04B,8.919680749299005
dy,1.04,B29,B29D,8.921085939975455
ry,2.03,C02,C02F,8.924154760781676
ya,3.02,G01,G01B,8.926891709677875
et,1.02,H04,H04K,8.927142769098282
py,3.02,A23,A23D,8.927321714349091
ik,2.11,G01,G01L,8.928501531481743
ns,2.01,F04,F04B,8.928534402046353
ne,3.03,G16,G16H,8.934118241071701
ac,2.02,H03,H03L,8.936026571784168
bi,6.01,H01,H01L,8.936739975586534
yi,6.03,C07,C07C,8.937380157411098
uy,1.04,A62,A62D,8.93753578606993
fy,3.02,G07,G07F,8.938095279037952
qc,6.02,C07,C07D,8.938742874190211
wu,5.04,G02,G02B,8.939698085188866
qf,9,B01,B01J,8.940881351707503
oa,2.11,C08,C08L,8.941446578362957
im,2.01,E21,E21D,8.94318185094744
pu,2.03,B62,B62D,8.943254004698247
ro,1.07,A23,A23C,8.945335108786821
bp,6.04,H01,H01Q,8.946256045252085
pm,2.05,B41,B41C,8.946924738585949
kv,1.05,G01,G01C,8.947665243409574
eu,2.02,G01,G01N,8.948294493369758
ja,1.05,H05,H05K,8.949150835862383
oa,2.11,H01,H01C,8.949168061371893
uk,1.03,B08,B08B,8.950376990949735
iq,2.02,B60,B60M,8.958333384245634
dt,2.03,F23,F23D,8.961111165583134
iq,2.02,C01,C01G,8.961994497105479
ew,1.02,H03,H03L,8.96366942115128
ne,3.03,H01,H01H,8.964389250148088
pq,1.01,B41,B41J,8.967857167124748
oz,6.02,B23,B23K,8.972222242504358
pc,5.02,G09,G09G,8.976428611204028
et,1.02,G01,G01B,8.978623691946268
zc,4.03,C12,C12P,8.978979745297693
dr,1.06,B01,B01J,8.979832971934229
iq,2.02,B67,B67D,8.980158761143684
le,1.05,G01,G01W,8.98163945460692
cn,5.01,A01,A01K,8.982562385965139
dy,1.04,F16,F16L,8.982870455831289
ot,6.02,H05,H05B,8.984848596155643
dr,1.06,G11,G11B,8.985155392903835
ns,2.01,H03,H03M,8.985982684767805
ua,6.03,G11,G11B,8.987150384113193
ii,2.04,C25,C25C,8.995028745383024
nq,5.01,B62,B62D,8.998397620394826
qq,1.05,A01,A01G,8.998503079172224
ro,1.07,B63,B63B,8.999145321547985
dm,3.02,C02,C02F,8.999675373546779
bq,6.05,E21,E21C,9
qc,6.02,G02,G02B,9.000000029802322
oz,6.02,B60,B60T,9.000000029802322
iu,2.03,F25,F25D,9.000845097005367
ma,3.02,B01,B01J,9.003449861425906
dy,1.04,A23,A23D,9.003545111045241
ii,2.04,G21,G21F,9.004105670377612
pn,1.01,G09,G09G,9.005045782309026
uy,1.04,C22,C22B,9.009400095324963
bq,6.05,G09,G09B,9.009873239323497
eu,2.02,H05,H05B,9.01233771443367
bq,6.05,B32,B32B,9.013888917863369
nn,3.03,A63,A63F,9.015056078555062
py,3.02,A47,A47G,9.016129031777382
ro,1.07,B41,B41N,9.016472922638059
pq,1.01,A61,A61M,9.017855422571301
dy,1.04,F26,F26B,9.023082092404366
af,4.05,G06,G06F,9.023614233359694
uf,1.03,H04,H04W,9.025481032207608
xq,2.11,H04,H04B,9.028559997677803
pc,5.02,A61,A61M,9.030310518108308
xe,4.01,B09,B09C,9.033644007984549
bi,6.01,A61,A61K,9.036348992958665
mq,6.01,A61,A61N,9.039983771275729
pw,2.06,G06,G06K,9.040556264691986
pz,2.05,H02,H02M,9.040654589422047
qg,2.05,B23,B23P,9.043864533305168
wm,5.04,G07,G07F,9.043981539085507
ui,1.03,H02,H02M,9.047727312892675
db,2.08,C12,C12H,9.051352494279854
ja,1.05,H01,H01R,9.057181290350854
iy,1.06,A61,A61Q,9.058342598378658
tu,3.01,H01,H01J,9.059891402488574
mm,6.01,A61,A61Q,9.060256447643042
ns,2.01,G01,G01K,9.060309538268484
ii,2.04,C08,C08H,9.060618784744292
qa,3.01,B01,B01L,9.061532630759757
dy,1.04,C25,C25C,9.063484256155789
ra,2.11,G11,G11B,9.063838772475719
rp,6.04,C09,C09K,9.066666692495346
ew,1.02,H03,H03F,9.067425943678245
de,1.06,A61,A61M,9.069108157185838
iu,2.03,H01,H01B,9.069954191800207
pm,2.05,B41,B41F,9.070899583399296
pu,2.03,G01,G01K,9.072505273157731
rt,3.02,B01,B01J,9.072681302670389
az,3.02,C12,C12N,9.073871076805517
pn,1.01,C07,C07K,9.076879464788362
gy,5.02,B29,B29C,9.077976239845157
jb,5.07,A61,A61K,9.079968825448304
ub,1.03,F03,F03G,9.083824555622414
eu,2.02,A61,A61K,9.084696474368684
ui,1.03,A63,A63F,9.088787282817066
ec,1.04,G02,G02F,9.091115549206734
pk,2.05,C08,C08F,9.092375967651606
ya,3.02,G16,G16H,9.093324657529593
id,2.07,G01,G01B,9.094347084639594
ad,4.02,C02,C02F,9.095716794021428
gc,1.05,C01,C01B,9.097154576331377
et,1.02,C09,C09C,9.101363683119416
ji,5.01,G06,G06N,9.101656595710665
ea,1.04,C09,C09J,9.102366152685136
pm,2.05,B26,B26B,9.106996816582978
if,2.11,H04,H04Q,9.110445420723408
ka,4.01,C12,C12N,9.112091977731325
re,1.05,G06,G06F,9.113928681239486
ro,1.07,D21,D21C,9.12045562453568
et,1.02,A01,A01K,9.120606885757297
sr,2.07,G06,G06N,9.124336181208491
dy,1.04,F17,F17C,9.126313524087891
ua,6.03,G02,G02B,9.128581119701266
uk,1.03,G01,G01D,9.130550048314035
cl,9,A61,A61K,9.133255348773673
if,2.11,C09,C09K,9.135478472337127
pm,2.05,A41,A41D,9.138888947665691
hi,5.01,G06,G06Q,9.142552209552377
li,3.02,G06,G06Q,9.144596773199737
ry,2.03,F25,F25B,9.148492626845837
pu,2.03,C22,C22C,9.149038394447416
ai,2.03,H01,H01S,9.152657781727612
sy,1.03,B64,B64D,9.15340918302536
ik,2.11,H02,H02M,9.153681326191872
rt,3.02,G05,G05B,9.155700210481882
ih,2.07,C05,C05F,9.15691857226193
im,2.01,G01,G01R,9.159545363392681
cq,1.06,B09,B09C,9.162019161507487
di,5.02,A61,A61F,9.163274034392089
uk,1.03,H04,H04W,9.163440194912255
if,2.11,A61,A61L,9.164939481299371
vy,3.02,G03,G03F,9.165129363536835
gy,5.02,F16,F16H,9.16666667163372
pa,6.02,G01,G01D,9.166666686534882
vm,5.06,G07,G07F,9.166666686534882
bf,5.04,A61,A61B,9.1728948764503
sy,1.03,B25,B25J,9.17497709300369
qh,2.05,B29,B29D,9.178027023561299
qa,3.01,G02,G02B,9.181032458087429
py,3.02,G01,G01S,9.182737609371543
ky,1.05,C09,C09K,9.18335657287389
mm,6.01,H03,H03K,9.183646984398365
za,3.02,H04,H04M,9.184145078063011
wh,3.02,C07,C07C,9.184612044366077
ew,1.02,A63,A63H,9.186141709797084
pz,2.05,B24,B24C,9.187500030733645
dt,2.03,F17,F17C,9.190277811139822
bu,1.03,C07,C07D,9.190586056327447
ep,1.02,B41,B41J,9.192288595251739
pj,2.05,G05,G05B,9.194210138171911
ij,2.11,C09,C09K,9.195494666695595
iu,2.03,F21,F21V,9.195551154203713
ka,4.01,C09,C09K,9.197147598490119
jb,5.07,H04,H04N,9.200307057239115
um,3.01,C12,C12M,9.201448943000287
un,1.03,G21,G21K,9.205047569237649
pm,2.05,F17,F17C,9.205980865284801
pu,2.03,H02,H02N,9.206748258788139
py,3.02,C08,C08L,9.207111829891801
ra,2.11,G01,G01J,9.209134561242536
vy,3.02,G06,G06N,9.211609848076478
ub,1.03,C23,C23G,9.214982334990054
wy,5.04,G06,G06Q,9.21725594624877
ka,4.01,A61,A61B,9.220886571798474
sy,1.03,H04,H04K,9.222440242767334
vi,5.01,G01,G01N,9.225522585096769
ii,2.04,C13,C13B,9.226548943668604
iu,2.03,H01,H01Q,9.229611291317269
qh,2.05,C09,C09K,9.235488307662308
io,2.07,G01,G01N,9.236600155476481
ec,1.04,B22,B22F,9.237369849346578
ih,2.07,F01,F01D,9.237500015646219
le,1.05,G01,G01R,9.239193327259272
pz,2.05,B30,B30B,9.239899020642042
pk,2.05,A61,A61N,9.248374816030264
hq,1.04,G01,G01L,9.249699245207012
ro,1.07,B65,B65G,9.251028143800795
wu,5.04,H01,H01M,9.251090755686164
gy,5.02,C08,C08G,9.251587381586432
tu,3.01,D06,D06M,9.2522436180152
pq,1.01,G03,G03F,9.252325862646103
ve,3.02,G11,G11B,9.252439050003886
qf,9,C08,C08K,9.253345496021211
ya,3.02,G11,G11B,9.254386203363538
oi,3.02,A61,A61N,9.255889904685318
ea,1.04,A23,A23J,9.257919408380985
xa,5.04,H04,H04W,9.258511272259057
co,1.06,C07,C07J,9.2593627164606
cq,1.06,C30,C30B,9.262177067575976
pj,2.05,G01,G01M,9.266666688024998
dw,1.04,B65,B65D,9.268491733819246
jy,4.05,C04,C04B,9.273018756881356
ih,2.07,C09,C09D,9.273747264640406
zc,4.03,A01,A01M,9.274192538112402
gu,1.06,G06,G06K,9.277603066526353
iu,2.03,F41,F41H,9.278402613475919
ii,2.04,C05,C05F,9.280416860245168
qe,2.09,B32,B32B,9.281220744363964
ue,2.11,D21,D21H,9.283333338797092
uy,1.04,C05,C05G,9.284523863345385
ik,2.11,B65,B65D,9.285795670002699
ac,2.02,F16,F16K,9.289824035950005
uf,1.03,A61,A61K,9.290747035294771
ah,4.01,C12,C12Y,9.29078451753594
ff,3.02,H04,H04L,9.291094810701907
nu,5.08,C03,C03B,9.291666701436043
ep,1.02,A47,A47L,9.291968855541199
bd,1.06,G06,G06F,9.292212366126478
ne,3.03,C08,C08L,9.2939921207726
bq,6.05,B24,B24B,9.294877357780933
tu,3.01,A24,A24B,9.297057108720765
ju,4.01,A01,A01N,9.298827453050762
ik,2.11,G01,G01D,9.299321703612804
pm,2.05,F02,F02M,9.304330558981746
ne,3.03,G06,G06N,9.308126763673499
ru,3.01,H01,H01M,9.308262346778065
pm,2.05,B65,B65H,9.308424956165254
ye,2.02,G03,G03G,9.309373823925853
rb,2.02,B23,B23Q,9.309722371399403
ip,2.07,F17,F17D,9.312500081956387
pu,2.03,G01,G01H,9.314824215136468
ve,3.02,H05,H05B,9.314913178794086
ur,1.01,E21,E21B,9.316202091053128
im,2.01,B32,B32B,9.316327711567283
sa,3.03,G09,G09B,9.317129588453099
ii,2.04,A61,A61J,9.318036215612665
ig,2.06,H05,H05K,9.318745919503272
re,1.05,A61,A61K,9.31918753287755
if,2.11,C08,C08K,9.32038841675967
ig,2.06,B23,B23K,9.321234887000173
mq,6.01,H04,H04N,9.321608528494835
ec,1.04,G21,G21F,9.322586140595376
ne,3.03,A47,A47L,9.325000211596489
ii,2.04,G07,G07F,9.325799345970154
ij,2.11,B32,B32B,9.326877914834768
ae,4.05,B01,B01D,9.328268062788993
es,2.02,A61,A61F,9.328804512275383
ew,1.02,C02,C02F,9.32903053984046
ja,1.05,A61,A61Q,9.333595293574035
ry,2.03,H01,H01F,9.333867574576288
ui,1.03,G01,G01M,9.336405402049422
id,2.07,G06,G06N,9.336624403949827
ni,3.01,A23,A23C,9.337384976446629
ac,2.02,H01,H01H,9.340112549252808
ei,1.04,F25,F25B,9.342004932696
zd,9,H04,H04B,9.348119396716356
qu,1.06,H04,H04N,9.349060946144164
dt,2.03,F02,F02D,9.349305668380111
uy,1.04,E06,E06B,9.350000087171793
vy,3.02,G10,G10L,9.351135120494291
ub,1.03,D06,D06M,9.355905801057816
qj,2.05,C09,C09K,9.356805081479251
pa,6.02,C07,C07K,9.359380146372132
ub,1.03,F03,F03H,9.361571686342359
ij,2.11,G03,G03F,9.362140344455838
jy,4.05,A61,A61M,9.367426566081122
oa,2.11,B60,B60K,9.369233652949333
ik,2.11,C25,C25D,9.370892122387886
ro,1.07,C05,C05G,9.371094666421413
yr,2.01,A61,A61F,9.371785517316312
bm,5.07,H01,H01L,9.372776462696493
ea,1.04,C11,C11C,9.37349976436235
xa,5.04,G01,G01N,9.386418141424656
tq,3.02,A01,A01K,9.386643938021734
te,1.05,G06,G06F,9.388279224745929
et,1.02,D06,D06M,9.388888899236917
sd,3.02,G06,G06T,9.391322701238096
ja,1.05,F23,F23G,9.391811031848192
ea,1.04,H05,H05K,9.396468733903021
uu,5.06,C07,C07K,9.399203901644796
hl,3.03,G01,G01N,9.405919580953196
ot,6.02,H04,H04B,9.407418409362435
ei,1.04,B82,B82B,9.408585669589229
kv,1.05,H04,H04L,9.409300510305911
mm,6.01,B32,B32B,9.412301622331142
et,1.02,E04,E04B,9.412500038743019
iq,2.02,A01,A01G,9.413166767917573
uh,1.03,D01,D01F,9.415522868046537
if,2.11,F02,F02D,9.416230979608372
db,2.08,A47,A47J,9.41640294296667
bq,6.05,H03,H03M,9.416524323634803
ac,2.02,B65,B65H,9.416666723787785
hq,1.04,B60,B60W,9.416666779667139
oy,9,H05,H05K,9.423333353362978
ea,1.04,A24,A24B,9.426164395408705
ai,2.03,A63,A63F,9.426282361149788
xq,2.11,A61,A61Q,9.426927682943642
dt,2.03,G06,G06Q,9.428319860249758
za,3.02,B01,B01J,9.428892804309726
qf,9,H04,H04L,9.4300808084663
yo,3.01,A61,A61M,9.433106028242037
ne,3.03,C11,C11D,9.435497232712805
oa,2.11,H02,H02G,9.439377313479781
dm,3.02,H01,H01M,9.441448202356696
uy,1.04,F16,F16C,9.441666699945927
pc,5.02,A61,A61N,9.442444648593664
jm,5.04,H04,H04N,9.445238145068288
dq,9,B01,B01D,9.447221368085593
il,2.07,H04,H04B,9.448859272990376
py,3.02,B60,B60R,9.450000002980232
rz,3.03,C12,C12N,9.450433714548126
de,1.06,C09,C09D,9.451778904534876
dy,1.04,B82,B82B,9.453647389658727
ik,2.11,B81,B81B,9.456632959190756
db,2.08,C08,C08K,9.460058411816135
sy,1.03,B41,B41F,9.461904874071479
ro,1.07,G01,G01F,9.461985658854246
de,1.06,A21,A21D,9.467215388198383
ex,1.02,B23,B23K,9.468777335248888
ja,1.05,A61,A61F,9.46998519054614
iq,2.02,G21,G21D,9.470535822212696
ig,2.06,D01,D01F,9.471055017085746
ew,1.02,A01,A01H,9.47203377308324
uk,1.03,C10,C10M,9.477519668638706
qg,2.05,G09,G09G,9.4794817767106
ae,4.05,C13,C13K,9.48095885803923
ea,1.04,G07,G07F,9.481631642207503
nu,5.08,B22,B22D,9.483333349227905
ii,2.04,C22,C22C,9.485011892393231
ih,2.07,C08,C08L,9.492374613881111
td,3.02,C12,C12N,9.492524056578986
dy,1.04,G05,G05B,9.493014336330816
hq,1.04,C12,C12M,9.494016262702644
uf,1.03,H01,H01T,9.494528651237488
uu,5.06,A61,A61F,9.498775063082576
id,2.07,B23,B23K,9.499317393871024
im,2.01,H04,H04B,9.499944051727653
ki,3.02,B60,B60T,9.5
py,3.02,G03,G03C,9.5
ut,6.02,G03,G03G,9.5
bk,6.04,C04,C04B,9.500000014901161
pu,2.03,F04,F04D,9.500000111758709
ig,2.06,G11,G11B,9.500829625409096
dt,2.03,C02,C02F,9.505180235020816
hq,1.04,G01,G01F,9.505799097009003
gm,3.03,A61,A61B,9.506822371389717
pq,1.01,C07,C07K,9.507469943026081
pa,6.02,C22,C22B,9.509321939200163
dy,1.04,B24,B24D,9.511181293055415
ei,1.04,A24,A24D,9.512425670865923
ei,1.04,H01,H01Q,9.512947813840583
ru,3.01,C08,C08G,9.513396797701716
uk,1.03,A61,A61M,9.514355106046423
pz,2.05,B64,B64C,9.521937511861324
bp,6.04,B29,B29C,9.527777798473835
bu,1.03,H04,H04B,9.531675121979788
we,3.02,G06,G06T,9.532415981637314
ae,4.05,B01,B01J,9.533424692228436
tm,3.01,H04,H04W,9.534943883307278
cn,5.01,A23,A23L,9.540602841647342
ja,1.05,G01,G01J,9.542118334909901
iu,2.03,B64,B64D,9.542460416443646
lq,3.03,H04,H04N,9.54307366348803
ro,1.07,G21,G21F,9.545238167047501
cu,1.06,B01,B01L,9.546777046052739
om,5.05,H01,H01R,9.547619070857763
oa,2.11,F28,F28F,9.549311505630612
ei,1.04,H02,H02N,9.551044669933617
uy,1.04,G05,G05B,9.554151386022568
ee,1.04,G11,G11C,9.555831737117842
pe,5.02,G11,G11B,9.556014462374151
ub,1.03,B44,B44C,9.560563189908862
tu,3.01,G11,G11C,9.560599383898079
et,1.02,A01,A01H,9.561596900224686
tq,3.02,A61,A61J,9.561772948130965
ye,2.02,B23,B23K,9.56261850707233
py,3.02,C09,C09K,9.562637381255627
dy,1.04,A01,A01H,9.564865140942857
ec,1.04,C09,C09C,9.567275115288794
nu,5.08,C25,C25D,9.567857179790735
sy,1.03,F16,F16F,9.568734517320991
tq,3.02,G06,G06K,9.570985456928611
ro,1.07,F03,F03G,9.571349244564772
nu,5.08,A47,A47J,9.571428574621677
ew,1.02,C04,C04B,9.574537081643939
iu,2.03,C03,C03B,9.578414836898446
ja,1.05,A23,A23L,9.579816453508101
py,3.02,B23,B23K,9.580800415948033
iq,2.02,F42,F42C,9.583333350718021
pu,2.03,B23,B23K,9.583649440202862
ro,1.07,H02,H02M,9.584862997755408
ij,2.11,G01,G01S,9.586941020097584
am,4.01,A01,A01M,9.588522288948298
di,5.02,E21,E21B,9.590629614889622
su,3.02,E21,E21B,9.597619093954563
nu,5.08,B41,B41C,9.600000001490116
pa,6.02,C04,C04B,9.603571454063058
ac,2.02,F04,F04B,9.607192843686789
am,4.01,G06,G06Q,9.608154350891709
im,2.01,G08,G08B,9.610984994098544
rp,6.04,C07,C07C,9.612813609652221
ki,3.02,H04,H04B,9.618831191211939
tu,3.01,C09,C09B,9.62096910038963
qq,1.05,H01,H01J,9.621933349873871
ea,1.04,G11,G11C,9.62526394543238
rt,3.02,C09,C09D,9.627193719148636
ns,2.01,B03,B03C,9.628812406794168
jy,4.05,C05,C05F,9.629612039774656
ru,3.01,B82,B82Y,9.629976175841875
pa,6.02,H01,H01J,9.631163882091641
bq,6.05,B01,B01J,9.634691999293864
ns,2.01,G06,G06N,9.64324462111108
ik,2.11,H01,H01B,9.645195076242089
tu,3.01,H05,H05K,9.646130988374352
ji,5.01,G10,G10L,9.646814257837832
pz,2.05,C10,C10G,9.647530373418704
db,2.08,B32,B32B,9.649165022186935
uk,1.03,C23,C23F,9.654507359722629
ru,3.01,C12,C12P,9.654672779375687
dr,1.06,H01,H01J,9.655509387608618
er,1.02,G08,G08B,9.655862591229379
es,2.02,C09,C09D,9.656039508990943
qq,1.05,G06,G06K,9.657368317712098
ai,2.03,F02,F02D,9.658333383500576
wu,5.04,G06,G06K,9.659726062789559
su,3.02,C08,C08F,9.660643052775413
uy,1.04,G11,G11C,9.664049369981512
qq,1.05,C09,C09D,9.665868025273085
wm,5.04,A61,A61B,9.666247877525166
ni,3.01,A63,A63B,9.66666679084301
ee,1.04,B05,B05D,9.667643288848922
iu,2.03,G08,G08G,9.667789204511791
nn,3.03,C07,C07C,9.668593837646767
ro,1.07,F01,F01N,9.669074881821871
ro,1.07,C23,C23F,9.669731236994267
ac,2.02,H02,H02H,9.675519368611276
ip,2.07,C02,C02F,9.677350150421262
pu,2.03,F02,F02K,9.678869139403105
ii,2.04,H01,H01P,9.693055687472224
ki,3.02,A61,A61J,9.702075455570593
ae,4.05,H01,H01L,9.70238097384572
za,3.02,C23,C23C,9.703333355486393
pa,6.02,H01,H01R,9.703968279063702
tq,3.02,C07,C07C,9.704385096440092
wy,5.04,H04,H04L,9.704463681206107
xq,2.11,C07,C07H,9.707684187684208
ue,2.11,H01,H01S,9.708449425408617
sy,1.03,B08,B08B,9.708572711795568
ii,2.04,H02,H02J,9.708617417141795
im,2.01,C11,C11D,9.713319096714258
dy,1.04,A23,A23B,9.717658845707774
nu,5.08,D06,D06M,9.718055572360754
yg,6.04,H01,H01L,9.719162860885262
iu,2.03,G02,G02F,9.72012276481837
dq,9,A23,A23L,9.724786390550435
ae,4.05,G06,G06Q,9.727351240813732
et,1.02,F16,F16D,9.728571450337768
il,2.07,G01,G01V,9.732636087574065
pu,2.03,B63,B63B,9.734382325783372
ry,2.03,C07,C07B,9.739319595973939
ih,2.07,C07,C07D,9.74509059661068
pk,2.05,F27,F27D,9.750000059604645
qj,2.05,H04,H04L,9.750132402405143
ex,1.02,H01,H01J,9.75128233875148
ki,3.02,A01,A01K,9.751441374886781
xq,2.11,G01,G01C,9.752196600427851
rt,3.02,C07,C07H,9.752555325627327
ve,3.02,H04,H04M,9.754320099949837
oi,3.02,H04,H04L,9.754651840776205
hq,1.04,G06,G06Q,9.756376059725881
pz,2.05,C08,C08K,9.757800740655512
bk,6.04,G01,G01R,9.757905995473266
dm,3.02,G11,G11C,9.761482995003462
ui,1.03,G01,G01K,9.76438342127949
ep,1.02,B60,B60L,9.764875975437462
uf,1.03,G01,G01V,9.768687634728849
ui,1.03,C07,C07K,9.771529893390834
op,3.03,G01,G01J,9.771969851106405
ii,2.04,G01,G01K,9.77356073865667
zm,1.06,C23,C23C,9.773809533566236
su,3.02,B29,B29D,9.777083437889814
aq,3.02,A61,A61Q,9.777237941976637
da,1.06,H04,H04L,9.777774580521509
uy,1.04,G01,G01L,9.778368509141728
dr,1.06,C08,C08B,9.780264619505033
pz,2.05,A01,A01N,9.782660895958543
ni,3.01,C07,C07J,9.784782787086442
im,2.01,G05,G05D,9.787093814462423
dq,9,A01,A01K,9.789047956292052
tq,3.02,A61,A61L,9.792300716042519
ai,2.03,G01,G01W,9.800093388184905
if,2.11,H01,H01R,9.801847497932613
qg,2.05,G01,G01K,9.802543975878507
ja,1.05,G01,G01R,9.803025418892503
tc,3.02,C07,C07D,9.803056959412061
mm,6.01,A01,A01N,9.805101586040109
id,2.07,C10,C10K,9.80637267883867
hq,1.04,H05,H05B,9.806932710111141
ev,1.02,G03,G03F,9.807042837375775
zd,9,G01,G01V,9.809659115970135
ne,3.03,B60,B60W,9.810714334249496
gc,1.05,C07,C07C,9.818811358883977
ee,1.04,H04,H04N,9.81942430511117
ad,4.02,A61,A61D,9.821168630383909
dx,3.01,C08,C08J,9.821460015838966
ye,2.02,G01,G01H,9.826920862775296
ah,4.01,A01,A01G,9.828150095883757
uf,1.03,H01,H01M,9.829425137490034
ns,2.01,G21,G21K,9.832064280053601
js,6.04,F41,F41G,9.833333343267441
pa,6.02,H02,H02K,9.833333343267441
up,1.03,H04,H04L,9.83471866324544
pq,1.01,B01,B01D,9.835048120468855
ij,2.11,C08,C08L,9.837546023540199
ro,1.07,F16,F16H,9.838728174567223
jy,4.05,G01,G01R,9.842006939230487
dm,3.02,C11,C11D,9.846267966553569
pm,2.05,F01,F01L,9.850000023841858
dy,1.04,G01,G01S,9.850995321758091
ee,1.04,A61,A61F,9.852556261699647
py,3.02,A21,A21D,9.854146657511592
wu,5.04,G09,G09G,9.855952423065901
da,1.06,C09,C09K,9.856561958556995
nu,5.08,G08,G08G,9.859733492136002
ij,2.11,H03,H03H,9.862171314656734
ub,1.03,G01,G01G,9.865871731890365
eu,2.02,H04,H04J,9.870761244557798
fi,1.04,C01,C01G,9.872528057079762
ei,1.04,F02,F02D,9.873148269020021
yq,5.07,G06,G06K,9.874483222141862
gy,5.02,A61,A61N,9.875846323557198
ew,1.02,H02,H02P,9.878837313503027
ik,2.11,E21,E21B,9.883142221253365
pz,2.05,G06,G06T,9.884127288125455
ha,5.03,H02,H02M,9.884523876011372
om,5.05,G03,G03F,9.885438634082675
ai,2.03,C04,C04B,9.893599621718749
ij,2.11,C22,C22C,9.893999292515218
et,1.02,C09,C09B,9.895570911467075
pm,2.05,C12,C12P,9.896855839528143
vy,3.02,G05,G05B,9.900928567629308
sa,3.03,A61,A61L,9.901127105113119
iq,2.02,F21,F21S,9.902777834795415
cq,1.06,B65,B65D,9.905276162084192
pu,2.03,A61,A61M,9.906172790331766
nu,5.08,G01,G01V,9.906209338456392
pz,2.05,G11,G11C,9.906421915162355
ai,2.03,C07,C07C,9.906669167801738
vy,3.02,G09,G09G,9.907478999346495
sa,3.03,C07,C07J,9.909179267007858
pz,2.05,F28,F28F,9.909427464008331
oy,9,F21,F21V,9.911111198365688
pu,2.03,H04,H04R,9.91404994064942
oa,2.11,H01,H01B,9.916558020748198
ns,2.01,G05,G05B,9.917513696709648
yr,2.01,F02,F02D,9.922870129346848
gc,1.05,G01,G01C,9.925098914187402
ro,1.07,H04,H04J,9.927172581665218
im,2.01,E01,E01F,9.927536271512508
cq,1.06,B03,B03C,9.927905950229615
ei,1.04,C25,C25C,9.93300557974726
km,1.06,G01,G01R,9.936816024128348
ex,1.02,A63,A63B,9.938398940255865
qh,2.05,D01,D01F,9.939006642438471
ji,5.01,B60,B60R,9.940277948975563
qg,2.05,H01,H01F,9.943274981575087
ii,2.04,G01,G01B,9.944429158698767
pa,6.02,B65,B65D,9.944444455206394
rt,3.02,B32,B32B,9.946825420483947
ya,3.02,C12,C12M,9.947462651878595
rp,6.04,C04,C04B,9.950000002980232
ui,1.03,G03,G03C,9.950000017881393
ro,1.07,H03,H03F,9.952042351476848
qa,3.01,A23,A23C,9.952352842316031
aa,1.03,H03,H03B,9.955056814476848
oa,2.11,F01,F01D,9.957539789378643
ns,2.01,C08,C08L,9.957894550170749
ui,1.03,B05,B05D,9.96599740954116
op,3.03,C07,C07K,9.967349011916667
km,1.06,G03,G03G,9.969729377888143
ei,1.04,F02,F02M,9.970535876229405
bi,6.01,A61,A61B,9.971509012859315
ub,1.03,H03,H03G,9.972176681272686
iy,1.06,H04,H04L,9.973560594022274
vx,5.01,G11,G11C,9.979808204807341
cl,9,E21,E21B,9.980806268751621
hq,1.04,G01,G01B,9.981783565017395
ru,3.01,H05,H05B,9.982761188410223
py,3.02,B01,B01L,9.984758757054806
un,1.03,B01,B01D,9.986156306928024
pn,1.01,G07,G07F,9.988330891355872
zr,1.05,C12,C12Q,9.990228272974491
dr,1.06,C09,C09B,9.993597307242453
ih,2.07,C01,C01G,9.995409535709769
es,2.02,B41,B41M,9.995833397144452
es,2.02,G01,G01M,9.996675971895456
pj,2.05,H04,H04N,9.997010692022741
ja,1.05,C25,C25B,9.997646908275783
oo,3.03,G06,G06F,9.998461878392845
pn,1.01,G11,G11C,9.99929457064718
rp,6.04,H02,H02G,10
ro,1.07,F25,F25J,10
ia,3.02,G01,G01R,10.00055947806686
bp,6.04,A61,A61F,10.00131579115987
oa,2.11,C25,C25D,10.00314581487328
oz,6.02,A61,A61F,10.00579861178994
gy,5.02,C07,C07K,10.00600346957799
hq,1.04,A61,A61F,10.00731610227376
rp,6.04,G11,G11C,10.0119564589113
vx,5.01,H04,H04W,10.01336647477001
fs,6.04,C07,C07D,10.01384992338717
ya,3.02,F04,F04B,10.01428601890802
ja,1.05,A01,A01H,10.01874916767702
yy,5.07,H04,H04N,10.02301150560379
iu,2.03,B05,B05D,10.02317133406177
ac,2.02,B23,B23Q,10.02361122146249
uk,1.03,H01,H01R,10.02769471146166
ye,2.02,B29,B29C,10.02825152175501
if,2.11,C01,C01B,10.02945424895734
ro,1.07,F28,F28F,10.03194593638182
rz,3.03,H05,H05B,10.03333340585232
gu,1.06,C07,C07H,10.03378890175372
pu,2.03,B05,B05B,10.03501128591597
ei,1.04,C12,C12M,10.0351655826671
iy,1.06,G06,G06Q,10.03530378639698
qj,2.05,C08,C08K,10.03657945711166
cu,1.06,C12,C12Y,10.03836960298941
pm,2.05,C25,C25F,10.03876067488454
dy,1.04,G21,G21G,10.04067379981279
py,3.02,G08,G08B,10.04425104800612
pm,2.05,A62,A62D,10.04626510711387
pc,5.02,E21,E21B,10.04933070670813
hq,1.04,B23,B23H,10.04941545985639
gy,5.02,C07,C07C,10.05292351660319
pn,1.01,H04,H04Q,10.0529457340017
am,4.01,C02,C02F,10.05496311606839
py,3.02,H01,H01R,10.05555555596948
iq,2.02,F17,F17C,10.05636563524604
da,1.06,C02,C02F,10.05898233712651
tu,3.01,A01,A01H,10.06103316473309
ni,3.01,A23,A23G,10.06125221727416
td,3.02,C12,C12Q,10.06623689178377
dx,3.01,C12,C12R,10.06985490745865
ei,1.04,F17,F17C,10.07427599909715
dw,1.04,E21,E21B,10.07742822449654
oa,2.11,H04,H04H,10.07982539851218
xy,1.01,G10,G10L,10.08125879149884
fa,2.01,B07,B07B,10.08333333581686
ne,3.03,G09,G09F,10.08333338797092
bq,6.05,G01,G01S,10.08599140681326
id,2.07,F23,F23J,10.08630964159966
jb,5.07,H01,H01L,10.08709718775935
dt,2.03,F23,F23R,10.0873738527298
dk,5.02,H04,H04M,10.08864945545793
qf,9,A61,A61K,10.09189218305983
ro,1.07,C07,C07B,10.09319430962205
ve,3.02,A01,A01N,10.09738455852494
rz,3.03,C07,C07D,10.09815718745813
zm,1.06,A61,A61L,10.09884956281167
wc,3.03,G01,G01N,10.09978965786286
pq,1.01,A61,A61Q,10.10000003129244
pu,2.03,B24,B24B,10.10183336399496
et,1.02,B25,B25J,10.10266358382069
pn,1.01,G01,G01B,10.10563578316942
bk,6.04,A01,A01N,10.10696571832523
ia,3.02,G02,G02B,10.10798255540431
mm,6.01,G02,G02F,10.11111114174128
qh,2.05,H05,H05K,10.11174250859767
sy,1.03,C02,C02F,10.11214900761843
ub,1.03,B60,B60R,10.1130585744977
yi,6.03,A01,A01N,10.11384921567515
pu,2.03,F02,F02C,10.11468260828406
oa,2.11,F25,F25B,10.11485759378411
dq,9,C08,C08L,10.11944278888404
cq,1.06,C13,C13K,10.12154321046546
pk,2.05,G01,G01L,10.12551177036949
iu,2.03,B03,B03C,10.12950879056007
bp,6.04,B32,B32B,10.13055555894971
dw,1.04,C25,C25B,10.13550583855249
id,2.07,B29,B29C,10.14097725600004
et,1.02,D01,D01F,10.14285716414452
ij,2.11,G07,G07F,10.14555694162846
ei,1.04,C07,C07J,10.14575205789879
cu,1.06,C12,C12M,10.14590655593202
ac,2.02,A61,A61N,10.1476311624283
wc,3.03,G10,G10L,10.15252580586821
uh,1.03,A01,A01N,10.15269025601447
ue,2.11,H04,H04S,10.15554302022792
dq,9,H01,H01M,10.15780933061615
om,5.05,C07,C07D,10.15801533870399
tc,3.02,H04,H04N,10.15878783259541
et,1.02,B65,B65D,10.16250006109476
tu,3.01,C08,C08K,10.16336198057979
py,3.02,A63,A63F,10.164099015994
dq,9,H01,H01G,10.16474603838287
ve,3.02,B02,B02C,10.16666668653488
ju,4.01,C12,C12Q,10.16760957962833
gu,1.06,G06,G06T,10.17026225989684
co,1.06,E21,E21B,10.17310067359358
ns,2.01,G01,G01P,10.17431580158882
et,1.02,A23,A23C,10.18123125657439
vj,5.01,G09,G09B,10.18155246949755
ui,1.03,H02,H02K,10.18185968929902
zd,9,G01,G01S,10.18852200359106
pu,2.03,A61,A61L,10.19204484042712
iu,2.03,F22,F22B,10.19336939230561
ns,2.01,D01,D01D,10.19507046916988
pq,1.01,B29,B29C,10.19722225144506
dw,1.04,C07,C07J,10.19795457762666
cl,9,G10,G10H,10.19826941005886
ns,2.01,C25,C25B,10.1996459835209
bq,6.05,G01,G01D,10.20000004768372
nu,5.08,C22,C22B,10.20189395919442
pq,1.01,G01,G01R,10.20356591558084
nu,5.08,A23,A23K,10.20609699562192
oy,9,G06,G06K,10.20811408618465
zd,9,A23,A23L,10.20947114215232
if,2.11,B03,B03C,10.20957151264884
or,5.09,A61,A61K,10.20990202925168
bq,6.05,G11,G11C,10.21401195740327
bq,6.05,C08,C08L,10.21428574621677
uf,1.03,B01,B01L,10.21709544025362
ew,1.02,H01,H01M,10.21912243287079
uu,5.06,G03,G03G,10.21919196099043
dy,1.04,G01,G01B,10.22324863879476
pu,2.03,B81,B81C,10.2237070875708
ot,6.02,A61,A61M,10.22755292989314
rb,2.02,G01,G01V,10.23295465111732
es,2.02,B29,B29C,10.23550332756713
iu,2.03,G07,G07C,10.23600309109315
qa,3.01,C12,C12Y,10.23668201616965
ga,3.02,C07,C07H,10.23794920765795
bu,1.03,H01,H01Q,10.2386633453425
ea,1.04,C30,C30B,10.23990004090592
tm,3.01,A61,A61F,10.24578050500713
dy,1.04,G21,G21C,10.24653549864888
ui,1.03,B22,B22F,10.24673774885014
sd,3.02,G09,G09B,10.249242503196
ip,2.07,C10,C10M,10.24946719524451
qu,1.06,C08,C08K,10.24969116249122
rp,6.04,H01,H01R,10.25000002980232
pu,2.03,F01,F01K,10.25125667266548
dx,3.01,H04,H04L,10.2519135386683
ee,1.04,G01,G01R,10.25316111324355
ep,1.02,B64,B64C,10.25344333332032
pk,2.05,G01,G01J,10.25395317701623
nu,5.08,A61,A61N,10.2603223179467
iq,2.02,C10,C10M,10.26146946521476
ui,1.03,C02,C02F,10.26259033801034
et,1.02,H01,H01R,10.26259586960077
ip,2.07,C08,C08F,10.26944455876946
oa,2.11,C12,C12N,10.27099503780482
tu,3.01,B65,B65B,10.27348295226693
ry,2.03,B29,B29C,10.2738340110518
ro,1.07,D06,D06M,10.28297024592757
hi,5.01,G09,G09B,10.28422138746828
qu,1.06,C09,C09D,10.284799921792
ex,1.02,H03,H03L,10.2863593082875
ui,1.03,G10,G10L,10.28729382716119
ji,5.01,H02,H02M,10.29072963772342
ro,1.07,F24,F24F,10.2913221269846
db,2.08,C09,C09B,10.29225556692109
wh,3.02,A61,A61N,10.29399405815639
fi,1.04,B01,B01D,10.29457972338423
ih,2.07,H01,H01L,10.29461507243104
gu,1.06,C23,C23C,10.29574583517388
ma,3.02,B04,B04B,10.29653471638449
fa,2.01,B28,B28B,10.30128214228898
qj,2.05,D01,D01D,10.30236117169261
km,1.06,A61,A61N,10.30458130058832
ae,4.05,D21,D21C,10.30592959839851
pi,1.06,C12,C12M,10.30699227610603
cq,1.06,C08,C08H,10.3086454491131
yo,3.01,C09,C09D,10.3104379856959
et,1.02,D21,D21H,10.31428574584424
ei,1.04,C10,C10J,10.3178897020407
zm,1.06,B01,B01D,10.32406780868769
ro,1.07,A62,A62D,10.32671215198934
ei,1.04,C01,C01C,10.3267293041572
op,3.03,G06,G06K,10.32701553311199
ig,2.06,C08,C08K,10.32996130548418
nu,5.08,F16,F16H,10.33333334326744
ju,4.01,A23,A23L,10.33513546455652
ih,2.07,F24,F24F,10.33823968004435
dw,1.04,C12,C12C,10.34003828559071
ee,1.04,C09,C09C,10.34006641246378
yr,2.01,G05,G05D,10.34239293355495
uk,1.03,F04,F04B,10.3493821285665
up,1.03,G02,G02B,10.34943421930075
qj,2.05,H01,H01L,10.35124420793727
ii,2.04,A21,A21D,10.35166302754078
qa,3.01,C08,C08B,10.35226011299528
es,2.02,G01,G01J,10.35326518304646
ry,2.03,G07,G07D,10.35780015960336
su,3.02,A61,A61Q,10.35803916398436
aq,3.02,A61,A61M,10.35879904637113
um,3.01,G02,G02B,10.35986734973267
ah,4.01,A01,A01K,10.36269648629241
uh,1.03,C08,C08K,10.36299491021782
qg,2.05,A01,A01N,10.36432565748692
ev,1.02,G07,G07F,10.36459028301761
pn,1.01,H01,H01J,10.36519654095173
vy,3.02,B29,B29C,10.36702133785002
mm,6.01,C08,C08F,10.36906359205022
ac,2.02,H05,H05K,10.36948552331887
rp,6.04,B01,B01D,10.36998283490539
ka,4.01,B27,B27N,10.37133929878473
ij,2.11,C02,C02F,10.37258846173063
ea,1.04,A23,A23F,10.37381422752514
es,2.02,G01,G01V,10.37518610525876
am,4.01,A23,A23G,10.37561402982101
uk,1.03,B41,B41M,10.37603741767816
iq,2.02,A01,A01N,10.37768570752814
iq,2.02,B63,B63B,10.38019764982164
da,1.06,C12,C12R,10.38432300789282
gc,1.05,B01,B01D,10.38479825109243
ro,1.07,B60,B60W,10.38654762133956
rz,3.03,A61,A61F,10.38845074980054
ot,6.02,G01,G01N,10.38893124926835
gu,1.06,B01,B01D,10.3906431356445
js,6.04,H04,H04B,10.39281613007188
ui,1.03,H04,H04S,10.39362032338977
dm,3.02,A01,A01H,10.39392340090126
bp,6.04,G01,G01R,10.3977869655937
ye,2.02,G06,G06G,10.40121456421912
ja,1.05,C23,C23C,10.40183407999575
ev,1.02,H01,H01Q,10.40317221451551
ik,2.11,H01,H01P,10.40422578249127
ja,1.05,C10,C10M,10.40555642312393
uu,5.06,H03,H03K,10.40580815821886
ii,2.04,B60,B60R,10.40666667744517
nu,5.08,C07,C07H,10.40903684077784
ry,2.03,B23,B23K,10.4119247822091
ru,3.01,B29,B29C,10.41562322061509
ky,1.05,G01,G01N,10.41569604584947
ne,3.03,E06,E06B,10.41666668653488
uu,5.06,F02,F02D,10.41933501791209
co,1.06,G01,G01V,10.42073473148048
hq,1.04,H04,H04W,10.42152525670826
gu,1.06,G02,G02B,10.42164356354624
un,1.03,G06,G06F,10.4274322995916
un,1.03,A61,A61B,10.42794099217281
ku,5.07,G01,G01C,10.42864690744318
qf,9,B32,B32B,10.42887725867331
ua,6.03,G03,G03G,10.42916669696569
oy,9,G01,G01N,10.43423361284658
uf,1.03,F03,F03H,10.43727441318333
ns,2.01,G01,G01C,10.44805192179047
ns,2.01,H04,H04W,10.44947059778497
qj,2.05,C08,C08J,10.44963828101754
ii,2.04,G01,G01P,10.44970915094018
uy,1.04,B24,B24D,10.45400439947844
hq,1.04,C08,C08K,10.45421164575964
hq,1.04,C10,C10G,10.45491120871156
pm,2.05,F42,F42B,10.45675625139847
ve,3.02,A23,A23L,10.45791486115195
zd,9,C08,C08B,10.45865939417854
oa,2.11,F16,F16F,10.45975142763928
pa,6.02,C12,C12N,10.46018603502307
py,3.02,B32,B32B,10.46136093698442
un,1.03,G21,G21G,10.46172070689499
es,2.02,B23,B23K,10.46302982233465
om,5.05,G06,G06T,10.46415900811553
es,2.02,C07,C07D,10.46933386474848
tu,3.01,B65,B65H,10.46944447234273
jy,4.05,G05,G05B,10.47415690449998
yi,6.03,G11,G11B,10.47424246370792
uf,1.03,B64,B64C,10.47460273467004
nu,5.08,A23,A23C,10.47554245963693
gc,1.05,H01,H01L,10.47669679066166
tu,3.01,A61,A61H,10.47791374381632
dw,1.04,G03,G03G,10.4795104349032
ia,3.02,C12,C12M,10.47973895678297
ii,2.04,H02,H02K,10.48039381625131
rb,2.02,B60,B60R,10.48464224487543
pm,2.05,A24,A24D,10.48627915931866
iu,2.03,A61,A61C,10.48667354043573
gu,1.06,A01,A01H,10.48697320860811
uq,5.07,H04,H04L,10.48842337890528
ec,1.04,C01,C01F,10.48918865201995
xw,3.03,A61,A61L,10.49168643518351
rt,3.02,C08,C08L,10.49639484379441
py,3.02,F16,F16H,10.5
uk,1.03,G01,G01P,10.50117341708392
ja,1.05,B03,B03C,10.50197063339874
uf,1.03,G09,G09G,10.50520838797092
ma,3.02,G06,G06T,10.50539706880227
ea,1.04,B05,B05B,10.50712589267641
ac,2.02,G01,G01K,10.50803180923685
iy,1.06,A23,A23L,10.51364950463176
oy,9,C08,C08L,10.51437916606665
pj,2.05,C12,C12N,10.51879620715044
ec,1.04,C25,C25D,10.51931357290596
db,2.08,C09,C09J,10.51972112385556
iq,2.02,F02,F02M,10.52024157810956
pu,2.03,G10,G10K,10.52111782226712
ki,3.02,A61,A61Q,10.52483111759648
ns,2.01,B22,B22D,10.52683713287115
iq,2.02,G09,G09C,10.52737481333315
ae,4.05,A01,A01M,10.52809525281191
dt,2.03,G01,G01F,10.53068790584803
ga,3.02,G06,G06K,10.53268355503678
iu,2.03,G01,G01Q,10.5337319310056
ro,1.07,A61,A61H,10.53443666361272
uf,1.03,E21,E21B,10.5357831120491
ex,1.02,B62,B62D,10.53904627449811
wq,5.01,G06,G06Q,10.54294772539288
dt,2.03,A61,A61K,10.54609778313898
ki,3.02,B01,B01D,10.54627614095807
sa,3.03,C12,C12Y,10.54718959610909
tq,3.02,H01,H01L,10.55087562371045
vj,5.01,G06,G06K,10.5520397471264
dy,1.04,A61,A61C,10.5557069669012
ff,3.02,A61,A61H,10.55584069807082
gy,5.02,A63,A63F,10.55613281205297
zr,1.05,C01,C01B,10.55626941891387
ev,1.02,C07,C07C,10.55838360002963
rt,3.02,H01,H01M,10.55905257258564
oz,6.02,C09,C09K,10.5599537268281
ya,3.02,C08,C08B,10.56060494622216
pc,5.02,G11,G11C,10.56063572317362
rt,3.02,H04,H04B,10.56113089527935
vy,3.02,C08,C08G,10.56223566213157
yo,3.01,C12,C12P,10.56243637861917
ih,2.07,B65,B65F,10.5625
pz,2.05,B24,B24B,10.56291941739619
ui,1.03,G08,G08B,10.56341274268925
gu,1.06,C12,C12R,10.56348229339346
oz,6.02,B60,B60R,10.5666666701436
mm,6.01,F24,F24F,10.56666667759418
py,3.02,C02,C02F,10.5680873086676
jy,4.05,A23,A23N,10.56944447755814
wm,5.04,H04,H04M,10.57007669657469
pi,1.06,H04,H04L,10.57043158821762
nu,5.08,D06,D06P,10.57142862677574
ye,2.02,G01,G01P,10.57739325426519
pm,2.05,B60,B60C,10.57807732117362
oz,6.02,C08,C08L,10.579166688025
uh,1.03,G01,G01T,10.57923756260425
my,5.01,H01,H01M,10.58333334326744
dw,1.04,A62,A62D,10.58341208472848
iu,2.03,G01,G01V,10.5838953172788
es,2.02,E21,E21B,10.58411617856473
ub,1.03,B64,B64G,10.5866805864498
ry,2.03,H03,H03M,10.58732529403642
pn,1.01,C07,C07D,10.58768676349428
oy,9,H04,H04B,10.59017861261964
es,2.02,G01,G01K,10.59732967149466
iy,1.06,A23,A23B,10.60124830063432
bq,6.05,A61,A61Q,10.60382207483053
bq,6.05,F04,F04D,10.61111111193895
iu,2.03,B65,B65H,10.61944449692965
ub,1.03,C09,C09G,10.6199464336969
co,1.06,A01,A01H,10.62209806253668
xy,1.01,H01,H01L,10.62747363932431
dy,1.04,G02,G02C,10.62752749584615
qh,2.05,F01,F01D,10.63214292749763
pk,2.05,H01,H01F,10.63730244059116
ka,4.01,H01,H01L,10.63749528676271
nu,5.08,A61,A61C,10.64015153050423
oa,2.11,C03,C03C,10.64601382357068
qc,6.02,A61,A61K,10.64807678526267
ea,1.04,C01,C01F,10.64933834690601
py,3.02,A23,A23K,10.65219913376495
uy,1.04,G06,G06Q,10.65813417173922
sy,1.03,C07,C07F,10.66075919661671
dm,3.02,B01,B01L,10.66526200925
pm,2.05,C08,C08B,10.66541453707032
uf,1.03,C01,C01B,10.66624345071614
nu,5.08,F16,F16D,10.66666668653488
iu,2.03,F02,F02P,10.66674726223573
ye,2.02,F24,F24F,10.67003986611962
pu,2.03,C04,C04B,10.67141698603518
zc,4.03,A61,A61N,10.6716195656918
ik,2.11,G06,G06N,10.67227815836668
ja,1.05,G07,G07F,10.67385626398027
tu,3.01,H04,H04R,10.67757701221853
dw,1.04,G03,G03C,10.68075409019366
rt,3.02,C07,C07F,10.68189655523747
eu,2.02,G06,G06T,10.68203927297145
cn,5.01,C07,C07K,10.68324713181937
if,2.11,B23,B23B,10.68354980833828
pw,2.06,A01,A01N,10.68361621582881
ru,3.01,A01,A01H,10.6882865363732
oy,9,A61,A61M,10.69011260010302
gc,1.05,C09,C09K,10.69203676888719
yo,3.01,C07,C07F,10.69620121503249
ac,2.02,F02,F02C,10.6971610179171
dm,3.02,G16,G16H,10.69966930872761
ph,6.02,G06,G06F,10.69983769208193
py,3.02,H04,H04R,10.70110710058361
pa,6.02,A61,A61L,10.70287091867067
mm,6.01,G06,G06K,10.7032500654459
pa,6.02,C09,C09J,10.70833337306976
io,2.07,B63,B63B,10.70850174501538
gy,5.02,H02,H02J,10.70941154845059
ue,2.11,H03,H03F,10.71994051919319
ec,1.04,G11,G11C,10.72073069680482
ua,6.03,C07,C07D,10.72523921355605
py,3.02,A23,A23C,10.72556097712368
zc,4.03,A61,A61Q,10.72613270115107
ka,4.01,G02,G02B,10.7344805393368
oy,9,H05,H05B,10.73484860360622
nu,5.08,B41,B41J,10.73531747795641
id,2.07,D21,D21C,10.73563345754519
qg,2.05,G06,G06Q,10.7439571050927
si,1.05,E21,E21B,10.74617538694292
ai,2.03,G01,G01L,10.74622843042016
ig,2.06,G01,G01D,10.74652758333832
qg,2.05,H04,H04N,10.74801640585065
qa,3.01,B01,B01D,10.74884547200054
fi,1.04,H05,H05B,10.74929239135236
pq,1.01,H03,H03K,10.75006344541907
sy,1.03,C09,C09C,10.75029208231717
js,6.04,G02,G02B,10.75371292419732
pq,1.01,G05,G05B,10.75488753803074
vy,3.02,A61,A61C,10.75933443335816
ee,1.04,D01,D01F,10.76145310560241
ga,3.02,G02,G02B,10.77240547258407
ij,2.11,H04,H04M,10.77379434090108
ai,2.03,G10,G10L,10.77382314531133
am,4.01,A61,A61Q,10.77653344441205
tm,3.01,A61,A61N,10.77747956803069
ry,2.03,C07,C07C,10.77881301846355
zr,1.05,C12,C12N,10.78008071135264
js,6.04,C04,C04B,10.78225807845592
pu,2.03,G03,G03G,10.78328295098618
ki,3.02,G03,G03G,10.78333336114883
cq,1.06,B32,B32B,10.78478414611891
oz,6.02,C12,C12N,10.78535387211014
ij,2.11,H05,H05K,10.78580294921994
pm,2.05,B62,B62D,10.78843708103523
qg,2.05,C22,C22F,10.78975340723991
uh,1.03,G09,G09G,10.79052231553942
es,2.02,B61,B61L,10.79093570075929
ru,3.01,C12,C12M,10.79821445757989
rq,1.06,A01,A01H,10.79880177031737
ui,1.03,A61,A61M,10.80060721933842
id,2.07,F23,F23R,10.80116349458694
ex,1.02,A61,A61M,10.80392491153907
ns,2.01,A01,A01N,10.80410939839203
qu,1.06,C08,C08L,10.80502999573946
de,1.06,H04,H04N,10.80575152672827
ur,1.01,G01,G01R,10.81144215958193
id,2.07,G06,G06T,10.81240464840084
hq,1.04,C08,C08L,10.81451977533288
pq,1.01,A01,A01H,10.82052073068917
ue,2.11,A61,A61N,10.82063168508466
py,3.02,A61,A61G,10.82181387580931
ui,1.03,G01,G01F,10.8227761760354
fi,1.04,H01,H01J,10.82440342241898
yr,2.01,B60,B60K,10.82501712534577
uy,1.04,B41,B41N,10.82502775546163
mm,6.01,A63,A63F,10.82738099619746
ve,3.02,G07,G07F,10.82738916762173
li,3.02,H04,H04L,10.82781529054046
ro,1.07,G07,G07D,10.82847993634641
uk,1.03,C02,C02F,10.83188705716748
si,1.05,H04,H04W,10.8334771017544
ye,2.02,H02,H02K,10.83372781565413
dq,9,H01,H01Q,10.83384867571294
pm,2.05,B23,B23H,10.836012205109
fi,1.04,G11,G11B,10.837192828767
il,2.07,G01,G01C,10.83841574098915
pm,2.05,D04,D04H,10.84059858135879
td,3.02,C07,C07D,10.84099059982691
ot,6.02,C07,C07D,10.84420669917017
ru,3.01,C07,C07J,10.84762478340417
qg,2.05,B81,B81B,10.84857481927611
ga,3.02,A01,A01K,10.84889934095554
ep,1.02,G01,G01P,10.85247870162129
ew,1.02,B01,B01D,10.85493489634246
dy,1.04,H02,H02J,10.85894346586429
py,3.02,G07,G07F,10.86156029999256
ue,2.11,B82,B82Y,10.86449153511785
rt,3.02,A63,A63F,10.86555288685486
pz,2.05,A63,A63B,10.86904767528176
gy,5.02,B65,B65D,10.87354255467653
oy,9,H04,H04R,10.87812460353598
ub,1.03,H02,H02G,10.88015883415937
ry,2.03,C01,C01G,10.88034458830953
zm,1.06,C07,C07H,10.88061953044962
ev,1.02,G01,G01T,10.88100064476021
cq,1.06,A23,A23B,10.88360288739204
fa,2.01,G05,G05B,10.88672657404095
dy,1.04,B09,B09C,10.89210408274084
rb,2.02,G10,G10L,10.89577563945204
py,3.02,D21,D21H,10.89942901581526
uh,1.03,C03,C03C,10.905844388064
ns,2.01,G06,G06K,10.90592627157457
sy,1.03,G07,G07C,10.90862132515758
uf,1.03,G01,G01R,10.91189773194492
pm,2.05,G10,G10K,10.91309662163258
ui,1.03,G03,G03H,10.91378122381866
cq,1.06,H03,H03K,10.91421282431111
pu,2.03,C08,C08G,10.91563193680486
oe,5.06,C09,C09D,10.9166666790843
oy,9,G06,G06T,10.91744391899556
ne,3.03,C08,C08G,10.92607909999788
pj,2.05,B01,B01F,10.92719548195601
ei,1.04,F28,F28F,10.92843771772459
ii,2.04,B04,B04B,10.93503589183092
ne,3.03,G10,G10L,10.93541422858834
dw,1.04,C01,C01G,10.93644410953857
py,3.02,A63,A63B,10.93679634621367
ad,4.02,C07,C07D,10.93883652472869
vy,3.02,H04,H04B,10.94593464466743
ee,1.04,C23,C23F,10.94868237478659
wv,3.03,A61,A61K,10.95095203514211
er,1.02,H04,H04R,10.95155220525339
iq,2.02,C07,C07F,10.95199720119126
dy,1.04,F16,F16K,10.95573054067791
jo,5.04,H04,H04L,10.95974649116397
bq,6.05,C11,C11D,10.96025642752647
hq,1.04,G06,G06T,10.96325386618264
td,3.02,C07,C07K,10.96376044093631
aq,3.02,G06,G06F,10.96442412398756
ji,5.01,H04,H04M,10.96646147035062
po,1.01,A61,A61B,10.97264617600013
yu,3.03,C12,C12N,10.97405920014717
ig,2.06,B81,B81C,10.97729567671195
bm,5.07,G06,G06Q,10.98008155822754
iu,2.03,C25,C25D,10.98042571661063
bp,6.04,A63,A63F,10.98333334177732
rt,3.02,C11,C11D,10.98361095692962
yo,3.01,B01,B01D,10.98909256793559
gc,1.05,C04,C04B,10.99133753846399
nn,3.03,A61,A61N,10.99221757799387
ii,2.04,B65,B65B,10.99684794805944
py,3.02,F16,F16D,11
ai,2.03,C21,C21B,11
ua,6.03,C11,C11D,11
bk,6.04,G07,G07F,11.00000004470348
ub,1.03,F42,F42B,11.00506444880739
ne,3.03,A24,A24B,11.00752389943227
pa,6.02,A61,A61M,11.00862036086619
qu,1.06,C08,C08J,11.01046188501641
eq,3.01,H04,H04W,11.01189232710749
pz,2.05,F16,F16D,11.0146825555712
pj,2.05,B01,B01J,11.0156297814101
rp,6.04,A01,A01N,11.02033098321408
ns,2.01,C21,C21D,11.02192662470043
es,2.02,G09,G09F,11.02279064804316
ac,2.02,B41,B41J,11.02482816018164
oa,2.11,C08,C08F,11.02573362295516
qe,2.09,G02,G02B,11.02605732297525
vx,5.01,H01,H01Q,11.02649456914514
db,2.08,G06,G06N,11.0313365496695
zm,1.06,A23,A23K,11.03376361774281
ei,1.04,C01,C01D,11.03595585655421
uk,1.03,G06,G06T,11.03601571591571
yr,2.01,G07,G07C,11.03629670385271
dx,3.01,H01,H01L,11.03860730258748
ai,2.03,B23,B23K,11.03921574028209
mm,6.01,G06,G06T,11.04394925758243
gu,1.06,A63,A63F,11.04417078220285
qh,2.05,A61,A61K,11.04484256089199
db,2.08,B03,B03C,11.04617565567605
tm,3.01,C07,C07H,11.04742457089014
ne,3.03,B05,B05B,11.05340910609812
dk,5.02,C07,C07D,11.05411729775369
am,4.01,H04,H04L,11.0541475773789
da,1.06,C09,C09D,11.05874989484437
ry,2.03,C30,C30B,11.05919692432508
dy,1.04,G06,G06N,11.06423155986704
dy,1.04,A24,A24B,11.06437177420594
ij,2.11,C08,C08F,11.07214117050171
ai,2.03,H04,H04J,11.07417409028858
ew,1.02,B60,B60W,11.07534693786874
we,3.02,H04,H04W,11.07723133265972
ro,1.07,B09,B09C,11.07801974657923
iq,2.02,B63,B63H,11.07976195216179
qa,3.01,C12,C12M,11.08593222196214
ew,1.02,G16,G16H,11.09055918338709
py,3.02,H03,H03K,11.09709024289623
hb,5.03,G06,G06Q,11.09776993282139
ya,3.02,C08,C08G,11.09910745406523
ew,1.02,H01,H01R,11.10707257129252
im,2.01,G06,G06N,11.11324445158243
ne,3.03,C09,C09D,11.11550331162289
cu,1.06,H01,H01L,11.12118983222172
tu,3.01,C23,C23C,11.12422353541479
or,5.09,H04,H04W,11.12663400731981
ro,1.07,A47,A47L,11.12750455364585
sr,2.07,G08,G08G,11.12931978842244
ma,3.02,C12,C12P,11.13046684372239
dy,1.04,A61,A61J,11.13070629024878
es,2.02,F02,F02D,11.13125011138618
tm,3.01,A01,A01K,11.13179720635526
fs,6.04,A61,A61B,11.13363943714648
mu,4.01,G06,G06F,11.13392660487443
ub,1.03,G02,G02C,11.13530453387648
xe,4.01,C02,C02F,11.13782251626253
aa,1.03,G01,G01C,11.1397544387728
uy,1.04,G01,G01K,11.14046180201694
ei,1.04,B29,B29D,11.15328513854183
nu,5.08,H04,H04R,11.15408437885344
iu,2.03,B64,B64G,11.15695650875568
ya,3.02,A23,A23L,11.15752940345556
ep,1.02,B60,B60Q,11.15757832000963
ei,1.04,H03,H03K,11.15764790866524
qu,1.06,H01,H01M,11.15804836107418
tu,3.01,B23,B23K,11.1593045857735
et,1.02,B41,B41J,11.15955510735512
ya,3.02,G02,G02C,11.16388125903904
yi,6.03,F16,F16H,11.16666667163372
oy,9,G03,G03G,11.16666668653488
da,1.06,B03,B03C,11.16693607647903
wu,5.04,G01,G01N,11.16725506726652
if,2.11,G05,G05F,11.17379750031978
pa,6.02,B41,B41J,11.17424245923758
uk,1.03,E21,E21B,11.1757075204514
ro,1.07,G16,G16H,11.18082032864913
re,1.05,H01,H01L,11.19147445447743
ue,2.11,H01,H01Q,11.19287484046072
ip,2.07,C10,C10B,11.19417097978294
iq,2.02,C11,C11D,11.19420106336474
iq,2.02,E05,E05B,11.19444448500872
za,3.02,G06,G06T,11.19767442392185
ac,2.02,H01,H01J,11.2006685687229
dy,1.04,B60,B60C,11.20358421211131
ql,9,H04,H04L,11.20588128780946
gu,1.06,C09,C09B,11.20694447122514
pm,2.05,G07,G07F,11.20773815736175
zd,9,C07,C07H,11.207783928141
dm,3.02,B29,B29C,11.20859038108028
zd,9,H04,H04M,11.21111116046086
tu,3.01,G16,G16H,11.21414554887451
ii,2.04,C30,C30B,11.21552073885687
pj,2.05,H04,H04L,11.21768932975829
uu,5.06,H04,H04B,11.21795400418341
cu,1.06,C07,C07F,11.22028452972881
pm,2.05,G03,G03B,11.23386211530305
oi,3.02,G06,G06Q,11.23671733308583
am,4.01,C05,C05G,11.2375293020159
bq,6.05,C09,C09K,11.23813817091286
qe,2.09,C08,C08K,11.23892248328775
ot,6.02,G02,G02B,11.24086751975119
cu,1.06,A23,A23L,11.24172658193856
iq,2.02,C07,C07K,11.24187401967356
pm,2.05,F27,F27D,11.24571401812136
iq,2.02,F02,F02B,11.24618060514331
pz,2.05,C08,C08G,11.24867776734754
pj,2.05,B31,B31F,11.25
ew,1.02,G07,G07B,11.25458157993853
ub,1.03,G03,G03C,11.2584555495996
qc,6.02,H01,H01L,11.26303423196077
oa,2.11,F03,F03G,11.26521531958133
ns,2.01,G06,G06Q,11.26562988525257
tc,3.02,H04,H04W,11.26778156682849
ik,2.11,C21,C21D,11.26916689332575
uy,1.04,B27,B27N,11.27323666773736
xe,4.01,A01,A01C,11.27338365279138
ew,1.02,B82,B82Y,11.27453322405927
we,3.02,G06,G06Q,11.27491105371155
ka,4.01,H04,H04M,11.27896830812097
oi,3.02,C07,C07D,11.28300399915315
id,2.07,H03,H03F,11.28523905016482
sy,1.03,B07,B07C,11.28660136461258
dt,2.03,B41,B41J,11.28915820736438
ns,2.01,C07,C07F,11.29286345629953
if,2.11,C09,C09D,11.29310897318646
pj,2.05,D04,D04H,11.29363048262894
ac,2.02,H01,H01F,11.29491890687495
qa,3.01,G01,G01R,11.29582881974056
za,3.02,G02,G02B,11.29702136293054
rp,6.04,H04,H04M,11.29901914671063
ac,2.02,G10,G10K,11.30209250655025
ai,2.03,B01,B01D,11.30627546226606
fa,2.01,H05,H05B,11.30810783570632
id,2.07,A61,A61B,11.31254861666821
ne,3.03,F21,F21V,11.31310564745218
ea,1.04,G05,G05B,11.31394002819434
ro,1.07,B25,B25J,11.31525299465284
ii,2.04,D21,D21F,11.31567464768887
ju,4.01,G01,G01N,11.31804048817139
pw,2.06,B82,B82Y,11.31931329355575
oz,6.02,G06,G06K,11.32317131012678
ei,1.04,B65,B65D,11.32743974321056
es,2.02,H01,H01S,11.32751618139446
ne,3.03,G09,G09B,11.32800736255012
ev,1.02,H04,H04S,11.32848935620859
hi,5.01,H04,H04L,11.33051357790828
pq,1.01,C09,C09D,11.33333337306976
uy,1.04,B23,B23K,11.33370169065893
cq,1.06,C10,C10L,11.33372809330467
wc,3.03,H04,H04W,11.33385434281081
ae,4.05,C10,C10G,11.33420066908002
ij,2.11,C04,C04B,11.33634060248733
ei,1.04,C08,C08C,11.3392812225502
uh,1.03,C07,C07K,11.34276944078738
py,3.02,A01,A01H,11.34433268941939
tu,3.01,G05,G05B,11.34579474665225
km,1.06,G11,G11B,11.34877168107778
ye,2.02,B64,B64G,11.34984585642815
ub,1.03,B23,B23B,11.35183437354863
pa,6.02,B01,B01J,11.35873021185398
ev,1.02,H04,H04J,11.36024717357941
oa,2.11,H03,H03D,11.36451424192637
zr,1.05,C07,C07C,11.37003590120003
rx,3.02,A61,A61N,11.37828641501255
ii,2.04,F04,F04D,11.38052433915436
iq,2.02,B23,B23P,11.38244408112951
pm,2.05,H02,H02S,11.38462183461525
de,1.06,C05,C05D,11.3869982752949
pm,2.05,C07,C07H,11.39360842469614
de,1.06,C08,C08B,11.3950082748197
id,2.07,F17,F17D,11.39513901993632
ee,1.04,A61,A61M,11.40217233239673
bm,5.07,A61,A61K,11.40252281050198
fs,6.04,H04,H04M,11.4031696356833
zc,4.03,H04,H04M,11.40833337977529
ub,1.03,F16,F16J,11.41018526954576
dx,3.01,A61,A61B,11.41309760836884
oe,5.06,A61,A61B,11.41540819080546
bp,6.04,B65,B65D,11.41666670143604
ub,1.03,B23,B23P,11.41826932132244
rt,3.02,G11,G11B,11.41882964037359
iq,2.02,E04,E04B,11.4192460924387
xq,2.11,C04,C04B,11.42645374964923
ii,2.04,A24,A24B,11.42759506730363
ro,1.07,G03,G03C,11.43156295083463
xq,2.11,C08,C08L,11.43227236159146
oz,6.02,H04,H04R,11.43333334103227
iq,2.02,A61,A61G,11.4356404338032
ad,4.02,C12,C12Y,11.43713898328133
ne,3.03,F25,F25B,11.43956902250648
ua,6.03,G06,G06K,11.44421779364347
iu,2.03,A63,A63F,11.44570041075349
if,2.11,G08,G08B,11.45175797818229
ig,2.06,H01,H01Q,11.45866120723076
pu,2.03,C08,C08K,11.45869971904904
pk,2.05,C07,C07C,11.46088522905484
vi,5.01,H01,H01L,11.46135139954276
js,6.04,G06,G06K,11.46168520115316
dy,1.04,G01,G01V,11.46374591533095
ac,2.02,F16,F16F,11.46607828419656
ka,4.01,A01,A01G,11.47186456760392
xa,5.04,C07,C07D,11.47434740420431
wu,5.04,A61,A61M,11.47889334289357
hb,5.03,C07,C07C,11.48017635336146
om,5.05,G02,G02B,11.4822318200022
dw,1.04,G02,G02F,11.48377824993804
ex,1.02,H05,H05B,11.49457883648574
ka,4.01,D21,D21C,11.49598330631852
uh,1.03,G11,G11B,11.49842139752582
ne,3.03,F02,F02D,11.5
fa,2.01,F27,F27D,11.50000005960464
ja,1.05,G02,G02B,11.50087857386097
qg,2.05,B41,B41M,11.50351865822449
mm,6.01,H05,H05K,11.50549455732107
ya,3.02,G03,G03G,11.50854703877121
rz,3.03,G01,G01N,11.5092147924006
ro,1.07,H03,H03B,11.51024350523949
ui,1.03,H04,H04M,11.51119587337598
qa,3.01,A23,A23K,11.51146854972467
di,5.02,C07,C07D,11.51154592540115
lj,3.02,G06,G06Q,11.5123377898708
dy,1.04,A45,A45D,11.51397854462266
rx,3.02,A61,A61K,11.51839348196518
qe,2.09,A61,A61Q,11.5244462499395
di,5.02,A63,A63F,11.52460326068103
ne,3.03,A24,A24D,11.52698419988155
pt,3.03,H04,H04N,11.5275153699331
uf,1.03,G02,G02F,11.5280295596458
ij,2.11,C01,C01B,11.53159905737266
pn,1.01,G03,G03G,11.54166669398546
nu,5.08,H02,H02G,11.54166669398546
tm,3.01,H01,H01L,11.54308038949966
dt,2.03,C23,C23C,11.54534287611023
ru,3.01,G03,G03G,11.54889285797253
re,1.05,C22,C22C,11.55050881556235
za,3.02,G01,G01R,11.55244663869962
si,1.05,H04,H04N,11.55259758979082
ui,1.03,H02,H02N,11.56087681278586
lj,3.02,A61,A61B,11.56600386742502
ec,1.04,G11,G11B,11.57007029652596
et,1.02,H02,H02M,11.57078490406275
oa,2.11,B05,B05B,11.57732851500623
km,1.06,H04,H04M,11.58109444193542
uy,1.04,H01,H01C,11.58271575905383
ua,6.03,A63,A63B,11.58333334326744
ii,2.04,C25,C25D,11.58385367877781
fi,1.04,C07,C07H,11.58536625280976
cq,1.06,C09,C09J,11.58538888464682
uy,1.04,C23,C23F,11.58828964084387
fy,3.02,A46,A46B,11.58883603196591
cq,1.06,C23,C23C,11.58955437038094
le,1.05,G07,G07F,11.59023206494749
ru,3.01,G09,G09G,11.59196233656257
qg,2.05,B05,B05B,11.59684992744587
js,6.04,A61,A61M,11.59743506833911
pq,1.01,E21,E21B,11.60454065725207
bi,6.01,H04,H04N,11.60456490516663
ei,1.04,C06,C06B,11.60475810384378
rq,1.06,G06,G06F,11.60616520582698
ii,2.04,C23,C23F,11.61139314062893
ro,1.07,B63,B63H,11.61190482228994
ub,1.03,B25,B25J,11.6134973380249
gy,5.02,H01,H01R,11.61388891935349
db,2.08,C10,C10M,11.61640127375722
ii,2.04,C12,C12R,11.61768673616461
ze,1.06,C40,C40B,11.61941697541624
oa,2.11,B60,B60C,11.62103186920285
ik,2.11,B41,B41J,11.62298165913671
bq,6.05,G09,G09G,11.63095241785049
sy,1.03,H03,H03D,11.63215021928772
ja,1.05,G05,G05B,11.63642562646419
qh,2.05,B82,B82Y,11.6371932385955
pt,3.03,G01,G01R,11.64066801755689
fs,6.04,A61,A61K,11.64649769943208
ev,1.02,B01,B01D,11.64657983090729
om,5.05,G01,G01R,11.64791668951511
sy,1.03,C01,C01B,11.6485455527436
ro,1.07,G07,G07C,11.6495051542297
ii,2.04,C05,C05G,11.65209794417024
ti,9,C07,C07C,11.65295498771593
uh,1.03,G11,G11C,11.65747084235772
jy,4.05,H01,H01L,11.664198990562
jb,5.07,B41,B41J,11.66666668653488
ne,3.03,F16,F16H,11.6666667163372
uk,1.03,G01,G01V,11.66671603405848
uy,1.04,C11,C11C,11.66721624322236
ij,2.11,C08,C08K,11.67754887975752
et,1.02,H01,H01B,11.67890279833227
ns,2.01,E21,E21B,11.67928417958319
pm,2.05,B06,B06B,11.67970969621092
su,3.02,G06,G06Q,11.68036227673292
ha,5.03,G06,G06T,11.68205831758678
ui,1.03,H03,H03M,11.68785344599746
sy,1.03,C09,C09B,11.69623396452516
ry,2.03,G01,G01J,11.6978779763449
ne,3.03,C23,C23C,11.69997133081779
id,2.07,C13,C13K,11.70274150744081
qa,3.01,H04,H04N,11.70995628088713
uy,1.04,G01,G01J,11.71223084698431
dy,1.04,A24,A24D,11.71406388608739
xq,2.11,H04,H04M,11.7156927138567
ai,2.03,H05,H05K,11.7186526665464
qf,9,C02,C02F,11.72092029731721
ai,2.03,F15,F15B,11.72380957007408
ub,1.03,B41,B41F,11.72420641686767
nu,5.08,H03,H03K,11.73070411104709
qg,2.05,C25,C25F,11.73177017364651
xq,2.11,G03,G03G,11.73628230299801
sy,1.03,C12,C12M,11.73895002843346
cq,1.06,G06,G06N,11.7434341267217
qu,1.06,C12,C12C,11.74855766980909
ii,2.04,F02,F02B,11.75679864920676
co,1.06,C08,C08J,11.76042553957086
dy,1.04,H05,H05H,11.76170923747122
ui,1.03,B01,B01F,11.77054769545794
km,1.06,G02,G02B,11.77222971478477
ac,2.02,G11,G11C,11.77572161715943
vy,3.02,G01,G01H,11.77904468914494
bu,1.03,G01,G01V,11.78573678969406
co,1.06,G01,G01B,11.78831176296808
ii,2.04,A01,A01G,11.79303343500942
ne,3.03,A61,A61Q,11.79309395700693
aa,1.03,G02,G02B,11.80223866202869
ik,2.11,H01,H01S,11.80266425851732
de,1.06,C11,C11D,11.80307124066167
dk,5.02,G01,G01N,11.8044466888532
ik,2.11,H03,H03H,11.80563631420955
ai,2.03,F16,F16C,11.80598850548267
ai,2.03,C08,C08J,11.80824983213097
ha,5.03,G11,G11B,11.80860954709351
dw,1.04,F01,F01N,11.80879543628544
ew,1.02,H03,H03H,11.81117939320393
uu,5.06,G02,G02B,11.81154407560825
qq,1.05,G01,G01J,11.81323831994087
wu,5.04,H04,H04B,11.81360989296809
ky,1.05,G06,G06F,11.81408536061645
aa,1.03,H03,H03K,11.8173852446489
qc,6.02,H04,H04W,11.82008178159595
mm,6.01,C07,C07K,11.82152508944273
ro,1.07,H04,H04Q,11.82325214892626
di,5.02,G01,G01N,11.82489162310958
uh,1.03,H04,H04B,11.826725021936
yu,3.03,C07,C07D,11.82684095448349
pw,2.06,C07,C07C,11.82973490632139
up,1.03,A61,A61B,11.83143161283806
pm,2.05,C12,C12M,11.832193666487
pq,1.01,G02,G02B,11.83239466324449
pn,1.01,A61,A61F,11.83621455705725
ku,5.07,H04,H04W,11.83855988318101
uk,1.03,C09,C09C,11.84318713494577
le,1.05,E02,E02D,11.84379523620009
mq,6.01,H04,H04W,11.84708887897432
qg,2.05,A61,A61N,11.84877640777268
dt,2.03,F23,F23C,11.85002987086773
ne,3.03,A01,A01H,11.85271077184007
es,2.02,H03,H03G,11.85497904196382
if,2.11,G07,G07F,11.86216888669878
ep,1.02,H03,H03G,11.86390971182846
ry,2.03,B82,B82Y,11.86409169447143
if,2.11,G01,G01H,11.86607206147164
pz,2.05,B21,B21J,11.86633606161922
id,2.07,C11,C11B,11.86864709551446
om,5.05,G01,G01N,11.87312996853143
oa,2.11,F15,F15B,11.87331936368719
iq,2.02,B23,B23H,11.87887799460441
le,1.05,B01,B01J,11.8790455176495
de,1.06,H04,H04W,11.88094553537667
pk,2.05,B24,B24B,11.88394881412387
if,2.11,G10,G10H,11.88597422651947
ga,3.02,G06,G06T,11.89276362350211
ei,1.04,G01,G01B,11.89409201021772
mw,5.09,G06,G06F,11.89487116225064
et,1.02,G03,G03C,11.90138890733942
ye,2.02,B32,B32B,11.90203510061838
id,2.07,B60,B60W,11.90373991243541
ja,1.05,B01,B01F,11.9043779047206
um,3.01,A63,A63B,11.90480299852788
gy,5.02,H01,H01M,11.91979830525815
ay,3.01,A61,A61L,11.92080128914677
si,1.05,A61,A61B,11.92798833735287
pu,2.03,H01,H01J,11.92940195370466
ii,2.04,F16,F16K,11.92950675264001
ve,3.02,B29,B29C,11.93005958013237
km,1.06,G11,G11C,11.9304274066817
rz,3.03,H01,H01M,11.93199555389583
yr,2.01,B60,B60T,11.93597899191082
yu,3.03,C12,C12Q,11.93688311334699
jy,4.05,C13,C13K,11.94428130146116
wm,5.04,C07,C07D,11.94435173238162
mr,6.01,G06,G06F,11.94448397867382
vy,3.02,H04,H04M,11.94601151812822
ea,1.04,G05,G05D,11.94923572055995
ac,2.02,G07,G07C,11.95342252939008
ii,2.04,A23,A23J,11.9549237433821
ii,2.04,A23,A23K,11.95738761802204
ep,1.02,B29,B29C,11.96415668074042
gc,1.05,H04,H04N,11.96795731922612
qg,2.05,C09,C09G,11.9716270621866
ne,3.03,H02,H02J,11.97181880753487
zm,1.06,C08,C08L,11.97318264981732
rb,2.02,B64,B64C,11.97350619453937
ii,2.04,A62,A62C,11.97583335265517
il,2.07,G06,G06F,11.97931225318462
ro,1.07,F41,F41H,11.982765304856
vy,3.02,G03,G03C,11.98571433126926
pc,5.02,G06,G06T,11.98779535572976
vy,3.02,B01,B01D,11.98780969972722
ex,1.02,G01,G01D,11.99450450995937
wq,5.01,H04,H04L,12.00140424445271
dt,2.03,G01,G01K,12.00251710275188
wv,3.03,H04,H04L,12.00546104740351
ve,3.02,C12,C12N,12.00635791529203
de,1.06,C12,C12M,12.00756506668404
hq,1.04,B22,B22F,12.00962832663208
id,2.07,C22,C22C,12.01128521980718
ya,3.02,A01,A01K,12.01434988534311
jy,4.05,H04,H04W,12.01951668411493
uy,1.04,H04,H04R,12.02688075904734
vy,3.02,G11,G11B,12.02762247412466
rx,3.02,A61,A61F,12.02808185992762
gm,3.03,H04,H04L,12.02817469462752
ns,2.01,H04,H04B,12.03443759086076
az,3.02,G01,G01N,12.03674426232465
oz,6.02,C08,C08K,12.03846156224608
dq,9,G03,G03G,12.04166668653488
if,2.11,B60,B60K,12.04420291911811
vj,5.01,H04,H04M,12.04990652576089
ea,1.04,G21,G21G,12.05126586463302
pa,6.02,H03,H03K,12.05227668210864
gu,1.06,A01,A01K,12.05296415416524
dy,1.04,H03,H03K,12.05470723146573
sy,1.03,B60,B60Q,12.05546344281174
sy,1.03,B64,B64G,12.06230167485774
ig,2.06,F04,F04B,12.06387509335764
di,5.02,G06,G06N,12.06616556178778
uy,1.04,B27,B27K,12.0721848346293
yo,3.01,C08,C08G,12.0763661172241
pw,2.06,A61,A61L,12.07646180642769
ye,2.02,B41,B41J,12.0797079494223
un,1.03,G01,G01V,12.08402161113918
pm,2.05,F27,F27B,12.08432858623564
ei,1.04,G01,G01T,12.08699936582707
bu,1.03,G06,G06K,12.09002215508372
ah,4.01,H04,H04L,12.09226147597656
db,2.08,H04,H04B,12.09854699671268
xq,2.11,B82,B82Y,12.09959350898862
eu,2.02,H01,H01Q,12.10087730921805
ub,1.03,H01,H01T,12.10088877473027
uy,1.04,B05,B05B,12.10242440295406
ub,1.03,F28,F28D,12.10301226237789
dr,1.06,H04,H04M,12.10541440919042
gc,1.05,G01,G01R,12.10580160096288
dt,2.03,C10,C10G,12.10683424095623
dy,1.04,B05,B05B,12.1114776127506
ai,2.03,B25,B25J,12.11443528579548
ii,2.04,G01,G01M,12.11444104649127
ea,1.04,B05,B05D,12.11647560982965
nu,5.08,C09,C09C,12.11969700083137
uy,1.04,C12,C12M,12.11979815503582
ra,2.11,C12,C12Q,12.12310377927497
bf,5.04,C07,C07K,12.12883787369356
ii,2.04,C03,C03B,12.13290108554065
jy,4.05,A01,A01G,12.13981462130323
eo,6.02,H01,H01L,12.14303034171462
gy,5.02,E21,E21B,12.14472602726892
sr,2.07,G01,G01R,12.14502654969692
za,3.02,A23,A23L,12.15615456388332
oa,2.11,G03,G03H,12.16246700007468
bq,6.05,C07,C07K,12.16312068281695
cq,1.06,C10,C10M,12.16543601150624
ii,2.04,A23,A23F,12.16822349838912
ja,1.05,B82,B82Y,12.16910844272934
ka,4.01,H04,H04N,12.1775743374601
ja,1.05,B09,B09B,12.18154035881162
pc,5.02,G02,G02B,12.18414257932454
ai,2.03,H04,H04Q,12.18672075262293
ma,3.02,A61,A61J,12.18872926849872
ac,2.02,H03,H03F,12.19253635359928
oz,6.02,B01,B01D,12.20238102972507
ns,2.01,C03,C03C,12.20317872916348
es,2.02,G03,G03B,12.20799178024754
ei,1.04,D01,D01D,12.21024895727169
si,1.05,G01,G01C,12.21150697371922
my,5.01,G06,G06Q,12.22236509388313
ro,1.07,A43,A43B,12.22741151135415
ub,1.03,F24,F24S,12.23540216172114
pi,1.06,G06,G06Q,12.23702218383551
es,2.02,H02,H02H,12.24044017959386
ea,1.04,G01,G01V,12.24279794842005
ds,3.02,H04,H04L,12.24362789676525
fy,3.02,G01,G01J,12.24628145713359
co,1.06,C08,C08L,12.24977603578009
ye,2.02,H02,H02G,12.25000004470348
uh,1.03,C08,C08J,12.2509693892207
ih,2.07,C12,C12M,12.25198624189943
ub,1.03,G06,G06E,12.25412240857258
ja,1.05,C03,C03C,12.25948963174596
id,2.07,F17,F17C,12.26289696805179
ue,2.11,H03,H03H,12.26429525006097
ik,2.11,H01,H01F,12.26828463398851
dw,1.04,G06,G06K,12.26948610460386
ma,3.02,C12,C12Y,12.27100348705426
id,2.07,C08,C08K,12.27105903904885
ur,1.01,G06,G06N,12.27375095849857
zm,1.06,C09,C09B,12.27380953915417
fa,2.01,F25,F25B,12.27386255934834
pq,1.01,A61,A61F,12.27636359538883
hy,1.06,A01,A01H,12.28545029996894
uy,1.04,B81,B81C,12.28977559879422
im,2.01,C08,C08L,12.29217902617529
ot,6.02,G11,G11B,12.29299248289317
ns,2.01,H01,H01F,12.2959223354701
ro,1.07,H01,H01P,12.29715201258659
nu,5.08,B05,B05D,12.30815049819648
zr,1.05,A01,A01N,12.3146658919286
ub,1.03,A61,A61C,12.31913232663646
vj,5.01,G06,G06T,12.32096554664895
qj,2.05,A61,A61L,12.32282696198672
bq,6.05,H01,H01J,12.3231407199055
di,5.02,G11,G11B,12.32523224875331
zr,1.05,A61,A61K,12.33337163890246
iu,2.03,F23,F23N,12.33818387053907
ui,1.03,G03,G03G,12.34063178859651
pm,2.05,B64,B64D,12.34228001534939
qf,9,G06,G06Q,12.34367234073579
db,2.08,B65,B65D,12.34587338380516
yg,6.04,A61,A61K,12.34683187911287
if,2.11,G08,G08G,12.3511592685245
ub,1.03,B64,B64C,12.35146212019026
uy,1.04,D21,D21C,12.35406006127596
de,1.06,B01,B01D,12.35990912327543
ro,1.07,B64,B64G,12.3622153904289
xq,2.11,C07,C07F,12.36310872505419
ye,2.02,G01,G01F,12.36502764606848
pk,2.05,D01,D01F,12.36535003595054
om,5.05,H05,H05K,12.36666667461395
mm,6.01,G05,G05B,12.3673741016537
gy,5.02,G01,G01N,12.36820407095365
hy,1.06,C12,C12M,12.36824002175126
ai,2.03,E21,E21B,12.3709555673413
pe,5.02,G01,G01N,12.37104585708585
pm,2.05,A23,A23L,12.37294131005183
ui,1.03,F25,F25B,12.37393075041473
oz,6.02,G09,G09G,12.37500002607703
wc,3.03,H04,H04N,12.37782488763332
ml,9,G06,G06F,12.37931421399117
ih,2.07,H04,H04L,12.38012352446094
ry,2.03,G01,G01K,12.38032598933205
pj,2.05,A61,A61L,12.38492530398071
pm,2.05,B64,B64G,12.38519832817838
wu,5.04,G11,G11B,12.38547289464623
im,2.01,A61,A61B,12.38591032894328
iu,2.03,F03,F03G,12.38761112000793
gy,5.02,A47,A47L,12.3888889439404
ma,3.02,B82,B82Y,12.39037386071868
ig,2.06,B32,B32B,12.39249385916628
pn,1.01,B41,B41J,12.39603950362653
ec,1.04,C30,C30B,12.40752321993932
pu,2.03,F25,F25B,12.40778373298235
ev,1.02,H02,H02J,12.41379514150321
iu,2.03,B22,B22C,12.41380959749222
qh,2.05,F41,F41H,12.41408093925565
nu,5.08,A21,A21D,12.41602191701531
uk,1.03,C03,C03B,12.41605684766546
nq,5.01,A61,A61B,12.4162289944943
fy,3.02,C07,C07C,12.41626375727355
sr,2.07,G01,G01B,12.41663504648022
bq,6.05,H01,H01P,12.41666679084301
id,2.07,F23,F23N,12.41777783818543
pu,2.03,H04,H04N,12.41951181180775
ae,4.05,A01,A01N,12.42336804233491
dy,1.04,G09,G09B,12.42547488189302
ai,2.03,C23,C23C,12.42613904643804
oa,2.11,C07,C07D,12.42724032280967
id,2.07,C25,C25D,12.43050889717415
zc,4.03,C07,C07C,12.43179623666219
ai,2.03,F28,F28D,12.43725496996194
ii,2.04,B65,B65G,12.44300147332251
nu,5.08,C09,C09B,12.44377154763788
km,1.06,B01,B01D,12.45036777155474
sd,3.02,C07,C07J,12.45254037110135
qh,2.05,B29,B29B,12.45442213397473
xq,2.11,C10,C10G,12.4559278213419
hq,1.04,C09,C09G,12.45714295655489
vy,3.02,H01,H01R,12.45718181785196
xq,2.11,G01,G01S,12.45814484916627
xq,2.11,C08,C08G,12.46655491646379
ik,2.11,B23,B23P,12.46700253710151
ru,3.01,G05,G05B,12.46701120166108
hl,3.03,H04,H04N,12.46963863726705
sy,1.03,F42,F42B,12.47186026209965
wu,5.04,B41,B41J,12.47500001266599
ig,2.06,G01,G01K,12.48825431801379
gy,5.02,G05,G05B,12.49248919449747
ac,2.02,F15,F15B,12.49954731948674
uy,1.04,B60,B60R,12.50000002980232
db,2.08,G11,G11C,12.5017443052493
le,1.05,C04,C04B,12.5017840587534
iq,2.02,G03,G03C,12.50501993112266
js,6.04,A61,A61F,12.50592379644513
pu,2.03,F28,F28D,12.50734646664932
gc,1.05,H04,H04L,12.51320583745837
pm,2.05,B02,B02C,12.52328052092344
ra,2.11,G03,G03F,12.53075391193852
mc,1.06,A61,A61M,12.53537055361085
zr,1.05,C12,C12P,12.53742605249863
ub,1.03,G09,G09F,12.53816714975983
zm,1.06,H04,H04W,12.53858894668519
ee,1.04,C22,C22B,12.5420113503933
uh,1.03,C09,C09D,12.5453384751454
cu,1.06,H04,H04N,12.54747247276828
zm,1.06,G06,G06Q,12.54807005031034
ev,1.02,G05,G05D,12.54861026373692
tu,3.01,A23,A23C,12.55449699936435
sy,1.03,C12,C12N,12.56069310894236
aq,3.02,A61,A61B,12.56615356309339
ep,1.02,A63,A63B,12.56983025022782
ip,2.07,H01,H01L,12.57376427389681
zk,9,G06,G06Q,12.5806245226413
oe,5.06,G02,G02B,12.58300039544702
ga,3.02,C11,C11D,12.59219333902001
iq,2.02,B66,B66C,12.59364219615236
iq,2.02,F02,F02N,12.59444458037615
qh,2.05,H01,H01B,12.59517248440534
py,3.02,H04,H04B,12.60698999837041
pu,2.03,C09,C09D,12.60893587092869
ro,1.07,A01,A01G,12.60927579924464
id,2.07,G05,G05D,12.61532623786479
uh,1.03,C30,C30B,12.62060701940209
qk,6.01,G06,G06F,12.62718262709677
az,3.02,C07,C07K,12.62790894671343
ui,1.03,G01,G01L,12.62842934392393
uu,5.06,G06,G06K,12.63002903666347
id,2.07,G01,G01W,12.63253977894783
id,2.07,F04,F04B,12.6329264678061
zm,1.06,H04,H04N,12.63956099562347
qh,2.05,C23,C23C,12.64222552115098
ni,3.01,G06,G06T,12.64383119065315
oz,6.02,A61,A61M,12.64625610783696
pm,2.05,F24,F24S,12.6483172015287
ma,3.02,H04,H04N,12.64987687999383
ij,2.11,G06,G06N,12.65171263692901
yr,2.01,B60,B60L,12.66070799715817
tu,3.01,B05,B05D,12.66107583418489
aa,1.03,H01,H01Q,12.66208449471742
ro,1.07,A41,A41D,12.6666666790843
zm,1.06,F02,F02D,12.66666668653488
pj,2.05,C09,C09C,12.66666668653488
yi,6.03,B29,B29C,12.66666668653488
xq,2.11,A61,A61F,12.66825882950798
py,3.02,B41,B41J,12.67142859846354
ij,2.11,G02,G02B,12.67275070701726
oe,5.06,E21,E21B,12.67545188590884
im,2.01,E04,E04H,12.67724370583892
oz,6.02,C07,C07K,12.6819265789818
li,3.02,A61,A61Q,12.68410186003894
ja,1.05,C07,C07F,12.68830615072511
co,1.06,C11,C11D,12.6885761852609
qe,2.09,C07,C07D,12.69099946506321
gu,1.06,H04,H04W,12.69617509189993
ui,1.03,G09,G09G,12.69784919172525
sa,3.03,A23,A23F,12.70261867251247
mu,4.01,A23,A23L,12.70365063729696
dy,1.04,A01,A01K,12.7063032691949
op,3.03,C12,C12N,12.7085723321652
hl,3.03,G06,G06T,12.7086851738859
pk,2.05,H04,H04L,12.71140261925757
ex,1.02,E21,E21B,12.71305547840893
im,2.01,F16,F16F,12.71405238565058
pt,3.03,G06,G06N,12.72061555576511
es,2.02,H03,H03D,12.72204539040104
pm,2.05,B21,B21J,12.7267858972773
uh,1.03,G21,G21K,12.73083900567144
dm,3.02,C40,C40B,12.73126855585724
ex,1.02,G09,G09C,12.73775147739798
dq,9,H01,H01L,12.739189238986
iu,2.03,G09,G09B,12.74121071072295
jy,4.05,A24,A24B,12.7418287282344
ac,2.02,G09,G09G,12.75070226984099
ba,3.02,G06,G06Q,12.75920506939292
ji,5.01,G05,G05B,12.76102359639481
eu,2.02,A61,A61N,12.76292659901083
ea,1.04,D21,D21H,12.76584315765649
wu,5.04,H04,H04M,12.7722763735801
ue,2.11,G05,G05B,12.77481323108077
xq,2.11,H01,H01M,12.77532678726129
iu,2.03,C02,C02F,12.78044055541977
qf,9,G06,G06T,12.78189754718915
iu,2.03,H03,H03K,12.79047673079185
ai,2.03,G07,G07C,12.7930128602311
gu,1.06,C08,C08L,12.80344621837139
dy,1.04,B08,B08B,12.80538814491592
ub,1.03,B23,B23H,12.8152478672564
om,5.05,G06,G06K,12.81684560794383
dk,5.02,A61,A61K,12.81892082258128
ig,2.06,C07,C07C,12.82001279597171
ii,2.04,F22,F22B,12.8253136575222
ub,1.03,B65,B65D,12.82682459161151
ev,1.02,G07,G07C,12.8316975501366
om,5.05,H01,H01M,12.83333334326744
id,2.07,G01,G01J,12.83469209587201
uu,5.06,E21,E21B,12.83592415228486
qa,3.01,C07,C07J,12.83725839154795
pq,1.01,G10,G10L,12.84189781267196
ew,1.02,A61,A61Q,12.84226193279028
oa,2.11,B24,B24B,12.84301440557465
qh,2.05,H01,H01M,12.84720800444484
ru,3.01,A23,A23K,12.85550104128197
qj,2.05,D06,D06B,12.85555564239621
ep,1.02,G02,G02F,12.85715227131732
uk,1.03,H03,H03M,12.86751018138602
ep,1.02,F02,F02D,12.8681736048311
rt,3.02,A01,A01K,12.87148326367605
pa,6.02,C08,C08J,12.87174605205655
iq,2.02,B60,B60H,12.87781094759703
ei,1.04,B03,B03C,12.87837540672626
oa,2.11,C07,C07C,12.87951837130822
ue,2.11,H05,H05B,12.88246514322236
ii,2.04,C21,C21B,12.8844628315419
ec,1.04,H04,H04L,12.88509625382721
ja,1.05,A01,A01G,12.88831208040938
um,3.01,G06,G06T,12.88933153892867
ii,2.04,A61,A61N,12.88949631643482
iq,2.02,F15,F15C,12.89955324772745
ya,3.02,A61,A61J,12.90616146032698
su,3.02,C11,C11D,12.90833345241845
cq,1.06,C08,C08K,12.91041711741127
sa,3.03,A23,A23B,12.91466756351292
id,2.07,H01,H01R,12.91865082271397
ry,2.03,G01,G01F,12.92026086710393
wm,5.04,G11,G11B,12.92574872588739
ht,1.06,A01,A01H,12.926861156011
ro,1.07,C11,C11B,12.93085815245286
dy,1.04,C09,C09G,12.93273816630244
ut,6.02,G01,G01N,12.93578148423694
xw,3.03,H04,H04W,12.94115225318819
uy,1.04,A24,A24D,12.9416667483747
nu,5.08,G01,G01C,12.95384098077193
sy,1.03,H02,H02S,12.9572389437817
ik,2.11,C08,C08L,12.96408824902028
qj,2.05,A61,A61B,12.96463719382882
pm,2.05,B03,B03C,12.97078596509527
sa,3.03,A61,A61J,12.97268841927871
le,1.05,C07,C07D,12.97637305990793
zm,1.06,H01,H01L,12.97781080380082
ai,2.03,G01,G01H,12.98001725692302
iy,1.06,A01,A01H,12.98019466456026
dk,5.02,G06,G06K,12.98297411901876
pk,2.05,F01,F01N,12.98476699739695
po,1.01,G06,G06K,12.98749564262107
wu,5.04,G11,G11C,12.98840394802392
ah,4.01,A23,A23F,12.99251766176894
oa,2.11,C12,C12M,12.99336921446957
io,2.07,G06,G06F,13.00272641703486
dy,1.04,D04,D04H,13.00280301086605
vy,3.02,H04,H04R,13.00581176485866
ba,3.02,A61,A61L,13.00644475896843
ye,2.02,B60,B60L,13.00809808075428
pz,2.05,G01,G01B,13.01073767710477
ya,3.02,B23,B23K,13.01110347639769
dm,3.02,E21,E21B,13.01257636398077
di,5.02,G06,G06K,13.01332410098985
cq,1.06,G07,G07F,13.01771575398743
tc,3.02,A61,A61C,13.02190936123952
pc,5.02,G07,G07F,13.02385286614299
wh,3.02,A61,A61M,13.02555013052188
bq,6.05,C02,C02F,13.0279388083145
dy,1.04,H01,H01H,13.02822043839842
iq,2.02,E02,E02F,13.0285334829241
ru,3.01,G07,G07F,13.03056491818279
ya,3.02,H04,H04M,13.03254983387887
ex,1.02,H01,H01Q,13.03378560394049
qh,2.05,A61,A61F,13.03642857121304
un,1.03,C23,C23C,13.03685476793908
dx,3.01,C09,C09D,13.03760880650952
ye,2.02,G10,G10K,13.03977602813393
dy,1.04,G01,G01K,13.05488295748364
dy,1.04,A63,A63F,13.05969899357297
ui,1.03,C08,C08F,13.06439896882512
pk,2.05,H04,H04N,13.07543474016711
ig,2.06,G05,G05B,13.07625543652102
pz,2.05,C25,C25B,13.07675626082346
um,3.01,A61,A61Q,13.07797749945894
qu,1.06,B82,B82Y,13.07869785511866
fy,3.02,A01,A01N,13.08526034746319
sy,1.03,H04,H04H,13.08536238223314
vy,3.02,B41,B41J,13.08630953729153
pe,5.02,G08,G08G,13.09109992906451
ub,1.03,B24,B24D,13.09362515341491
ai,2.03,C06,C06B,13.1000000461936
iu,2.03,F24,F24S,13.10617318563163
ru,3.01,B01,B01D,13.10725325345993
mm,6.01,G01,G01S,13.10873020812869
ff,3.02,H01,H01M,13.11111112684011
uk,1.03,A61,A61N,13.12588409800082
ur,1.01,G06,G06K,13.13282068446279
hy,1.06,G06,G06F,13.13310483912937
ro,1.07,F16,F16L,13.1382478941232
uk,1.03,B81,B81B,13.13884886074811
ni,3.01,C12,C12Y,13.13968713534996
di,5.02,A01,A01H,13.14354068785906
dq,9,G09,G09B,13.14418838871643
we,3.02,C07,C07C,13.14913448714651
rz,3.03,H04,H04N,13.15141426026821
pz,2.05,H02,H02K,13.15435280930251
bk,6.04,B29,B29C,13.16232499200851
dy,1.04,F21,F21V,13.16345370048657
pc,5.02,G06,G06K,13.16616517771035
cq,1.06,C04,C04B,13.16933374269865
co,1.06,C12,C12Y,13.17096146591939
ik,2.11,C04,C04B,13.17449156194925
oz,6.02,G03,G03G,13.17904042452574
id,2.07,G11,G11C,13.18147720675915
oz,6.02,C11,C11D,13.18548389733769
nu,5.08,H04,H04H,13.18635676242411
ij,2.11,B60,B60K,13.18647132255137
ro,1.07,G01,G01D,13.19312411732972
ii,2.04,F23,F23J,13.1962303109467
iq,2.02,F16,F16L,13.19669579016045
bq,6.05,F02,F02D,13.20000000298023
ik,2.11,H03,H03M,13.20669798646122
ei,1.04,D04,D04H,13.20769563131034
ne,3.03,H02,H02K,13.21111115068197
ac,2.02,B64,B64G,13.21864091977477
nu,5.08,H01,H01B,13.2210012562573
pm,2.05,G06,G06N,13.22162410640158
iq,2.02,F16,F16D,13.22202391736209
id,2.07,F21,F21S,13.22222225740552
ec,1.04,A61,A61Q,13.22496350295842
yo,3.01,C07,C07H,13.22916430875193
rp,6.04,H04,H04B,13.22976192831993
ve,3.02,G06,G06K,13.23282825620845
ne,3.03,G08,G08B,13.23472667764872
cq,1.06,H04,H04M,13.23651058133692
ah,4.01,C12,C12Q,13.23740541248117
ai,2.03,G11,G11B,13.23834422975779
id,2.07,F23,F23G,13.23872671369463
oz,6.02,B01,B01J,13.24128721095622
zm,1.06,C09,C09D,13.24224757030606
dq,9,C07,C07H,13.24818391469307
cq,1.06,G01,G01J,13.24836702423636
rt,3.02,B01,B01D,13.24863879522309
ep,1.02,G01,G01F,13.25111626274884
qh,2.05,C09,C09D,13.2546888734214
wc,3.03,A61,A61G,13.25805333070457
ku,5.07,G06,G06Q,13.25890192622319
iq,2.02,B66,B66F,13.26013900898397
pe,5.02,H01,H01L,13.26147181075066
xq,2.11,C08,C08F,13.26445030071773
ki,3.02,C12,C12R,13.26548720523715
ro,1.07,B81,B81B,13.26842604926787
ja,1.05,H04,H04M,13.27708161901683
ii,2.04,B29,B29D,13.27789339050651
pu,2.03,C23,C23C,13.27964317868464
pm,2.05,A63,A63F,13.28623131662607
ei,1.04,G01,G01K,13.28770803834777
vy,3.02,B01,B01J,13.29020582558587
ei,1.04,G06,G06K,13.29527438571677
ea,1.04,G01,G01B,13.30277106387075
hq,1.04,A61,A61M,13.30439695203677
ui,1.03,G01,G01P,13.30645581427962
wc,3.03,A61,A61M,13.31239701760933
tm,3.01,G06,G06Q,13.31460884981789
ep,1.02,A61,A61C,13.32072878396139
pw,2.06,G06,G06Q,13.32134023681283
gc,1.05,A61,A61B,13.32150020520203
iu,2.03,F23,F23D,13.32905992306769
sy,1.03,C25,C25D,13.33209142042324
ei,1.04,A24,A24B,13.33396335458383
sy,1.03,F21,F21S,13.3435185868293
ns,2.01,F16,F16K,13.34545251494274
am,4.01,C10,C10G,13.35077795246616
ub,1.03,H01,H01K,13.35108476690948
zd,9,A01,A01N,13.35531456209719
ja,1.05,C08,C08K,13.35536352312192
nu,5.08,H05,H05B,13.3581460500136
ig,2.06,A61,A61Q,13.36195996869355
ue,2.11,C09,C09B,13.36482274159789
ga,3.02,H04,H04W,13.36507940664887
ro,1.07,B82,B82B,13.36567937489599
ff,3.02,G06,G06Q,13.36774986376986
bp,6.04,A61,A61B,13.36992505472153
im,2.01,A61,A61K,13.37229903694242
ep,1.02,H01,H01Q,13.37363089411519
tu,3.01,H01,H01M,13.37620039097965
pa,6.02,H01,H01Q,13.37681164965034
oa,2.11,C09,C09D,13.37779671791941
ub,1.03,G21,G21C,13.3854168150574
uk,1.03,H02,H02N,13.38581194216385
ub,1.03,F16,F16F,13.38997412379831
pa,6.02,G03,G03F,13.39166673272848
pk,2.05,A61,A61F,13.39370686002076
iu,2.03,A01,A01N,13.39396024332382
tm,3.01,C07,C07C,13.39396201446652
pa,6.02,H05,H05K,13.39583334885538
ew,1.02,H02,H02M,13.39934367593378
iu,2.03,B23,B23F,13.40000000596046
ac,2.02,B61,B61L,13.40000011958182
ee,1.04,G06,G06Q,13.4017059924081
ut,6.02,H04,H04N,13.40249338559806
aa,1.03,A61,A61F,13.40501739270985
ve,3.02,G06,G06T,13.40685867588036
pz,2.05,B65,B65D,13.40740744397044
ea,1.04,H05,H05H,13.40788087435067
ew,1.02,H01,H01Q,13.41206917236559
dt,2.03,F25,F25J,13.41547624347731
uk,1.03,H04,H04R,13.41573463031091
ih,2.07,C10,C10L,13.41573469107971
bk,6.04,C08,C08L,13.41666668653488
pm,2.05,B21,B21B,13.42654426768422
su,3.02,B23,B23K,13.42847238108516
mc,1.06,C07,C07K,13.42848601442529
ac,2.02,B64,B64C,13.428939380683
bq,6.05,H01,H01M,13.43074448220432
ye,2.02,A63,A63B,13.43291532644071
gy,5.02,H05,H05K,13.43763741292059
id,2.07,C22,C22B,13.43857446219772
oz,6.02,A01,A01K,13.44145301543176
bq,6.05,H01,H01R,13.45000000298023
im,2.01,G05,G05B,13.45304521918297
ja,1.05,C01,C01G,13.45443778345361
id,2.07,G01,G01K,13.45571131817997
py,3.02,C08,C08K,13.46155309304595
pw,2.06,G06,G06T,13.46368970710319
qe,2.09,C12,C12Q,13.46874494757503
db,2.08,G07,G07F,13.47038643807173
ox,6.02,H04,H04L,13.47505405731499
bq,6.05,G03,G03F,13.47685123048723
im,2.01,H01,H01L,13.47772919852287
bq,6.05,A61,A61M,13.48002781253308
pd,6.02,G06,G06F,13.48030308261514
pk,2.05,F41,F41H,13.48253976553679
cn,5.01,G01,G01N,13.48418085335288
ex,1.02,G02,G02F,13.48785309912637
oa,2.11,G07,G07F,13.48916699551046
cq,1.06,B29,B29C,13.49071189737879
im,2.01,C09,C09K,13.49165366427042
ne,3.03,A61,A61C,13.49703819490969
ee,1.04,H04,H04W,13.49863259680569
nu,5.08,D06,D06F,13.5
ro,1.07,B07,B07B,13.50000005215406
ii,2.04,B23,B23K,13.50284350197762
gy,5.02,G01,G01R,13.50821695290506
id,2.07,C09,C09D,13.50897174328566
er,1.02,G08,G08G,13.51332509145141
ui,1.03,H03,H03H,13.51404771767557
ai,2.03,B29,B29C,13.52000678004697
dw,1.04,C03,C03C,13.52045140322298
ni,3.01,C08,C08G,13.52715594728943
ye,2.02,C23,C23C,13.53171832230873
ub,1.03,B60,B60L,13.53411689167842
hq,1.04,H04,H04N,13.53472014260478
yr,2.01,A61,A61M,13.53922207094729
ig,2.06,H02,H02J,13.54326888453215
su,3.02,H01,H01L,13.54584933258593
dt,2.03,E21,E21B,13.54664742015302
cu,1.06,B82,B82Y,13.54939232091419
ii,2.04,A63,A63B,13.5610766755417
za,3.02,A01,A01N,13.56199214793742
nu,5.08,G03,G03C,13.56944446079433
qj,2.05,C08,C08G,13.57227908633649
db,2.08,A23,A23F,13.57564625935629
uh,1.03,C12,C12Q,13.57918490516022
dw,1.04,H04,H04W,13.58000222966075
rb,2.02,H04,H04W,13.58164191246033
ub,1.03,C25,C25F,13.58360715163872
iu,2.03,G21,G21C,13.58476807177067
ai,2.03,G01,G01V,13.58550770347938
ae,4.05,A01,A01C,13.58702860586345
am,4.01,A01,A01K,13.59295183932409
rp,6.04,A61,A61B,13.59561481326818
oz,6.02,G01,G01S,13.60440122708678
ih,2.07,C12,C12Q,13.60814945586026
ii,2.04,B03,B03B,13.6093576955609
ue,2.11,H04,H04M,13.61674828175455
if,2.11,B82,B82Y,13.61679303145502
pu,2.03,B01,B01L,13.61765848682262
ah,4.01,G06,G06Q,13.62201315397397
vj,5.01,G02,G02B,13.62237767875195
aa,1.03,G01,G01B,13.62691054400057
iu,2.03,F25,F25J,13.63134924462065
ew,1.02,C12,C12N,13.63201385264983
hq,1.04,G01,G01J,13.63349813444074
id,2.07,F24,F24F,13.63795567443594
uf,1.03,H05,H05G,13.64429425820708
ee,1.04,A62,A62D,13.64529195893556
tu,3.01,B05,B05B,13.65252912743017
pk,2.05,B41,B41J,13.65407914947718
dy,1.04,C01,C01C,13.65580521523952
dm,3.02,C08,C08B,13.66070718108676
qj,2.05,C08,C08B,13.66238626046106
jy,4.05,C07,C07F,13.66490937024355
ew,1.02,F02,F02D,13.66527784150094
ee,1.04,A23,A23G,13.66810187557712
ut,6.02,G11,G11B,13.6724816057831
qq,1.05,G06,G06T,13.67586064245552
uh,1.03,C08,C08L,13.68181569944136
ze,1.06,C07,C07F,13.68826692854054
pu,2.03,G03,G03F,13.68970239907503
dr,1.06,G01,G01R,13.69066645298153
pm,2.05,G01,G01P,13.6946374734398
ii,2.04,A23,A23B,13.70562747120857
ub,1.03,C01,C01F,13.71399119030684
ma,3.02,B01,B01L,13.72783802717458
gc,1.05,H04,H04W,13.73075867444277
ei,1.04,C23,C23F,13.73574530077167
ia,3.02,A01,A01N,13.74223082396202
ja,1.05,G01,G01V,13.74243697058409
id,2.07,C30,C30B,13.74414167902432
iu,2.03,F26,F26B,13.75416671484709
uk,1.03,H02,H02K,13.7544498431962
mq,6.01,A61,A61K,13.76187306980137
ii,2.04,B04,B04C,13.76215287670493
ui,1.03,H05,H05G,13.76564353518188
um,3.01,C07,C07H,13.76680828584358
xe,4.01,C12,C12R,13.77756266854703
di,5.02,A61,A61B,13.77976881153882
pm,2.05,F01,F01N,13.78372181719169
ep,1.02,B61,B61L,13.78710334375501
ah,4.01,A23,A23D,13.78765720129013
ep,1.02,H02,H02K,13.7887395513244
gy,5.02,G09,G09G,13.79586577415466
cq,1.06,D06,D06M,13.79616737598553
pa,6.02,H04,H04B,13.79924244061112
rt,3.02,C08,C08G,13.80112981796265
js,6.04,E21,E21B,13.80151522904634
yi,6.03,C07,C07D,13.80230024270713
ea,1.04,A61,A61N,13.80284983001184
wf,1.06,G06,G06F,13.8061712984927
ep,1.02,B60,B60K,13.80729637015611
ai,2.03,G11,G11C,13.8093587262556
es,2.02,B25,B25J,13.81751315086149
gy,5.02,A61,A61M,13.82646676525474
rp,6.04,G01,G01R,13.82984190806746
pm,2.05,F25,F25B,13.83496678061783
ep,1.02,H01,H01M,13.8389450116083
bu,1.03,H04,H04W,13.84193474147469
oy,9,C07,C07D,13.84193877223879
pk,2.05,G11,G11C,13.84193944511935
wu,5.04,A61,A61F,13.8421919203829
dw,1.04,C06,C06B,13.8443151707761
ix,2.07,G01,G01N,13.84908354841173
ro,1.07,A61,A61C,13.84949981234968
sr,2.07,H01,H01L,13.85265573882498
pu,2.03,F01,F01D,13.8534273263067
zd,9,E21,E21B,13.85954324901104
hq,1.04,C12,C12N,13.85956901742611
gc,1.05,G06,G06Q,13.86788994353265
dm,3.02,G07,G07F,13.87063501402736
ij,2.11,C23,C23C,13.87331881653517
ih,2.07,G21,G21F,13.87542747706175
dy,1.04,H01,H01Q,13.8787176606711
et,1.02,C10,C10M,13.88055557012558
co,1.06,C09,C09D,13.8826061906293
ro,1.07,A21,A21D,13.88357433816418
sa,3.03,C07,C07H,13.88568261591718
uy,1.04,B24,B24B,13.88569559901953
tu,3.01,G03,G03F,13.89288366655819
vy,3.02,G21,G21F,13.89811519160867
xq,2.11,H04,H04W,13.89818490669131
dy,1.04,C01,C01D,13.90029228199273
mm,6.01,A61,A61M,13.90139312576503
nn,3.03,E21,E21B,13.90349242463708
le,1.05,A61,A61K,13.90983421145938
om,5.05,G11,G11C,13.9191645309329
db,2.08,G11,G11B,13.92216809932142
iq,2.02,F23,F23N,13.92500017210841
ex,1.02,G16,G16H,13.93075552163646
aa,1.03,G05,G05B,13.93145305407234
id,2.07,F26,F26B,13.93472232855856
im,2.01,G01,G01M,13.93969824723899
ye,2.02,H02,H02P,13.94272955413908
uy,1.04,F41,F41H,13.94961753115058
ah,4.01,A23,A23C,13.95229758741334
iu,2.03,C08,C08L,13.95693219476379
jy,4.05,A22,A22B,13.95832702703774
ue,2.11,G08,G08G,13.95874601462856
qf,9,C08,C08L,13.9628567120526
ry,2.03,H01,H01S,13.96491689817049
ac,2.02,B81,B81C,13.96582398586906
tq,3.02,H04,H04N,13.96953380387276
si,1.05,B63,B63B,13.97016008757055
ep,1.02,H04,H04Q,13.97194344317541
oz,6.02,G05,G05B,13.97619050741196
py,3.02,A01,A01K,13.97628226515371
ne,3.03,A23,A23L,13.97872544860002
ub,1.03,C12,C12M,13.99310453783255
iq,2.02,F03,F03B,13.99404773954302
xw,3.03,A61,A61H,13.99521634308621
pu,2.03,F41,F41H,13.99958280380815
zm,1.06,C07,C07F,14.00240923976526
hb,5.03,A61,A61K,14.0026201083092
ac,2.02,E02,E02F,14.00661234930158
ro,1.07,B62,B62D,14.01040522847325
ru,3.01,A63,A63F,14.01048134220764
ka,4.01,A61,A61K,14.01447327435017
ot,6.02,G03,G03G,14.016666688025
ii,2.04,F23,F23D,14.03055576793849
qa,3.01,G06,G06T,14.03422399866395
hb,5.03,H04,H04L,14.03696792479604
ui,1.03,H01,H01G,14.04200252890587
id,2.07,B01,B01F,14.04720985097811
pm,2.05,B42,B42D,14.04787082597613
co,1.06,C09,C09K,14.04811519035138
qu,1.06,C22,C22B,14.0493975924328
uk,1.03,F25,F25B,14.04991810326464
zq,2.07,H01,H01L,14.05099271121435
oa,2.11,C08,C08G,14.05150461819721
tu,3.01,C03,C03C,14.0524306925945
ii,2.04,C10,C10K,14.05653606820852
bq,6.05,G03,G03G,14.06250002235174
ai,2.03,F16,F16F,14.06816749926656
pz,2.05,A61,A61M,14.06969182938337
tm,3.01,G06,G06T,14.07295135734603
nu,5.08,H03,H03M,14.07553484570235
bf,5.04,A61,A61K,14.07583177380729
uu,5.06,G01,G01N,14.07985288021155
py,3.02,B82,B82Y,14.08109227358364
ui,1.03,C08,C08J,14.08316048025154
js,6.04,G06,G06T,14.08745723962784
rb,2.02,G02,G02B,14.09341242397204
ac,2.02,B23,B23K,14.09456322621554
dt,2.03,C01,C01B,14.09855942497961
ii,2.04,F04,F04B,14.1018112632446
pm,2.05,D06,D06P,14.10254633799195
pu,2.03,B01,B01F,14.10723247064743
pq,1.01,G03,G03G,14.11677499860525
ro,1.07,B08,B08B,14.11955497413874
dy,1.04,H04,H04R,14.12503948085941
dm,3.02,B01,B01D,14.13113097753376
iu,2.03,B65,B65G,14.13340910803527
td,3.02,H04,H04L,14.13623814098537
es,2.02,B60,B60R,14.13849522918463
ev,1.02,G08,G08B,14.14008250692859
dy,1.04,G09,G09F,14.14158474071883
qu,1.06,G06,G06Q,14.14459018502384
pz,2.05,F16,F16L,14.15000008419156
ex,1.02,G03,G03B,14.15248985076323
ru,3.01,H04,H04R,14.15497270715423
ne,3.03,C04,C04B,14.16016058251262
cu,1.06,G01,G01R,14.1641392998863
et,1.02,H04,H04S,14.16493112128228
da,1.06,H01,H01L,14.16856703814119
yp,3.02,A61,A61N,14.17065273132175
ui,1.03,A63,A63B,14.1706913150847
am,4.01,C12,C12Y,14.17174773174338
im,2.01,B63,B63B,14.17229450494051
oz,6.02,G01,G01V,14.17757944762707
qj,2.05,D04,D04H,14.17928376048803
cq,1.06,D21,D21C,14.1841801838018
nu,5.08,G01,G01S,14.1866207155399
td,3.02,G10,G10L,14.19630686193705
my,5.01,A61,A61B,14.19843334285542
ai,2.03,A61,A61K,14.1992651973851
if,2.11,G09,G09B,14.199536931701
qj,2.05,D04,D04B,14.20000004768372
ff,3.02,A61,A61F,14.20409839460626
si,1.05,H04,H04B,14.20571200037375
ay,3.01,A61,A61N,14.20991156157106
aa,1.03,B01,B01D,14.21250182192307
uf,1.03,B82,B82Y,14.21443483280018
id,2.07,B63,B63B,14.21717178076506
nu,5.08,H01,H01R,14.21809847839177
qu,1.06,A61,A61N,14.22222479619086
ia,3.02,C12,C12P,14.2236114400439
es,2.02,G01,G01B,14.22679884638637
ns,2.01,H05,H05B,14.22817957424559
et,1.02,H03,H03L,14.23608678625897
ku,5.07,H04,H04L,14.24452572059818
om,5.05,G03,G03G,14.25
hq,1.04,B05,B05D,14.25210492499173
jm,5.04,G06,G06F,14.2526910379529
es,2.02,A61,A61N,14.25506941392086
iu,2.03,B24,B24C,14.26250006817281
dq,9,G16,G16H,14.26347247860394
im,2.01,B01,B01J,14.2638000510633
pu,2.03,B25,B25J,14.26391222979873
if,2.11,C02,C02F,14.2660816530697
pz,2.05,G01,G01R,14.26738885510713
ai,2.03,G01,G01F,14.26769981207326
pz,2.05,B24,B24D,14.27075297944248
ja,1.05,B41,B41J,14.28561463393271
yq,5.07,H01,H01Q,14.28569057025015
uk,1.03,H03,H03L,14.29842234798707
ku,5.07,G06,G06T,14.31282020779327
ij,2.11,F16,F16H,14.31666668131948
fy,3.02,C03,C03C,14.33544101379812
uy,1.04,C25,C25B,14.33668304467574
ea,1.04,C01,C01G,14.33960773143917
ia,3.02,H04,H04N,14.33988239988685
pz,2.05,C07,C07C,14.33994419081137
oa,2.11,G07,G07C,14.34092832123861
fi,1.04,C09,C09D,14.34101851284504
ii,2.04,F25,F25B,14.3439433304593
ne,3.03,H01,H01Q,14.3473404776305
cu,1.06,H04,H04L,14.34797772229649
ij,2.11,G11,G11B,14.35289398720488
ro,1.07,A23,A23G,14.35380251239985
js,6.04,A61,A61B,14.36371082812548
qf,9,B23,B23K,14.36573593760841
tu,3.01,C11,C11B,14.3659077193588
pa,6.02,C08,C08K,14.3678572177887
cu,1.06,A61,A61F,14.37159874057397
uu,5.06,G03,G03F,14.37197636277415
oz,6.02,G01,G01R,14.38333337754011
iq,2.02,B22,B22D,14.39595349971205
oz,6.02,C08,C08G,14.39704976603389
xe,4.01,C12,C12N,14.39907827100251
ai,2.03,G01,G01J,14.4037969193887
oa,2.11,B60,B60W,14.40552353626117
nu,5.08,B60,B60R,14.40674604475498
py,3.02,C01,C01B,14.40746890101582
ev,1.02,G01,G01B,14.41835097060539
da,1.06,C07,C07J,14.42065473156981
ew,1.02,C23,C23C,14.42210312653333
db,2.08,C08,C08H,14.42495652195066
bu,1.03,A61,A61K,14.42507922532968
ji,5.01,A61,A61B,14.42604348924942
ei,1.04,G06,G06Q,14.42605807911605
hf,6.03,H04,H04N,14.42827201541513
bq,6.05,B01,B01D,14.43038064241409
ev,1.02,B29,B29C,14.43213099846616
mm,6.01,G11,G11C,14.43993512913585
ui,1.03,C12,C12N,14.44704620237462
nq,5.01,H04,H04L,14.44831488560885
pm,2.05,G09,G09F,14.449507702142
ro,1.07,F21,F21V,14.45632670540363
da,1.06,C08,C08G,14.45884507277515
ro,1.07,C03,C03B,14.46208261884749
ui,1.03,G07,G07F,14.46224063634872
mu,4.01,G01,G01N,14.46381835173815
mm,6.01,G01,G01R,14.46602279134095
ea,1.04,H01,H01G,14.4671593667008
ac,2.02,F16,F16H,14.46812188625336
ex,1.02,H03,H03H,14.47616638895124
ea,1.04,G01,G01L,14.47683622920886
dy,1.04,C10,C10B,14.4797780495137
xq,2.11,G11,G11C,14.48389723245054
tu,3.01,G06,G06T,14.48399087856524
id,2.07,E02,E02B,14.48611120134592
za,3.02,H04,H04N,14.49178403057158
km,1.06,A61,A61M,14.4922799449414
iq,2.02,A01,A01K,14.49276495305821
rt,3.02,E21,E21B,14.49500084295869
ai,2.03,H04,H04M,14.49799340358004
jy,4.05,H04,H04M,14.50010357238352
gc,1.05,A61,A61K,14.50054157106206
jy,4.05,A47,A47J,14.51170945726335
ih,2.07,F01,F01N,14.51508737169206
iu,2.03,G01,G01S,14.51780630485155
pz,2.05,C03,C03B,14.52466072235256
ik,2.11,H03,H03K,14.52569485316053
uy,1.04,G02,G02C,14.52827816503122
jy,4.05,C08,C08F,14.52876935340464
qu,1.06,A23,A23G,14.53022736683488
pk,2.05,A61,A61B,14.53252233075909
tm,3.01,A01,A01N,14.53354301769286
ry,2.03,G03,G03F,14.53603035723791
ae,4.05,C07,C07C,14.53667056444101
si,1.05,G06,G06Q,14.536862146575
py,3.02,C08,C08B,14.53995922394097
ii,2.04,H01,H01R,14.55090459994972
db,2.08,C01,C01B,14.55430517718196
et,1.02,A63,A63B,14.5620934299659
nn,3.03,A61,A61Q,14.56747965677641
ja,1.05,C08,C08J,14.56760507752188
cl,9,B06,B06B,14.57212309166789
um,3.01,A61,A61H,14.57530983281322
ev,1.02,G09,G09G,14.57762289699167
ro,1.07,G01,G01P,14.58562113530934
if,2.11,C07,C07C,14.58969318587333
uh,1.03,H01,H01G,14.59368478646502
oz,6.02,C04,C04B,14.59563497453928
iu,2.03,B65,B65D,14.5991798422765
ae,4.05,C11,C11B,14.60732616204768
pk,2.05,B22,B22C,14.61468261480331
le,1.05,B01,B01D,14.61544175026938
dy,1.04,F04,F04B,14.62144325301051
pu,2.03,A61,A61F,14.62159745953977
io,2.07,H04,H04L,14.6226788344793
jy,4.05,B29,B29C,14.62871620059013
pm,2.05,C06,C06B,14.63610630854964
ub,1.03,H04,H04M,14.6394088184461
dy,1.04,C12,C12Y,14.63959841430187
uh,1.03,H04,H04W,14.64389594085515
if,2.11,A61,A61N,14.65473846171517
ui,1.03,C08,C08L,14.65929300268181
qa,3.01,H01,H01L,14.66031607007608
pk,2.05,E21,E21B,14.67272378411144
tu,3.01,C12,C12Y,14.6826776828384
qe,2.09,C23,C23C,14.68381463270634
ae,4.05,A61,A61K,14.69401009962894
qe,2.09,B01,B01J,14.69988375692628
uh,1.03,H01,H01B,14.71000951272435
bq,6.05,H01,H01Q,14.71165145654231
iu,2.03,F16,F16L,14.71217958908528
dr,1.06,C07,C07J,14.71347456006333
pm,2.05,G05,G05D,14.71557690459304
db,2.08,G03,G03F,14.71820261329412
io,2.07,G01,G01V,14.72038963902742
ub,1.03,C22,C22F,14.72388508357108
id,2.07,C08,C08J,14.73001348366961
ac,2.02,H03,H03H,14.73108397540636
qe,2.09,C03,C03C,14.73409904353321
gy,5.02,G11,G11C,14.73505658097565
rp,6.04,G10,G10L,14.73976546525955
pm,2.05,G21,G21F,14.7427085051313
dk,5.02,A61,A61B,14.75689978897572
nu,5.08,G08,G08B,14.75761347543448
ac,2.02,B66,B66C,14.75795965222642
hq,1.04,C25,C25F,14.75799195934087
id,2.07,C08,C08F,14.75814506225288
if,2.11,A61,A61F,14.75897009414621
fi,1.04,H01,H01B,14.76307942345738
ml,9,A61,A61B,14.76695058820769
yq,5.07,B60,B60R,14.76957680284977
ac,2.02,A63,A63F,14.77043092809618
dm,3.02,H05,H05K,14.77457581087947
ui,1.03,H04,H04R,14.77668413612992
ii,2.04,G06,G06N,14.77736072940752
ee,1.04,C11,C11C,14.78465755307116
xa,5.04,A61,A61K,14.78554231289309
nn,3.03,C12,C12P,14.79026738728862
sa,3.03,A61,A61F,14.79107733536512
pm,2.05,G01,G01C,14.7986067822203
db,2.08,C04,C04B,14.80932950577699
ac,2.02,H03,H03M,14.80973597429693
ac,2.02,G08,G08B,14.81090838206001
pu,2.03,F16,F16F,14.81298875948414
ui,1.03,C08,C08G,14.81405682768673
cq,1.06,C01,C01B,14.81898378161713
iq,2.02,B21,B21B,14.81955903861672
ji,5.01,G06,G06K,14.84411400253884
ye,2.02,A61,A61F,14.8442898504436
nn,3.03,A61,A61F,14.84994918853045
ee,1.04,D21,D21H,14.85449080727994
ja,1.05,A61,A61M,14.85802171635441
ec,1.04,G01,G01R,14.86118581634946
iu,2.03,B60,B60C,14.861752320081
uu,5.06,A01,A01H,14.86199522018433
et,1.02,G05,G05D,14.86756438785233
pn,1.01,G03,G03F,14.87191299791448
sy,1.03,H01,H01R,14.87252669967711
ru,3.01,H04,H04B,14.87808336643502
ka,4.01,C07,C07C,14.87921840976924
ns,2.01,C07,C07K,14.87939956726041
rb,2.02,A61,A61H,14.87982922466472
ff,3.02,G01,G01N,14.88105411082506
ze,1.06,A61,A61L,14.88171591283754
ds,3.02,C12,C12N,14.88239661825355
eu,2.02,G11,G11B,14.8844866482541
ad,4.02,C07,C07C,14.88455728674307
iu,2.03,F03,F03B,14.88505299389362
qg,2.05,G03,G03G,14.89243057928979
ry,2.03,G06,G06Q,14.89372456772253
ro,1.07,G01,G01M,14.89393649995327
zd,9,G01,G01R,14.9020895329304
ja,1.05,G11,G11B,14.90255960496143
dw,1.04,B41,B41M,14.90863297693431
vy,3.02,G01,G01J,14.9157146794023
il,2.07,B63,B63B,14.92164515890181
ac,2.02,H04,H04J,14.92167219799012
ei,1.04,B08,B08B,14.92500658356585
ea,1.04,C03,C03C,14.9339539448265
qg,2.05,C09,C09J,14.93808801099658
ya,3.02,G01,G01R,14.94628561893478
ac,2.02,H02,H02N,14.94651567167602
yo,3.01,C02,C02F,14.952427232638
iu,2.03,B63,B63B,14.95314413867891
ub,1.03,A01,A01N,14.95375039416831
ew,1.02,G03,G03H,14.95749718043953
xa,5.04,H01,H01L,14.96016569808125
pu,2.03,G06,G06Q,14.96352566126734
tu,3.01,A63,A63F,14.96644452190958
sy,1.03,C08,C08K,14.96755631640553
nu,5.08,B82,B82Y,14.96842977427877
gy,5.02,G06,G06K,14.97071910463274
pj,2.05,D01,D01F,14.97437797114253
tu,3.01,B01,B01F,14.97500580688938
py,3.02,C03,C03C,14.97586325462908
ni,3.01,H04,H04W,14.9774332838133
if,2.11,H01,H01Q,14.97876509581693
bu,1.03,G01,G01T,14.9822504799813
ns,2.01,C22,C22F,14.98231732239947
sy,1.03,A61,A61L,14.982376002823
dy,1.04,B60,B60R,14.98888892680407
qu,1.06,A01,A01K,14.99387501494493
py,3.02,G09,G09F,15
pn,1.01,A61,A61N,15.00281243002973
qg,2.05,B22,B22F,15.00331377075054
ja,1.05,G21,G21F,15.00401763990521
jy,4.05,H04,H04N,15.01143170008436
ii,2.04,H01,H01G,15.01815331587568
xq,2.11,H05,H05B,15.03255702741444
ry,2.03,A61,A61L,15.03451894968748
yp,3.02,F04,F04D,15.03976203128695
dx,3.01,C09,C09B,15.0475988718681
ev,1.02,B25,B25J,15.05013866256922
fa,2.01,B01,B01D,15.05324087850749
tm,3.01,H04,H04L,15.05457531660795
uk,1.03,H03,H03B,15.05950911296532
ni,3.01,B01,B01J,15.06204922753386
bp,6.04,G06,G06T,15.07601353805512
ec,1.04,C12,C12Q,15.07865778286941
ec,1.04,C03,C03C,15.07876064442098
ui,1.03,H01,H01B,15.07950286194682
pm,2.05,B60,B60R,15.08444459363818
fi,1.04,G01,G01T,15.08749674540013
ih,2.07,C08,C08G,15.09052072325721
id,2.07,A01,A01N,15.09201279189438
ik,2.11,B21,B21D,15.09279055334628
im,2.01,B29,B29C,15.09305572416633
ac,2.02,G05,G05F,15.09315374237485
et,1.02,B23,B23K,15.09692418947816
uy,1.04,H04,H04L,15.10190944746137
et,1.02,C12,C12P,15.10883592325263
zq,2.07,G06,G06F,15.11942353798077
ii,2.04,B09,B09C,15.11951122432947
pz,2.05,H01,H01H,15.12500006519258
ro,1.07,G08,G08G,15.13247870281339
zm,1.06,A61,A61Q,15.13429729780182
oy,9,G02,G02B,15.13498280011117
ea,1.04,B81,B81C,15.13975776638836
yy,5.07,H04,H04L,15.14273917116225
iq,2.02,A23,A23L,15.1462248605676
pc,5.02,A61,A61K,15.15574733819813
ep,1.02,B23,B23K,15.15610873885453
iu,2.03,C10,C10G,15.15921218832955
ro,1.07,G01,G01K,15.15945354476571
if,2.11,G10,G10K,15.16203834302723
tm,3.01,B01,B01L,15.16733233397827
km,1.06,B01,B01J,15.17112370184623
gu,1.06,C07,C07F,15.17291245935485
ot,6.02,H04,H04M,15.17451937310398
qj,2.05,C11,C11D,15.17753065680154
im,2.01,E01,E01D,15.17902935668826
ex,1.02,G05,G05D,15.17955862591043
ro,1.07,H01,H01R,15.18167303875089
py,3.02,G03,G03F,15.18421525508165
aa,1.03,G01,G01P,15.18702103709802
im,2.01,H04,H04N,15.19814348127693
uy,1.04,D21,D21F,15.19913427531719
pm,2.05,G03,G03H,15.21370152966119
pw,2.06,B01,B01D,15.2169530261308
et,1.02,G01,G01D,15.22146730544046
xq,2.11,G01,G01B,15.23303334810771
wy,5.04,G06,G06F,15.23906345106661
if,2.11,F01,F01D,15.24108954891562
sa,3.03,A01,A01H,15.24512734869495
sd,3.02,H04,H04W,15.24568079598248
pm,2.05,H02,H02M,15.24792140116915
pj,2.05,B41,B41F,15.25
fy,3.02,C08,C08F,15.25132806878537
oa,2.11,H01,H01R,15.25696612335742
pe,5.02,G01,G01C,15.25998987723142
qa,3.01,G06,G06K,15.26046140468679
qg,2.05,H04,H04L,15.26600874494761
qu,1.06,A21,A21D,15.26805627264548
iy,1.06,C12,C12Q,15.2692946176976
dw,1.04,B01,B01F,15.2704820248764
ns,2.01,H01,H01H,15.27660764567554
re,1.05,G01,G01N,15.27768230275251
ja,1.05,C08,C08L,15.28036808990873
qh,2.05,A61,A61L,15.28273971541785
rb,2.02,G09,G09B,15.2854111068882
co,1.06,G06,G06N,15.28885434591211
ep,1.02,G01,G01M,15.29126516310498
pc,5.02,G11,G11B,15.29588195495307
ik,2.11,B23,B23H,15.29775534570217
bk,6.04,G03,G03G,15.301190584898
xa,5.04,H04,H04N,15.30230553192087
oz,6.02,A61,A61Q,15.3044643541798
hq,1.04,H04,H04L,15.30536664812826
ro,1.07,G05,G05D,15.30591046158224
ij,2.11,B23,B23K,15.31583667267114
sa,3.03,A61,A61M,15.31949686794542
pq,1.01,H01,H01M,15.3236322812736
ip,2.07,C04,C04B,15.32422508392483
dm,3.02,H01,H01J,15.32426194776781
qe,2.09,B82,B82Y,15.32511384319514
uy,1.04,G01,G01R,15.32521139108576
re,1.05,C04,C04B,15.32889495394193
et,1.02,G03,G03B,15.3311819289811
ig,2.06,C03,C03C,15.33129498269409
ns,2.01,H04,H04R,15.33562174090184
gy,5.02,A61,A61F,15.34270799066871
xa,5.04,A61,A61B,15.34543978143483
ne,3.03,B01,B01J,15.3536376755219
ro,1.07,F17,F17C,15.3591666277498
vx,5.01,A61,A61K,15.35931273689494
pu,2.03,B41,B41J,15.36133499466814
rt,3.02,H04,H04M,15.36204919381998
cu,1.06,A61,A61M,15.36463623703457
fi,1.04,C08,C08K,15.36750967241824
pa,6.02,G09,G09G,15.36866682767868
ah,4.01,A21,A21D,15.37729704193771
tc,3.02,A63,A63B,15.37827170547098
uy,1.04,A61,A61C,15.3798235191498
ns,2.01,C01,C01G,15.38662415114231
ro,1.07,B60,B60R,15.386788636446
ay,3.01,C07,C07K,15.38715416088235
oa,2.11,H01,H01G,15.38963266345672
bq,6.05,B65,B65D,15.392857208848
bu,1.03,G06,G06Q,15.39446596615016
ne,3.03,B41,B41J,15.40000005066395
ig,2.06,G01,G01P,15.4046684410423
pz,2.05,G02,G02B,15.40539917326532
nu,5.08,D01,D01F,15.40631472039968
ea,1.04,C11,C11B,15.40733155421913
iu,2.03,G07,G07F,15.40757580660284
ai,2.03,H01,H01J,15.42132438067347
qq,1.05,H04,H04N,15.42446753475815
ju,4.01,C02,C02F,15.42636291496456
pm,2.05,B21,B21C,15.42706244252622
ad,4.02,A22,A22B,15.42724102735519
pm,2.05,H04,H04M,15.43163683591411
wh,3.02,G06,G06Q,15.43955614697188
dk,5.02,G11,G11B,15.43989908695221
ih,2.07,A61,A61L,15.44006503885612
dy,1.04,H01,H01R,15.44077302329242
ep,1.02,B60,B60T,15.44405790604651
pq,1.01,G06,G06K,15.44502034178004
ja,1.05,C08,C08F,15.44596892176196
ro,1.07,F04,F04B,15.44881574297324
pu,2.03,C09,C09J,15.45026753097773
tc,3.02,G06,G06T,15.4524220302701
yg,6.04,G06,G06Q,15.45503541454673
hq,1.04,G11,G11C,15.45575943915173
xy,1.01,A61,A61B,15.45687615743373
qf,9,B29,B29C,15.45875086542219
pj,2.05,B29,B29C,15.46072833240032
id,2.07,H01,H01J,15.46408391208388
nu,5.08,H01,H01G,15.47060442529619
le,1.05,G01,G01C,15.47154378052801
qq,1.05,A61,A61K,15.48105360509362
ka,4.01,A01,A01H,15.48307638196275
bq,6.05,A01,A01H,15.48351795785129
ig,2.06,B25,B25J,15.48362167645246
ix,2.07,G01,G01V,15.49307483341545
if,2.11,A61,A61M,15.49310267763212
dm,3.02,G11,G11B,15.49963929131627
qg,2.05,C07,C07D,15.50779885146767
ig,2.06,H03,H03F,15.5079715247266
sy,1.03,H01,H01F,15.511929404689
dr,1.06,B01,B01D,15.5121661266312
wm,5.04,H04,H04W,15.51422058278695
iq,2.02,A01,A01H,15.51536226132885
ai,2.03,H05,H05B,15.51745194010437
ik,2.11,C08,C08J,15.51872337260284
ai,2.03,G09,G09B,15.5194761059247
sy,1.03,B60,B60R,15.52210325747728
oz,6.02,C08,C08F,15.52814967930317
ui,1.03,G10,G10K,15.53540768101811
jy,4.05,C09,C09J,15.53669670131058
ma,3.02,C12,C12M,15.53682580264285
dw,1.04,C14,C14C,15.54346857778728
hq,1.04,C01,C01D,15.54562990088016
ea,1.04,C10,C10L,15.55029015557375
pj,2.05,C07,C07C,15.55165344383568
pa,6.02,G01,G01R,15.55293325334787
js,6.04,H04,H04M,15.5553030744195
su,3.02,H04,H04L,15.55640349444002
ye,2.02,G07,G07B,15.56631430983543
ya,3.02,A61,A61G,15.56774952355772
ig,2.06,G10,G10K,15.57464313646778
oa,2.11,G10,G10K,15.57484985515475
iq,2.02,A61,A61Q,15.58116278238595
ii,2.04,C10,C10C,15.58281638473272
ea,1.04,G01,G01F,15.58313306514174
sd,3.02,A01,A01N,15.58479712507688
ro,1.07,G02,G02C,15.59008474461734
ig,2.06,G21,G21K,15.59996415022761
vm,5.06,H04,H04L,15.61323526222259
ue,2.11,H04,H04H,15.61556819919497
pm,2.05,E04,E04B,15.61865090858191
uk,1.03,H01,H01C,15.63554574549198
ii,2.04,F02,F02M,15.63814875483513
we,3.02,A01,A01N,15.64736943505704
uf,1.03,B01,B01J,15.65564541262574
ac,2.02,G01,G01V,15.65698399581015
am,4.01,C05,C05F,15.66352705704048
iq,2.02,D06,D06F,15.67261912673712
ne,3.03,H02,H02M,15.67759468406439
pu,2.03,B21,B21D,15.68076265603304
ro,1.07,F03,F03D,15.68611117452383
ba,3.02,C07,C07K,15.68780950654764
ba,3.02,C07,C07C,15.68849324597977
ew,1.02,B60,B60N,15.69444447010756
sy,1.03,H01,H01H,15.70243759057485
fi,1.04,C12,C12N,15.70715729807853
id,2.07,H01,H01F,15.70848156698048
cq,1.06,C11,C11C,15.71388868964277
ii,2.04,D06,D06P,15.72115921601653
wc,3.03,A63,A63B,15.72442665044218
iu,2.03,B08,B08B,15.72906500659883
cq,1.06,G11,G11B,15.73659130232409
my,5.01,H04,H04L,15.74180727079511
dt,2.03,F24,F24F,15.74875699309632
uk,1.03,G06,G06Q,15.75103815319017
wq,5.01,G06,G06F,15.75538780447096
tu,3.01,A23,A23D,15.76011059945449
iq,2.02,B23,B23Q,15.76459459401667
ee,1.04,B32,B32B,15.76514271227643
ev,1.02,A61,A61F,15.76660726149566
nu,5.08,G02,G02F,15.77224432677031
de,1.06,C02,C02F,15.77626219997182
ea,1.04,H01,H01B,15.77939161902759
uk,1.03,A61,A61F,15.78685968974605
im,2.01,E04,E04C,15.78694465383887
dt,2.03,C10,C10L,15.79215350537561
sy,1.03,H03,H03B,15.79591818759218
uf,1.03,H01,H01S,15.79797548637725
ro,1.07,C09,C09C,15.81542758271098
fa,2.01,H04,H04L,15.82253396278247
ur,1.01,G02,G02B,15.83214377914555
rt,3.02,F02,F02D,15.83333337306976
bq,6.05,H05,H05B,15.83725352026522
qc,6.02,H04,H04L,15.84027826599777
sy,1.03,H02,H02J,15.8413745618891
ep,1.02,H01,H01J,15.84381641470827
ne,3.03,G05,G05B,15.85205705557019
jy,4.05,A21,A21C,15.85714313015342
id,2.07,C08,C08G,15.8625471224077
ik,2.11,B23,B23B,15.86998571269214
xq,2.11,A61,A61M,15.87395918369293
ou,1.06,G01,G01N,15.87718545715325
qj,2.05,D21,D21H,15.88383955322206
pm,2.05,F21,F21V,15.88508223090321
zd,9,A01,A01K,15.88516894332133
sy,1.03,A63,A63F,15.88934650551528
ns,2.01,B01,B01F,15.89676083833911
ct,9,C12,C12M,15.89928240492009
ij,2.11,G06,G06K,15.90812466363423
iq,2.02,F28,F28D,15.91007193014957
sr,2.07,G06,G06Q,15.91885144682601
ub,1.03,C11,C11D,15.92155677918345
ue,2.11,G08,G08B,15.93315951153636
pa,6.02,H05,H05B,15.93703714758158
pm,2.05,F28,F28D,15.94011311605573
ye,2.02,G03,G03F,15.94558645156212
gy,5.02,H04,H04B,15.94739453261718
ex,1.02,B41,B41J,15.95512390416116
ah,4.01,C11,C11B,15.96047662873752
iu,2.03,B60,B60L,15.96064738882706
dw,1.04,C22,C22B,15.96649508643895
py,3.02,E21,E21B,15.97075101360679
ji,5.01,G01,G01C,15.97165982355364
pm,2.05,G01,G01F,15.97363931220025
oa,2.11,B07,B07C,15.97500007227063
ij,2.11,A61,A61F,15.9835239793174
uu,5.06,H04,H04M,15.98470082879066
ac,2.02,H01,H01Q,15.98538464959711
cq,1.06,E21,E21B,15.98567685717717
da,1.06,A23,A23L,15.98748892825097
bq,6.05,H03,H03K,15.99628063384444
ui,1.03,G05,G05B,16.0100067416206
iu,2.03,B60,B60K,16.01721520908177
gm,3.03,G01,G01N,16.02660035970621
pi,1.06,C02,C02F,16.03570416057482
ui,1.03,B01,B01L,16.04301955283154
co,1.06,G01,G01J,16.04308880167082
iu,2.03,A63,A63B,16.04486746527255
qg,2.05,A61,A61B,16.0474263553042
uk,1.03,C12,C12Q,16.04836498032091
ns,2.01,C08,C08K,16.05124343861826
eu,2.02,H04,H04B,16.0517307985574
oe,5.06,A61,A61K,16.05962921003811
ds,3.02,G06,G06Q,16.06619680486619
oa,2.11,G04,G04F,16.0666579362005
uh,1.03,C08,C08G,16.07229899358936
da,1.06,G06,G06K,16.07323342910968
ni,3.01,A61,A61F,16.08309164003003
id,2.07,G01,G01S,16.08534348942339
gy,5.02,C23,C23C,16.0880016181618
ui,1.03,H05,H05B,16.08954428229481
vy,3.02,G01,G01F,16.08974069263786
ht,1.06,A61,A61K,16.09381616563769
lj,3.02,H04,H04L,16.09451809339225
ye,2.02,H02,H02H,16.10248934663832
dm,3.02,H04,H04B,16.10541492607445
wu,5.04,G07,G07F,16.11090030148625
pj,2.05,F26,F26B,16.11111120507121
ea,1.04,G01,G01D,16.11812750669196
dt,2.03,H01,H01M,16.12137231160887
co,1.06,A23,A23L,16.1227364174556
db,2.08,B29,B29C,16.12928106542677
qh,2.05,A61,A61B,16.13513911888003
ex,1.02,A61,A61N,16.13544270198327
pk,2.05,B05,B05D,16.13725356757641
ai,2.03,B32,B32B,16.13993714377284
iu,2.03,B05,B05B,16.14037041994743
sy,1.03,F24,F24S,16.14202747587115
pu,2.03,C08,C08J,16.14587345079053
ky,1.05,G01,G01V,16.1460544038564
iu,2.03,G06,G06N,16.15050526289269
ut,6.02,H01,H01L,16.16399576887488
zm,1.06,H01,H01M,16.16658042743802
pm,2.05,G01,G01D,16.17384058958851
ub,1.03,F17,F17C,16.17454714165069
uk,1.03,C12,C12N,16.17541128309676
yo,3.01,G06,G06Q,16.17756846919656
dm,3.02,C08,C08G,16.19033054739702
db,2.08,D06,D06M,16.19435289409012
ij,2.11,E21,E21B,16.20438287919387
qu,1.06,B01,B01J,16.20478076115251
mu,4.01,C07,C07K,16.20593759469921
pm,2.05,F04,F04D,16.20981097593904
py,3.02,C23,C23C,16.21235595457256
yo,3.01,A24,A24F,16.21437386237085
oa,2.11,B32,B32B,16.21549670060631
pz,2.05,C23,C23G,16.2182033341378
ue,2.11,G09,G09B,16.2207022102084
tu,3.01,C07,C07B,16.2262862031348
dy,1.04,B42,B42D,16.23358513787389
db,2.08,G05,G05B,16.25605589710176
pt,3.03,G09,G09B,16.26523861242458
ub,1.03,H02,H02P,16.26713301101699
ew,1.02,B32,B32B,16.27004335517995
if,2.11,B24,B24B,16.27012671157718
iu,2.03,H01,H01R,16.27149917185307
jm,5.04,H04,H04L,16.27501747384667
aa,1.03,A61,A61M,16.27739730337635
ni,3.01,C12,C12M,16.28192796814255
ij,2.11,A61,A61K,16.28800805204082
bf,5.04,G06,G06Q,16.28918764274567
nu,5.08,C12,C12P,16.28974540508352
xq,2.11,H01,H01S,16.29156613256782
wm,5.04,A61,A61K,16.2928230415564
ea,1.04,G11,G11B,16.29322146670893
ec,1.04,G03,G03G,16.30138893052936
ep,1.02,A61,A61K,16.30650448915549
ac,2.02,B29,B29C,16.31119866087101
py,3.02,C09,C09B,16.31185997836292
ac,2.02,H01,H01M,16.3124708533287
ae,4.05,A01,A01D,16.31982336193323
ze,1.06,A01,A01N,16.32051148125902
ub,1.03,F25,F25D,16.33352279104292
dq,9,H04,H04W,16.33557358104736
ur,1.01,G06,G06Q,16.33562001772225
up,1.03,G21,G21K,16.33751522004604
oa,2.11,H04,H04M,16.33901117742062
ip,2.07,H04,H04L,16.33949514757842
un,1.03,G21,G21B,16.34114093147218
ig,2.06,C09,C09D,16.34680119878612
am,4.01,A23,A23B,16.35961607797071
xq,2.11,B01,B01D,16.36267777415924
uh,1.03,G03,G03F,16.36342036677524
if,2.11,B22,B22D,16.36479021795094
iq,2.02,H01,H01T,16.36891799047589
ui,1.03,H03,H03B,16.38233898300678
ni,3.01,A23,A23L,16.38537037279457
sa,3.03,C08,C08B,16.38832134148106
qg,2.05,A61,A61F,16.39172748290002
sd,3.02,H04,H04N,16.39835483394563
rb,2.02,H01,H01L,16.4057196972426
pn,1.01,G01,G01C,16.40861864993349
dm,3.02,B01,B01J,16.41399152833037
cq,1.06,C12,C12C,16.41407497250475
cq,1.06,H01,H01M,16.41420628642663
ur,1.01,H01,H01L,16.41462515061721
cq,1.06,G03,G03F,16.41764860530384
ai,2.03,G06,G06N,16.42295460216701
pm,2.05,G01,G01S,16.42676693294197
pk,2.05,C08,C08L,16.43678426276892
db,2.08,A23,A23D,16.43684152490459
bk,6.04,G02,G02B,16.43809528648853
ns,2.01,C08,C08F,16.43960405606776
yp,3.02,B01,B01D,16.44199546007439
uy,1.04,D06,D06P,16.44236120767891
sa,3.03,C12,C12R,16.44675756944343
iu,2.03,H01,H01F,16.44970228103921
ig,2.06,H01,H01J,16.45116291800514
ua,6.03,A61,A61B,16.4547033617273
da,1.06,G01,G01J,16.45717713050544
iq,2.02,A63,A63H,16.45989226317033
ik,2.11,B22,B22F,16.47336884960532
iq,2.02,B07,B07C,16.47777785360813
ig,2.06,B06,B06B,16.48487580101937
sy,1.03,A61,A61C,16.48561806930229
pj,2.05,C07,C07D,16.49008458200842
uy,1.04,D02,D02G,16.49027095362544
ub,1.03,F41,F41H,16.49126515421085
py,3.02,A61,A61J,16.49511945573613
ea,1.04,G01,G01P,16.49686674540862
ry,2.03,C22,C22B,16.49939998798072
ac,2.02,B60,B60K,16.50008224043995
ui,1.03,H01,H01P,16.50148753449321
vj,5.01,G01,G01N,16.51102209277451
if,2.11,G09,G09G,16.51177515182644
km,1.06,A61,A61Q,16.51438194024377
gu,1.06,G03,G03G,16.51527783181518
uk,1.03,C25,C25B,16.5184891698882
im,2.01,G01,G01V,16.51929633971304
nu,5.08,C10,C10M,16.52222224324942
ev,1.02,A61,A61M,16.52616868901532
pw,2.06,A61,A61M,16.52834957931191
yr,2.01,G01,G01R,16.53758544335142
sy,1.03,G04,G04F,16.54049914702773
ra,2.11,H04,H04N,16.54389804136008
bp,6.04,G11,G11B,16.54429825395346
id,2.07,F01,F01N,16.54752042144537
et,1.02,E21,E21B,16.5660286215134
vy,3.02,G03,G03G,16.56688040215522
uy,1.04,D06,D06N,16.56944448128343
js,6.04,G01,G01N,16.57078382652253
bm,5.07,H04,H04W,16.57539598084986
pa,6.02,G07,G07F,16.57752437330782
id,2.07,F23,F23D,16.57938054017723
qf,9,G01,G01L,16.58089099312201
pk,2.05,B65,B65D,16.58333335444331
pa,6.02,C08,C08G,16.58531749248505
dr,1.06,C11,C11D,16.58891900163144
pe,5.02,G06,G06K,16.59087400557473
dy,1.04,B29,B29B,16.59559015650302
py,3.02,H01,H01J,16.59627657569945
ua,6.03,C07,C07C,16.60121164470911
uk,1.03,G01,G01K,16.6039526440436
am,4.01,A23,A23K,16.60617660812568
id,2.07,C12,C12M,16.60872363392264
zm,1.06,B01,B01J,16.6179250665009
pu,2.03,G06,G06T,16.61985448957421
et,1.02,C22,C22C,16.62521373294294
ne,3.03,H05,H05B,16.63125533657148
pq,1.01,H04,H04B,16.63675680244341
id,2.07,G01,G01M,16.64013674296439
mq,6.01,A61,A61B,16.64223927841522
sr,2.07,G02,G02B,16.64489638851956
co,1.06,B03,B03C,16.64811517950147
hq,1.04,C22,C22B,16.66322844754905
ex,1.02,A61,A61K,16.6666579466546
ne,3.03,A63,A63B,16.67370454780757
ei,1.04,C03,C03B,16.6798920542933
ec,1.04,G02,G02B,16.68930831132457
uk,1.03,C08,C08L,16.69657815108076
ou,1.06,C02,C02F,16.70224866317585
wf,1.06,A61,A61D,16.70529532339424
ns,2.01,H04,H04N,16.70770643209107
tu,3.01,B29,B29C,16.71586027508602
gu,1.06,B01,B01J,16.72200442641042
gy,5.02,G03,G03G,16.72500001639128
pa,6.02,B32,B32B,16.7261904925108
dx,3.01,C09,C09K,16.73140937159769
gu,1.06,C12,C12Q,16.73152000107802
sy,1.03,H01,H01G,16.73223567544483
ei,1.04,H04,H04L,16.73306425148621
gu,1.06,H01,H01M,16.73934459732845
io,2.07,E21,E21B,16.74234327860177
ig,2.06,F04,F04D,16.7491559907794
oz,6.02,G11,G11C,16.75416669622064
cu,1.06,G06,G06Q,16.7643339370843
co,1.06,C09,C09B,16.77308476762846
im,2.01,E02,E02B,16.77962974458933
mm,6.01,A61,A61F,16.77996118552983
ds,3.02,A61,A61H,16.78431143704802
gu,1.06,C07,C07K,16.79323523741914
ne,3.03,C03,C03C,16.79593118652701
de,1.06,A23,A23G,16.7968611610122
gu,1.06,A61,A61Q,16.79729960486293
uh,1.03,C07,C07F,16.79779754416086
ru,3.01,G10,G10L,16.79895721236244
qf,9,A61,A61B,16.80204264516942
aq,3.02,C12,C12Q,16.8044458264485
im,2.01,E04,E04B,16.80496043246239
ja,1.05,C12,C12M,16.80518783791922
ui,1.03,B23,B23K,16.80608477909118
pk,2.05,G06,G06Q,16.80770707596093
jb,5.07,H04,H04W,16.80849905218929
ur,1.01,H04,H04N,16.82172166137025
ih,2.07,C09,C09K,16.82353450986557
ui,1.03,C12,C12Q,16.82503299624659
ew,1.02,H01,H01J,16.83420739904977
py,3.02,C12,C12R,16.84718222077936
re,1.05,B03,B03D,16.84826051816344
om,5.05,A61,A61F,16.85001671267673
et,1.02,C01,C01B,16.85032241605222
za,3.02,G06,G06K,16.86556238913909
sy,1.03,B05,B05D,16.87886340357363
yo,3.01,H04,H04L,16.88401335477829
uu,5.06,A61,A61B,16.88547220826149
nn,3.03,H01,H01L,16.88808867195621
ro,1.07,G01,G01L,16.88859648071229
ka,4.01,B27,B27K,16.88983912393451
vy,3.02,H05,H05H,16.8921957812272
nu,5.08,C22,C22C,16.89282666891813
ne,3.03,H03,H03K,16.89361225953326
pk,2.05,C07,C07F,16.89405435579829
ep,1.02,A61,A61M,16.90041825314984
oz,6.02,A63,A63F,16.90265152417123
mc,1.06,H04,H04N,16.90371766244061
es,2.02,C09,C09K,16.90651353739668
ji,5.01,G06,G06T,16.92907532025129
uk,1.03,D01,D01F,16.93118179298472
ew,1.02,H02,H02J,16.93178110592999
ac,2.02,H04,H04R,16.93603921984322
lq,3.03,A61,A61K,16.93743700603954
vi,5.01,G06,G06K,16.93788380664773
pu,2.03,G01,G01L,16.93921399489045
zm,1.06,C12,C12P,16.94626595883165
ii,2.04,H01,H01Q,16.94816774968058
le,1.05,A61,A61B,16.95694426656701
pz,2.05,C03,C03C,16.9613126385957
jy,4.05,C08,C08K,16.96502691507339
xq,2.11,E21,E21B,16.96734909247607
ye,2.02,A61,A61K,16.98064257903025
id,2.07,F04,F04D,16.98333349078894
ro,1.07,A23,A23K,16.98637632536702
ye,2.02,C03,C03C,16.98736694874242
hf,6.03,H04,H04L,16.98752100393176
if,2.11,B60,B60R,16.99297623243183
qj,2.05,D03,D03D,17.00000005215406
dm,3.02,A23,A23L,17.00053618615493
xw,3.03,H04,H04N,17.00385207030922
ro,1.07,B60,B60L,17.00641033425927
iq,2.02,F41,F41H,17.00798668828793
qg,2.05,G01,G01B,17.01465445850044
ht,1.06,G06,G06F,17.01565432781354
oe,5.06,G03,G03G,17.01753256469965
ii,2.04,F02,F02C,17.01820982294157
ih,2.07,A01,A01N,17.02186116552912
py,3.02,C09,C09D,17.02539986651391
nu,5.08,A01,A01K,17.03378346655518
ii,2.04,D04,D04H,17.03462637588382
po,1.01,H04,H04W,17.0371873001568
pu,2.03,F28,F28F,17.0392082054168
zr,1.05,H04,H04L,17.04380315449089
ec,1.04,C12,C12N,17.05805010558106
dr,1.06,G02,G02C,17.05957656633109
tu,3.01,B65,B65D,17.0615473119542
es,2.02,G05,G05D,17.06810929323547
jy,4.05,A01,A01K,17.0758588941535
cq,1.06,B01,B01F,17.08084148599301
ik,2.11,A61,A61B,17.09771274938248
uy,1.04,B01,B01L,17.09802325407509
ni,3.01,H01,H01L,17.10104033211246
ia,3.02,A23,A23K,17.10160734085366
iq,2.02,C09,C09J,17.10835861088708
eq,3.01,C07,C07D,17.11056459858082
if,2.11,H01,H01M,17.11326379026286
pk,2.05,B23,B23K,17.11621023109183
di,5.02,H01,H01L,17.11743403039873
bu,1.03,G01,G01S,17.12455506436527
eq,3.01,G06,G06Q,17.12546849763021
yp,3.02,G06,G06Q,17.12727901898324
ru,3.01,G02,G02C,17.13006984489039
iq,2.02,C23,C23F,17.14368437696248
ye,2.02,G01,G01L,17.15413566492498
iq,2.02,C21,C21D,17.15819764509797
yr,2.01,F16,F16H,17.16289686225355
if,2.11,G06,G06N,17.16375465784222
ro,1.07,G03,G03B,17.16446849890053
ma,3.02,C07,C07F,17.16509931988548
vi,5.01,H04,H04N,17.16643489454873
km,1.06,G06,G06T,17.17820420255885
qg,2.05,H05,H05B,17.1791185985785
km,1.06,B82,B82Y,17.1837776589673
iq,2.02,B22,B22F,17.1870442412328
nu,5.08,A01,A01H,17.18985189776868
ep,1.02,G03,G03F,17.19955419609323
if,2.11,H01,H01H,17.20059529878199
bk,6.04,A61,A61K,17.20143530215137
ea,1.04,G01,G01T,17.20475931069814
ju,4.01,G06,G06Q,17.20885735843331
ni,3.01,B01,B01D,17.21918766153976
ct,9,C07,C07K,17.22024789685383
gu,1.06,A61,A61B,17.22093204478733
cq,1.06,C07,C07B,17.22209569858387
um,3.01,A01,A01K,17.2251397651271
ht,1.06,C07,C07K,17.2253214653465
qg,2.05,C09,C09C,17.22572500840761
ns,2.01,B05,B05D,17.22775152057875
iu,2.03,H04,H04M,17.2293621795252
pm,2.05,B28,B28B,17.24059084663168
jy,4.05,B01,B01F,17.24651058879681
db,2.08,G01,G01R,17.24898439878598
dy,1.04,B23,B23K,17.25046819425188
pm,2.05,B08,B08B,17.25804956280626
ex,1.02,G03,G03F,17.26962093578186
vi,5.01,C07,C07D,17.26964403421152
hf,6.03,G06,G06Q,17.28001901740208
ep,1.02,H05,H05K,17.28300874680281
pq,1.01,G11,G11B,17.28522206842899
ei,1.04,H04,H04N,17.3006051608827
oa,2.11,G08,G08C,17.30438441969454
ns,2.01,B41,B41J,17.30518075008877
ii,2.04,F17,F17C,17.30849137157202
dt,2.03,F25,F25D,17.31523903459311
nu,5.08,D21,D21H,17.32023812644184
ew,1.02,G01,G01D,17.32416506065056
ii,2.04,A23,A23D,17.32786875683814
up,1.03,G01,G01V,17.32835650257766
ai,2.03,A47,A47L,17.33020891738124
ns,2.01,H02,H02N,17.33101680455729
co,1.06,H04,H04W,17.33582336362451
vi,5.01,G06,G06T,17.33623623556923
oa,2.11,C30,C30B,17.34013370447792
dq,9,G02,G02B,17.34333194093779
ui,1.03,C03,C03C,17.35087078856304
jy,4.05,C10,C10M,17.3514447552152
ne,3.03,H04,H04R,17.35432182997465
ik,2.11,B81,B81C,17.35589007777162
am,4.01,C07,C07H,17.37013833690435
yo,3.01,A61,A61B,17.37207327759825
cq,1.06,D21,D21H,17.37970099784434
qf,9,C04,C04B,17.38191337301396
ra,2.11,G06,G06K,17.38254856015556
cu,1.06,A01,A01H,17.40123681118712
ah,4.01,A61,A61Q,17.40470714215189
ut,6.02,A61,A61K,17.40656591486186
ma,3.02,C08,C08B,17.40758936363272
fs,6.04,H01,H01L,17.41764225857332
fy,3.02,C07,C07D,17.4183982812101
ur,1.01,G01,G01V,17.43269096314907
ai,2.03,B64,B64F,17.43333334475756
ig,2.06,H03,H03M,17.43504720216151
nu,5.08,H01,H01J,17.43519993219525
pj,2.05,G06,G06Q,17.43687031045556
id,2.07,C11,C11C,17.45220906287432
ga,3.02,G06,G06Q,17.45491583272815
qg,2.05,C02,C02F,17.4675009502098
dy,1.04,H04,H04B,17.47903119539842
oa,2.11,B64,B64C,17.50052667967975
ik,2.11,B23,B23Q,17.50055715814233
zk,9,H04,H04L,17.50995888933539
dy,1.04,A23,A23K,17.51171577675268
ja,1.05,G03,G03G,17.51268949359655
et,1.02,H03,H03H,17.51516261743382
ac,2.02,G01,G01L,17.52556815557182
pj,2.05,F16,F16C,17.53030303120613
yi,6.03,A61,A61K,17.53137700399384
ya,3.02,B01,B01D,17.53254353813827
ra,2.11,G01,G01B,17.54537152987905
ig,2.06,G01,G01V,17.54678332200274
ru,3.01,A63,A63B,17.55357503890991
et,1.02,H01,H01J,17.55793050676584
rb,2.02,G01,G01N,17.56546241964679
iu,2.03,C07,C07D,17.56903103203513
zc,4.03,A61,A61L,17.57879811769817
oa,2.11,A61,A61L,17.58045735396445
dt,2.03,F01,F01D,17.5823234077543
ry,2.03,C07,C07D,17.58253869600594
qu,1.06,C05,C05F,17.58804914914072
ne,3.03,B23,B23K,17.58971946360543
xy,1.01,H04,H04W,17.59214286366478
bq,6.05,B29,B29C,17.60679867118597
ep,1.02,G01,G01D,17.61240672436543
ns,2.01,H03,H03K,17.62225523684174
if,2.11,B62,B62D,17.62226546788588
sy,1.03,C08,C08L,17.62329005240463
ro,1.07,C22,C22B,17.62687749322504
dr,1.06,G07,G07F,17.63072718866169
ea,1.04,C07,C07J,17.63817934389226
dm,3.02,C12,C12M,17.6422187697608
ne,3.03,C07,C07C,17.64696698938496
uy,1.04,H01,H01F,17.64726126706228
uu,5.06,G07,G07F,17.64856447093189
tu,3.01,H04,H04B,17.65148713905364
dr,1.06,C12,C12R,17.65257887472399
ig,2.06,G01,G01L,17.66457835258916
ep,1.02,H03,H03F,17.66719900537282
pz,2.05,G05,G05B,17.66997344978154
dt,2.03,F02,F02C,17.67305573448539
ut,6.02,H04,H04W,17.68015876226127
ee,1.04,G02,G02F,17.68428162112832
qu,1.06,C08,C08G,17.68850773165468
ec,1.04,C10,C10G,17.6886082990095
iq,2.02,B42,B42D,17.68886790657416
bq,6.05,A63,A63F,17.69370864145458
if,2.11,F16,F16C,17.69381320104003
ew,1.02,A61,A61M,17.69415754708461
zq,2.07,G21,G21C,17.69452535081655
zr,1.05,G06,G06Q,17.71571802999824
ro,1.07,D21,D21H,17.7193447612226
dy,1.04,G07,G07F,17.72092095389962
ot,6.02,H04,H04W,17.72331880498677
ro,1.07,F42,F42B,17.72380957752466
ki,3.02,A01,A01N,17.72487860079855
bq,6.05,C07,C07C,17.72790657961741
ub,1.03,G05,G05D,17.73272805777378
ye,2.02,G01,G01K,17.73560135811567
iu,2.03,B01,B01F,17.7518829802284
pk,2.05,F01,F01D,17.75762769952416
oa,2.11,B62,B62D,17.75884697586298
om,5.05,A61,A61K,17.76390256127343
de,1.06,A23,A23K,17.76569643279072
iq,2.02,G21,G21C,17.77343501430005
ee,1.04,A61,A61B,17.77398819406517
or,5.09,H01,H01L,17.77801595441997
eo,6.02,H04,H04L,17.77915425505489
ei,1.04,C11,C11B,17.78141363151371
py,3.02,C11,C11D,17.78422873886302
ad,4.02,A01,A01J,17.78703711181879
et,1.02,H05,H05B,17.79041100805625
qh,2.05,C22,C22C,17.79860349069349
py,3.02,A01,A01G,17.80168068036437
nu,5.08,G21,G21C,17.8051282428205
qh,2.05,C08,C08G,17.82162188645452
zr,1.05,G01,G01V,17.82243755552918
uy,1.04,B22,B22F,17.82322684954852
bp,6.04,C07,C07C,17.8304078434594
pe,5.02,H04,H04M,17.83054270967841
xq,2.11,C09,C09K,17.83060281677172
pi,1.06,C12,C12Q,17.83610939932987
pz,2.05,G21,G21C,17.83760701864958
tc,3.02,G06,G06Q,17.83935368666425
ye,2.02,H01,H01H,17.84060408081859
ev,1.02,E21,E21B,17.84645229810849
ea,1.04,A23,A23G,17.86544114630669
ah,4.01,A23,A23B,17.86644853604957
bp,6.04,G06,G06K,17.87888877280056
pm,2.05,G03,G03C,17.88369315094315
id,2.07,H05,H05K,17.8982112116646
ru,3.01,G11,G11B,17.89897706313059
ae,4.05,A01,A01K,17.90463188476861
dy,1.04,B03,B03C,17.90664919943083
id,2.07,F02,F02B,17.92561297677457
bv,5.01,A61,A61B,17.92941902950406
qf,9,H01,H01J,17.93848893861286
nu,5.08,A23,A23G,17.93968259915709
bk,6.04,G11,G11B,17.94166667759418
xy,1.01,A61,A61K,17.94710679459968
et,1.02,A61,A61L,17.95240096724592
iu,2.03,G10,G10K,17.95974078588188
ru,3.01,H04,H04M,17.97484071482904
wm,5.04,H01,H01L,17.97504987288266
ha,5.03,A63,A63F,17.97769670188427
ne,3.03,C02,C02F,17.9785792704206
ai,2.03,C07,C07D,17.98562272218987
ju,4.01,C12,C12N,17.98841571784578
tu,3.01,B32,B32B,17.98911903332919
ut,6.02,F02,F02D,18
dx,3.01,C11,C11D,18.00314624747261
py,3.02,H04,H04M,18.0117425462231
pm,2.05,H05,H05H,18.02138757612556
ea,1.04,A61,A61F,18.03156877751462
ai,2.03,B60,B60R,18.03432547673583
ec,1.04,H05,H05B,18.03761112131178
dw,1.04,C12,C12R,18.03821668052115
oa,2.11,H03,H03B,18.04616605862975
gy,5.02,C07,C07D,18.05794095760211
et,1.02,A61,A61F,18.05814061732963
fy,3.02,H04,H04W,18.06501836702228
ev,1.02,G16,G16H,18.06766142230481
im,2.01,F03,F03D,18.07430565729737
sy,1.03,F21,F21K,18.09137510228902
aa,1.03,F16,F16F,18.10525826923549
eu,2.02,H04,H04Q,18.10585340298712
tu,3.01,C02,C02F,18.10739297466353
iu,2.03,G09,G09G,18.10792047949508
pj,2.05,C01,C01B,18.11152327060699
if,2.11,B41,B41J,18.1126123489812
ac,2.02,A61,A61F,18.11405958118849
iu,2.03,F23,F23C,18.11729176528752
xq,2.11,C07,C07K,18.12157605175162
iu,2.03,B82,B82Y,18.12512543937191
iq,2.02,F01,F01K,18.1290936935693
iu,2.03,G01,G01J,18.12978051230311
zm,1.06,C12,C12R,18.13962979009375
pa,6.02,B01,B01D,18.14292934909463
id,2.07,F28,F28F,18.1532157054171
iu,2.03,C21,C21D,18.15359137672931
ip,2.07,G01,G01F,18.15577209368348
db,2.08,H01,H01J,18.15661509218626
ea,1.04,G03,G03F,18.15879270737059
er,1.02,G01,G01S,18.16222710860893
co,1.06,B01,B01F,18.16457304940559
if,2.11,B60,B60L,18.17601273581386
ju,4.01,C07,C07K,18.17877779633272
id,2.07,C08,C08L,18.17910427856259
fi,1.04,C04,C04B,18.18949333182536
cq,1.06,G11,G11C,18.19451483059675
ro,1.07,C10,C10L,18.19857538957149
pm,2.05,F03,F03G,18.19928402709775
et,1.02,G21,G21C,18.21735046384856
iu,2.03,B23,B23B,18.21829015947878
oe,5.06,B65,B65H,18.2194444835186
iq,2.02,C12,C12M,18.22569415927865
vx,5.01,G06,G06N,18.2357704625465
ui,1.03,H05,H05K,18.24643833748996
uf,1.03,H03,H03K,18.24699263740331
hq,1.04,G11,G11B,18.24820846039802
gu,1.06,C08,C08K,18.25000002980232
oa,2.11,G08,G08G,18.2553493110463
ei,1.04,G01,G01V,18.25929353618994
ii,2.04,C07,C07B,18.26023500133306
de,1.06,H01,H01L,18.26110081514344
ad,4.02,A23,A23B,18.26539074955508
hb,5.03,G01,G01N,18.26722301286645
ij,2.11,H02,H02K,18.2752370564267
ht,1.06,C12,C12Q,18.27833711588755
gu,1.06,C09,C09D,18.28124691592529
ac,2.02,G01,G01D,18.28546263836324
ub,1.03,G21,G21B,18.28831222141162
ec,1.04,A61,A61L,18.28897956386209
ig,2.06,A61,A61G,18.29159197304398
ub,1.03,C09,C09C,18.29508959176019
ja,1.05,C07,C07K,18.29928336397279
ji,5.01,H04,H04N,18.30016114003956
ew,1.02,A63,A63B,18.30372372968122
iu,2.03,G01,G01D,18.30616989172995
dr,1.06,A23,A23L,18.30742948572151
ia,3.02,G16,G16H,18.32348267687485
ad,4.02,A61,A61B,18.32377260178328
uf,1.03,G02,G02B,18.33300165366381
dy,1.04,C13,C13K,18.33334510214627
ja,1.05,G06,G06T,18.35125667229295
oa,2.11,G10,G10L,18.35565900290385
ij,2.11,C07,C07D,18.36353265703656
rt,3.02,G09,G09B,18.36732451594435
tu,3.01,G02,G02B,18.37783095939085
aa,1.03,G01,G01M,18.38086974527687
oa,2.11,B06,B06B,18.38613844942302
tu,3.01,G03,G03G,18.38654512353241
es,2.02,H04,H04R,18.38874186063185
ne,3.03,B65,B65D,18.39126809453592
uk,1.03,H03,H03F,18.39773156237788
ni,3.01,C08,C08B,18.3996042648796
ns,2.01,G01,G01L,18.40413206070662
oa,2.11,G09,G09B,18.40696039469913
yi,6.03,H04,H04N,18.40809348411858
ro,1.07,B64,B64C,18.41398691572249
hq,1.04,B32,B32B,18.41487441770732
co,1.06,A61,A61Q,18.41661543422379
ep,1.02,G07,G07D,18.41779814660549
uy,1.04,C06,C06B,18.42121224850416
py,3.02,H01,H01M,18.43055558204651
xe,4.01,C09,C09K,18.44018781813793
oe,5.06,H04,H04M,18.44245789386332
ii,2.04,C01,C01D,18.44270853511989
es,2.02,G10,G10H,18.44948012381792
ne,3.03,G01,G01S,18.44980684574693
ki,3.02,G06,G06Q,18.45261443499476
dw,1.04,H04,H04N,18.45461812196299
ai,2.03,G01,G01B,18.46633914927952
nu,5.08,B23,B23K,18.46666667610407
ui,1.03,B29,B29C,18.46896086400375
ac,2.02,B60,B60G,18.47398795653135
rb,2.02,A61,A61F,18.47768764290959
bu,1.03,B64,B64G,18.48238449916244
gu,1.06,C01,C01B,18.50119048543274
km,1.06,H01,H01L,18.50716949393973
iu,2.03,F01,F01N,18.51165060512722
sd,3.02,G06,G06Q,18.52092999964952
pe,5.02,G06,G06T,18.53575861966237
iq,2.02,G01,G01W,18.53737875120714
et,1.02,B60,B60R,18.5490419017151
ee,1.04,D06,D06M,18.5532565084286
ns,2.01,A61,A61N,18.55670295527671
ii,2.04,F01,F01K,18.55835338495672
ye,2.02,G08,G08C,18.57099018339068
wc,3.03,G09,G09B,18.57250427221879
ea,1.04,H05,H05B,18.57401818456128
wc,3.03,H04,H04R,18.57689717272297
oy,9,A61,A61B,18.57706751069054
ik,2.11,H04,H04B,18.58263243618421
pm,2.05,F16,F16K,18.58366014692001
ui,1.03,A61,A61L,18.58497081534006
ui,1.03,E21,E21B,18.58533253520727
sa,3.03,A01,A01N,18.59895012434572
td,3.02,G01,G01N,18.60029286844656
er,1.02,G05,G05D,18.60209905728698
qf,9,C23,C23C,18.60493571893312
ve,3.02,A61,A61M,18.62328301277012
ct,9,A61,A61F,18.62342524901032
zm,1.06,C08,C08K,18.62500002235174
ah,4.01,G06,G06F,18.6476797121577
pz,2.05,B05,B05D,18.65024248021655
vx,5.01,H01,H01L,18.66003595618531
qk,6.01,A63,A63F,18.66666670143604
tu,3.01,C40,C40B,18.66875934542622
dy,1.04,H01,H01S,18.67621438740753
gu,1.06,H04,H04N,18.68170873029158
pm,2.05,C09,C09G,18.68908754969016
pa,6.02,B29,B29C,18.69166669249535
uk,1.03,G01,G01L,18.69519957853481
uk,1.03,C08,C08K,18.70070555643179
oy,9,A61,A61Q,18.70157306827605
qj,2.05,C08,C08L,18.71053950674832
et,1.02,G01,G01V,18.71424773149192
yr,2.01,A61,A61B,18.71566740376875
mm,6.01,G01,G01N,18.71808309108019
tc,3.02,A61,A61H,18.71972293779254
bq,6.05,H05,H05K,18.7223810441792
zq,2.07,C04,C04B,18.72548356233165
ex,1.02,G01,G01V,18.72571263322607
ev,1.02,H04,H04R,18.72623099386692
vy,3.02,G03,G03B,18.72673702146858
dy,1.04,D06,D06P,18.72826623916626
iq,2.02,A61,A61H,18.73285101237707
ij,2.11,B25,B25J,18.74112460250035
ew,1.02,C07,C07C,18.74546408187598
tu,3.01,F26,F26B,18.75527970865369
pk,2.05,G11,G11B,18.75577936787158
zd,9,A61,A61H,18.75924763968214
pa,6.02,H04,H04M,18.76599030941725
uu,5.06,C07,C07C,18.76773114223033
if,2.11,C07,C07D,18.7704478247324
dm,3.02,A63,A63F,18.77347571891733
oy,9,H04,H04M,18.77776662074029
mm,6.01,B29,B29C,18.77973700873554
ro,1.07,B41,B41M,18.77983427513391
py,3.02,G16,G16H,18.78714873688295
oa,2.11,H04,H04Q,18.78744005039334
cu,1.06,A61,A61Q,18.7907898905687
id,2.07,G01,G01F,18.79118390195072
ac,2.02,A61,A61M,18.79387978999875
ne,3.03,G01,G01C,18.80574590433389
co,1.06,C08,C08F,18.80948169133626
nn,3.03,H04,H04N,18.812223108951
rb,2.02,G08,G08G,18.82640060596168
ew,1.02,G01,G01J,18.83182398299687
py,3.02,G11,G11C,18.83877927158028
pm,2.05,F16,F16J,18.84074079664424
di,5.02,A61,A61K,18.84652388514951
pn,1.01,A61,A61K,18.85873449605424
oy,9,H04,H04W,18.8596537867561
et,1.02,B41,B41M,18.85982847888954
yy,5.07,G06,G06Q,18.8615400409326
pi,1.06,C07,C07K,18.88526823942084
ex,1.02,G01,G01B,18.88713620835915
gu,1.06,C08,C08J,18.88731192937121
sy,1.03,G07,G07F,18.89559821039438
qe,2.09,C09,C09D,18.89768417575397
ne,3.03,B32,B32B,18.90318023785949
hq,1.04,A61,A61N,18.9107002611272
fs,6.04,H04,H04N,18.91277862340212
ij,2.11,G01,G01B,18.91371577233076
if,2.11,C22,C22C,18.91411769483238
ro,1.07,B03,B03C,18.92129367752932
pj,2.05,C08,C08F,18.9248671149835
rb,2.02,B60,B60W,18.92764272773638
my,5.01,A61,A61K,18.9351970864227
if,2.11,C08,C08L,18.93845142610371
nu,5.08,E21,E21B,18.94167737103999
uk,1.03,G06,G06K,18.94947408302687
ah,4.01,A23,A23J,18.95486656390131
ep,1.02,H04,H04S,18.97331011970527
dy,1.04,G01,G01Q,18.9910691997502
bq,6.05,G02,G02B,18.99538905825466
yo,3.01,A23,A23L,18.9963287555147
uy,1.04,C25,C25D,19.00223375298083
dt,2.03,C07,C07C,19.01222203508951
ad,4.02,A23,A23G,19.02440582215786
py,3.02,C07,C07J,19.0264159203507
pt,3.03,G16,G16H,19.03295721113682
da,1.06,A01,A01K,19.04184544412419
iu,2.03,F16,F16D,19.05138897895813
aa,1.03,H02,H02N,19.05680387699977
qg,2.05,H05,H05H,19.06763206468895
ac,2.02,E21,E21B,19.07187677780166
pu,2.03,G01,G01P,19.08737643365748
ep,1.02,H05,H05B,19.08990906877443
qf,9,G02,G02B,19.09076775377616
ub,1.03,C07,C07K,19.09485977620352
ee,1.04,B41,B41M,19.0979113727808
ig,2.06,G01,G01C,19.09971695556305
oa,2.11,C04,C04B,19.11080116103403
iq,2.02,B41,B41M,19.12042863550596
bk,6.04,H01,H01L,19.13396330457181
ui,1.03,B32,B32B,19.13863542978652
py,3.02,G06,G06K,19.15015641413629
if,2.11,G05,G05D,19.15158291533589
dw,1.04,D21,D21H,19.15216861758381
bq,6.05,A01,A01N,19.15341515652835
ki,3.02,G06,G06T,19.15840639919043
fy,3.02,A23,A23G,19.17244525719434
es,2.02,A61,A61K,19.17259466834366
qf,9,C30,C30B,19.17545805242844
ga,3.02,H04,H04N,19.17725365795195
dm,3.02,G02,G02B,19.17743272799999
mu,4.01,A01,A01C,19.17859203694388
ec,1.04,C25,C25B,19.18216068623587
id,2.07,H04,H04N,19.19093460962176
zm,1.06,C01,C01B,19.19368688203394
da,1.06,G01,G01Q,19.21324594446924
oa,2.11,B60,B60L,19.21573101822287
dw,1.04,D06,D06P,19.21726217772812
eu,2.02,H04,H04M,19.22996177896857
ye,2.02,G10,G10H,19.24559638183564
wv,3.03,G06,G06F,19.26507777441293
pm,2.05,B29,B29B,19.26508615538478
oa,2.11,H01,H01P,19.26729830983095
nu,5.08,G11,G11C,19.2687581460923
ii,2.04,G03,G03C,19.27619059197605
uh,1.03,A61,A61L,19.27851620572619
ep,1.02,A61,A61F,19.28365208464675
vy,3.02,C07,C07H,19.29402930289507
ii,2.04,B02,B02C,19.30681237019598
de,1.06,A23,A23B,19.31328472821042
ub,1.03,B01,B01F,19.31493954057805
mu,4.01,A23,A23D,19.31706978939474
sa,3.03,H04,H04L,19.32502131722867
dy,1.04,D01,D01D,19.32528593682218
ea,1.04,B29,B29C,19.32585512415972
re,1.05,C01,C01B,19.34053696552292
sd,3.02,A61,A61N,19.34910246916115
if,2.11,H03,H03H,19.35498526785523
qg,2.05,H01,H01S,19.37027176120318
ec,1.04,G03,G03C,19.37460324447602
if,2.11,C08,C08J,19.38136924337596
bq,6.05,G01,G01R,19.38611114770174
ii,2.04,G05,G05D,19.38894419558346
if,2.11,G01,G01V,19.39143649861217
bi,6.01,G06,G06Q,19.40088786184788
ha,5.03,C07,C07D,19.4010886028409
ec,1.04,G01,G01T,19.40271777380258
ub,1.03,H03,H03D,19.41002502385527
wf,1.06,C07,C07D,19.42677368689328
km,1.06,A23,A23L,19.44941924780142
zm,1.06,C08,C08J,19.45506840245798
pm,2.05,F41,F41H,19.46133560454473
pa,6.02,A63,A63F,19.46207039430737
oz,6.02,E21,E21B,19.46252597495914
qu,1.06,H04,H04W,19.46350922435522
ot,6.02,A61,A61Q,19.46685086376965
li,3.02,C12,C12Q,19.4760088652838
pm,2.05,E04,E04C,19.49074544943869
db,2.08,G03,G03G,19.51256806310266
vy,3.02,H04,H04W,19.52437789866235
et,1.02,B82,B82Y,19.52976537100039
dy,1.04,H04,H04M,19.53518026228994
ee,1.04,C02,C02F,19.54214028548449
ry,2.03,C01,C01B,19.55833233869635
oz,6.02,H03,H03M,19.56717418879271
ue,2.11,H04,H04R,19.56892031384632
pe,5.02,H04,H04N,19.5692924563773
ii,2.04,C13,C13K,19.58418087288737
rq,1.06,C07,C07K,19.5899013641174
ni,3.01,A61,A61N,19.5905927803833
pk,2.05,H01,H01S,19.5987238290254
da,1.06,B01,B01D,19.6006279475987
oz,6.02,A63,A63B,19.60833334922791
iu,2.03,B22,B22D,19.61304954532534
dk,5.02,G03,G03G,19.625
mu,4.01,C11,C11B,19.62570093385875
ex,1.02,G10,G10H,19.62921906169504
id,2.07,B82,B82Y,19.63025227398612
fy,3.02,H04,H04L,19.63869108632207
pm,2.05,H02,H02J,19.64150694408454
ih,2.07,C12,C12N,19.6440464964835
pa,6.02,G06,G06K,19.66412988118827
cl,9,G06,G06F,19.66500395257026
hq,1.04,C03,C03C,19.66935531958006
ik,2.11,H01,H01J,19.66965756099671
rt,3.02,A63,A63B,19.67339120060205
im,2.01,E01,E01C,19.68744187988341
zr,1.05,B09,B09C,19.69999955454841
dx,3.01,C04,C04B,19.70058518345468
ry,2.03,C04,C04B,19.70940157445148
vx,5.01,G09,G09B,19.7120421663858
ns,2.01,C07,C07D,19.71410587872379
gm,3.03,G06,G06F,19.71559258596972
pn,1.01,H04,H04M,19.72973990812898
iu,2.03,C09,C09D,19.74767371895723
pk,2.05,H05,H05B,19.7578286556527
mc,1.06,G06,G06Q,19.78446996142156
zm,1.06,A61,A61B,19.78643867280334
bq,6.05,A61,A61F,19.78677366767079
ns,2.01,C08,C08J,19.78902225196362
et,1.02,A61,A61M,19.79211929999292
ha,5.03,A61,A61B,19.79371477523819
ga,3.02,H04,H04L,19.79961182549596
ai,2.03,F41,F41G,19.80048890784383
ex,1.02,B60,B60R,19.81672291085124
iu,2.03,C08,C08J,19.82548391562887
su,3.02,G01,G01B,19.82599748717621
ik,2.11,G06,G06K,19.82673068786971
pm,2.05,G01,G01V,19.8268885682337
dw,1.04,A23,A23F,19.83396420348436
pj,2.05,C08,C08J,19.84019953524694
py,3.02,A23,A23G,19.8403592496179
ia,3.02,G06,G06T,19.84096914110705
sy,1.03,G08,G08G,19.84361316729337
js,6.04,G11,G11B,19.85000002756715
co,1.06,A61,A61F,19.85368433152325
pm,2.05,G08,G08B,19.85595287429169
ne,3.03,G01,G01T,19.86108123534359
ew,1.02,A61,A61C,19.87819965276867
if,2.11,B01,B01J,19.87858288967982
ne,3.03,G01,G01R,19.88120573665947
qe,2.09,B01,B01D,19.88206071988679
ze,1.06,C12,C12P,19.88910088199191
qu,1.06,A61,A61F,19.89373965957202
ka,4.01,H04,H04L,19.89558951184154
iu,2.03,A61,A61N,19.928831283818
ro,1.07,C10,C10M,19.94178267288953
ij,2.11,H05,H05B,19.94358505494893
dt,2.03,H01,H01F,19.94387178774923
ns,2.01,G06,G06T,19.96078236564063
pz,2.05,B22,B22C,19.96706360951066
po,1.01,G01,G01N,19.96789657673799
vj,5.01,H04,H04W,19.97284484189004
tu,3.01,H04,H04M,19.98726473934948
dx,3.01,C08,C08F,19.99696017452516
uk,1.03,B41,B41J,19.9984302376397
pa,6.02,G03,G03G,20
ik,2.11,H01,H01R,20.00019283778965
ui,1.03,G03,G03B,20.02046786993742
qu,1.06,H04,H04L,20.023482744582
km,1.06,G07,G07F,20.02529829274863
rp,6.04,G06,G06K,20.02812097966671
iu,2.03,B22,B22F,20.03091567195952
iq,2.02,F01,F01N,20.04053429327905
er,1.02,G11,G11B,20.04423867631704
iq,2.02,B08,B08B,20.04846005188301
ue,2.11,H03,H03K,20.05239311465994
ql,9,G06,G06F,20.05265162885189
pu,2.03,G01,G01M,20.06421734578907
cu,1.06,G06,G06N,20.07778177736327
rt,3.02,A61,A61H,20.10005785548128
bp,6.04,H04,H04W,20.10263078287244
ea,1.04,C25,C25D,20.10529317520559
aa,1.03,G09,G09B,20.10809022001922
ea,1.04,C04,C04B,20.10886469995603
tm,3.01,G06,G06K,20.11876276694238
ns,2.01,C25,C25D,20.11942639539484
uf,1.03,B01,B01D,20.12096747756004
qj,2.05,G06,G06F,20.12418056465685
vi,5.01,H04,H04L,20.12705821404234
ii,2.04,G02,G02F,20.12914872309193
qu,1.06,A62,A62D,20.14106344617903
ka,4.01,G03,G03G,20.14166671037674
cu,1.06,G06,G06T,20.14243743615225
om,5.05,A61,A61M,20.15384126454592
ub,1.03,G04,G04F,20.16134154330939
zc,4.03,A61,A61M,20.16415670420974
qq,1.05,H01,H01L,20.16808712598868
yo,3.01,A61,A61L,20.16861641663127
qj,2.05,C14,C14C,20.1687604021281
qa,3.01,C07,C07F,20.17398474854417
ub,1.03,F16,F16K,20.18890010961331
ra,2.11,G11,G11C,20.19615474017337
ew,1.02,C07,C07K,20.1996695913258
yo,3.01,A24,A24D,20.20694459741935
et,1.02,A61,A61N,20.20908749348018
im,2.01,H04,H04W,20.21168306469917
li,3.02,C12,C12N,20.2288926684414
ot,6.02,A61,A61B,20.237880312372
ub,1.03,D01,D01D,20.24577241425868
ep,1.02,H02,H02P,20.24767979281023
hy,1.06,A61,A61L,20.24968232493848
qf,9,G01,G01V,20.2583139622584
qj,2.05,C09,C09D,20.25921351835132
ea,1.04,G01,G01Q,20.26231100398581
uy,1.04,A23,A23G,20.26988665154204
pa,6.02,A61,A61F,20.27564515080303
yu,3.03,G01,G01N,20.27903651027009
ig,2.06,G01,G01J,20.28848735895008
xq,2.11,C23,C23C,20.28949265740812
sy,1.03,G09,G09B,20.29501291899942
jo,5.04,G06,G06F,20.29626356158406
ro,1.07,H01,H01H,20.29714612849057
et,1.02,C09,C09J,20.30278738867491
ja,1.05,G01,G01T,20.3137620522175
vi,5.01,G06,G06Q,20.32653091521934
ea,1.04,C07,C07B,20.35335515951738
jy,4.05,B32,B32B,20.35953756887466
nu,5.08,G09,G09G,20.36481764540076
ua,6.03,H01,H01L,20.36695633549243
sr,2.07,A61,A61B,20.36705246905331
sy,1.03,B41,B41M,20.37557670962997
nu,5.08,G01,G01R,20.37735001603141
ds,3.02,A61,A61L,20.37911187461577
dw,1.04,D06,D06M,20.38033801270649
oz,6.02,C07,C07C,20.38196138944477
et,1.02,H02,H02J,20.39288957859389
ry,2.03,C22,C22C,20.39610963501036
pk,2.05,G03,G03F,20.4000128833577
ry,2.03,H01,H01M,20.40542252315208
ja,1.05,H01,H01J,20.41344527481124
ui,1.03,C01,C01G,20.41743499599397
xq,2.11,G21,G21K,20.43021734245121
uy,1.04,G03,G03H,20.44974472676404
pk,2.05,G02,G02F,20.45890179881826
mu,4.01,A23,A23B,20.46356439031661
hq,1.04,A61,A61L,20.4651412058156
wh,3.02,A61,A61L,20.46676938422024
iu,2.03,C01,C01B,20.46685220359359
we,3.02,H04,H04L,20.47436409350485
tu,3.01,G06,G06K,20.48142253374681
dw,1.04,G02,G02B,20.48411272093654
xw,3.03,G01,G01N,20.48825851851143
ii,2.04,C03,C03C,20.49108534771949
oa,2.11,G03,G03B,20.49544773250818
co,1.06,H01,H01L,20.50402012607083
id,2.07,H01,H01B,20.50491080456413
gy,5.02,G02,G02B,20.51981546543539
ns,2.01,G01,G01J,20.53354208299424
de,1.06,G06,G06Q,20.53358929650858
ep,1.02,H04,H04J,20.57270007883199
et,1.02,G16,G16H,20.57907408685423
le,1.05,C02,C02F,20.59016434056684
oa,2.11,F02,F02D,20.60081188706681
uh,1.03,G01,G01J,20.60133930598386
ij,2.11,B29,B29C,20.60179433599114
ad,4.02,G06,G06F,20.60314230248332
bu,1.03,H01,H01L,20.61145344749093
rp,6.04,B29,B29C,20.61222711578012
bi,6.01,H03,H03K,20.61805555596948
dk,5.02,G07,G07F,20.61940989270806
ub,1.03,F28,F28F,20.62408169964328
gu,1.06,C12,C12P,20.62682143494021
ro,1.07,C09,C09J,20.63399865874089
ro,1.07,G21,G21K,20.63582141231745
nu,5.08,G05,G05B,20.66569736646488
qj,2.05,B32,B32B,20.68155382107943
yg,6.04,H04,H04L,20.68290650099516
ig,2.06,C23,C23C,20.69017242314294
ep,1.02,E21,E21B,20.7057808181271
ns,2.01,B32,B32B,20.72076371428557
dx,3.01,A61,A61M,20.72816085861996
qj,2.05,D01,D01H,20.75000002980232
ii,2.04,B22,B22F,20.76146805030294
ma,3.02,A61,A61N,20.76235407195054
zd,9,H04,H04N,20.76560136862099
ei,1.04,G09,G09G,20.77647852734663
qg,2.05,C08,C08K,20.78131827758625
qh,2.05,B64,B64C,20.7852946575731
ct,9,G01,G01N,20.78642130462686
qg,2.05,G11,G11C,20.79072849592194
pc,5.02,G05,G05B,20.79406868200749
ii,2.04,G01,G01F,20.79572525247931
ad,4.02,C12,C12P,20.81886224495247
km,1.06,A61,A61L,20.8192722214153
xq,2.11,B01,B01J,20.83840180095285
uk,1.03,G21,G21K,20.84876947151497
cu,1.06,G06,G06K,20.8528491652105
cu,1.06,C12,C12R,20.85856190766208
if,2.11,H01,H01S,20.86500042746775
wc,3.03,G06,G06Q,20.86609092354774
dy,1.04,D21,D21C,20.87792636314407
nm,5.02,G06,G06Q,20.88326149061322
dy,1.04,G09,G09G,20.89689168543555
da,1.06,C40,C40B,20.89932740369113
yr,2.01,H04,H04M,20.90570402517915
qj,2.05,C07,C07D,20.90663825091906
ei,1.04,H04,H04W,20.9093202771619
aq,3.02,C12,C12N,20.91627948737005
bm,5.07,H04,H04L,20.94696112163365
ye,2.02,G03,G03B,20.95383412064984
wu,5.04,A61,A61K,20.95720653876197
pa,6.02,C09,C09D,20.97619054466486
sa,3.03,C11,C11C,20.98270218027756
gm,3.03,C07,C07D,20.99769356008619
et,1.02,C07,C07F,21.00230207829736
pz,2.05,C07,C07D,21.02068393561058
pu,2.03,G11,G11B,21.02390465745702
rt,3.02,G02,G02B,21.02646099426784
dx,3.01,A61,A61N,21.04779509152286
pa,6.02,G01,G01N,21.0748899942264
uh,1.03,A61,A61B,21.0834293521475
vj,5.01,A61,A61B,21.0851341590751
iq,2.02,F42,F42B,21.10819352930412
ub,1.03,B82,B82B,21.11918263544794
tu,3.01,B01,B01L,21.13412846450228
rz,3.03,A61,A61M,21.13959958846681
nu,5.08,H04,H04Q,21.14976514875889
za,3.02,H01,H01L,21.15266974270344
ze,1.06,C07,C07C,21.15536777302623
qu,1.06,C40,C40B,21.16019733136636
oa,2.11,H04,H04J,21.16716000530869
ei,1.04,A23,A23G,21.17580082733184
ev,1.02,G08,G08G,21.18750343844295
dy,1.04,C23,C23F,21.19063452328555
ki,3.02,H01,H01L,21.20088203810155
pu,2.03,A61,A61K,21.20123847876675
ru,3.01,A61,A61Q,21.20259879948571
ox,6.02,G06,G06F,21.21594655700028
im,2.01,G06,G06T,21.22208265541121
qj,2.05,A61,A61F,21.23023428395391
nu,5.08,G09,G09B,21.23122762329876
ja,1.05,G06,G06K,21.2315972794313
db,2.08,B01,B01F,21.24019275256433
ii,2.04,B60,B60C,21.24027780815959
ee,1.04,H01,H01G,21.24340470414609
po,1.01,G01,G01V,21.25154333095998
pu,2.03,G01,G01B,21.25513353967108
kv,1.05,G06,G06T,21.2619283311069
ro,1.07,H05,H05H,21.26338892430067
dw,1.04,C23,C23C,21.26937373238616
wh,3.02,H04,H04L,21.27411024458706
aa,1.03,G01,G01L,21.28032129071653
ub,1.03,C09,C09B,21.28100238367915
pu,2.03,H01,H01M,21.28582401387393
pj,2.05,C08,C08G,21.28896162565798
qu,1.06,C08,C08B,21.29499733052216
mq,6.01,G06,G06Q,21.30296415369958
ma,3.02,G06,G06Q,21.30982401967049
yi,6.03,H01,H01L,21.3180296421051
gy,5.02,A01,A01H,21.31951651815325
pz,2.05,H01,H01G,21.32847643550485
pc,5.02,G06,G06N,21.33115403354168
uh,1.03,G06,G06N,21.34154114220291
le,1.05,H04,H04N,21.34374775271863
py,3.02,C08,C08J,21.34698498621583
ne,3.03,H01,H01R,21.35162344574928
db,2.08,A23,A23J,21.35666591813788
ue,2.11,B29,B29C,21.35749680572189
mq,6.01,H04,H04L,21.3615442328155
ei,1.04,A61,A61N,21.3691215578001
pu,2.03,G01,G01V,21.37492260430008
dx,3.01,C08,C08B,21.38781978492625
om,5.05,H04,H04M,21.38845108821988
iq,2.02,A47,A47L,21.39316671690904
tq,3.02,A61,A61N,21.41292901127599
iq,2.02,F02,F02C,21.42301373369992
sy,1.03,G09,G09F,21.43604082334787
op,3.03,A61,A61B,21.44393376843072
iq,2.02,B41,B41F,21.44470912404358
ig,2.06,G08,G08B,21.44759260071442
dt,2.03,B01,B01J,21.44767759158276
et,1.02,G02,G02F,21.46628808951937
pz,2.05,H01,H01B,21.46937543107197
ja,1.05,C12,C12R,21.47038024384528
ea,1.04,G01,G01K,21.47288912907243
uf,1.03,A61,A61L,21.47535651689395
es,2.02,H01,H01R,21.47715103533119
nu,5.08,A61,A61M,21.47772054839879
fe,5.05,G06,G06F,21.4976216442883
dy,1.04,G21,G21F,21.5007785493508
et,1.02,C03,C03C,21.50573235191405
ep,1.02,H03,H03H,21.50615728122648
if,2.11,E21,E21B,21.50965821230784
ih,2.07,E21,E21B,21.51804122747853
ma,3.02,C07,C07H,21.51825417543296
uh,1.03,H04,H04L,21.51931852754205
et,1.02,C23,C23C,21.52142649330199
pj,2.05,C08,C08H,21.5230703917332
vx,5.01,G06,G06T,21.53175959782675
cq,1.06,G03,G03G,21.53435658710077
dy,1.04,G06,G06T,21.54229860007763
ip,2.07,F16,F16L,21.54365087021142
ne,3.03,H01,H01J,21.56938139116392
ee,1.04,C06,C06B,21.57254908047616
rx,3.02,G01,G01R,21.57954898755997
ry,2.03,B01,B01J,21.57977810199372
nu,5.08,B65,B65D,21.58333334326744
qf,9,E21,E21B,21.58812695229426
pm,2.05,A63,A63B,21.58888904564083
fa,2.01,E04,E04C,21.58905751630664
ig,2.06,B82,B82Y,21.59868478553835
co,1.06,C08,C08B,21.60149704979267
dw,1.04,A61,A61B,21.60200792457908
dm,3.02,H04,H04M,21.60470791812986
bu,1.03,H04,H04L,21.6060556685552
ns,2.01,H04,H04L,21.60865825624205
nu,5.08,C07,C07F,21.63262861710973
qg,2.05,G01,G01J,21.63726618699729
dm,3.02,C12,C12Y,21.64082146796864
sy,1.03,G05,G05D,21.64280527736992
ig,2.06,C08,C08B,21.65746684302576
ro,1.07,F25,F25B,21.6652981005609
ui,1.03,F25,F25J,21.66666667163372
ih,2.07,C10,C10G,21.67142071551643
iq,2.02,A61,A61C,21.67159302905202
ji,5.01,H04,H04L,21.67767216614448
id,2.07,F22,F22B,21.67862920463085
pm,2.05,D21,D21H,21.68005116609856
if,2.11,H04,H04M,21.68600731808692
id,2.07,A61,A61K,21.68932952184696
ev,1.02,H03,H03M,21.70416419580579
if,2.11,G02,G02F,21.71010813117027
pa,6.02,G11,G11B,21.71666673198342
qu,1.06,A61,A61M,21.71845073089935
pu,2.03,B23,B23Q,21.72460319660604
dw,1.04,C10,C10M,21.73130627325736
ex,1.02,H02,H02M,21.73742771334946
pu,2.03,B01,B01J,21.75063613359816
qa,3.01,C12,C12P,21.75391923141433
pm,2.05,B22,B22C,21.75859810039401
cq,1.06,H04,H04B,21.76316637126729
ew,1.02,H04,H04S,21.76607581879944
zc,4.03,H04,H04N,21.77522421721369
dy,1.04,A23,A23C,21.7815974582918
pz,2.05,H04,H04N,21.79060912132263
zm,1.06,H04,H04L,21.79438501596451
dw,1.04,B82,B82Y,21.79474411974661
pj,2.05,C12,C12P,21.81707741948776
pn,1.01,G10,G10L,21.82464764313772
qf,9,C23,C23F,21.82876990642399
pu,2.03,C09,C09K,21.82912635873072
db,2.08,D21,D21H,21.83030894119292
td,3.02,G06,G06F,21.83625042391941
bq,6.05,A63,A63B,21.83871642872691
qe,2.09,C12,C12M,21.83901287429035
vj,5.01,H01,H01L,21.84025054099038
db,2.08,C11,C11C,21.85059855179861
pn,1.01,G02,G02B,21.87025820626877
ki,3.02,G07,G07F,21.88174606487155
ii,2.04,A23,A23C,21.88219148572534
pm,2.05,H01,H01P,21.88274275744334
ae,4.05,A01,A01B,21.90202023088932
dx,3.01,C07,C07B,21.91322857607156
ve,3.02,C07,C07C,21.91936828009784
km,1.06,H04,H04N,21.92275028023869
js,6.04,A63,A63F,21.92540861526504
dw,1.04,A23,A23B,21.92722391569987
ia,3.02,H01,H01L,21.93154399027117
dq,9,H04,H04N,21.93249827623367
uy,1.04,H01,H01J,21.93726630322635
ew,1.02,G05,G05D,21.93757279636338
da,1.06,C11,C11D,21.96082827053033
cl,9,G01,G01H,21.98549361201003
sd,3.02,H04,H04L,21.98930171132088
oz,6.02,G02,G02B,21.98968260362744
uk,1.03,H01,H01P,21.99127399222925
pn,1.01,E21,E21B,21.99723118729889
fa,2.01,F27,F27B,22.00000004470348
ue,2.11,G11,G11C,22.00574174756184
ub,1.03,G05,G05F,22.006198448129
gu,1.06,H01,H01L,22.01169260614552
ae,4.05,A01,A01G,22.01341610960662
xe,4.01,C05,C05F,22.02131946198642
ac,2.02,G03,G03F,22.02426924393512
ei,1.04,B81,B81C,22.03931744140573
ht,1.06,C12,C12N,22.04534959304146
da,1.06,B01,B01J,22.05441213143058
ec,1.04,G03,G03F,22.07235058536753
uh,1.03,C08,C08F,22.0838729548268
up,1.03,A61,A61N,22.09598672669381
ei,1.04,B23,B23K,22.10270017338917
mm,6.01,G07,G07F,22.10473148711026
rp,6.04,G11,G11B,22.10676412284374
ub,1.03,C25,C25B,22.11999631929211
py,3.02,C08,C08G,22.12337944330648
es,2.02,G01,G01D,22.12533784192055
pu,2.03,F03,F03D,22.12797637097538
if,2.11,C23,C23C,22.13389074848965
ry,2.03,G05,G05B,22.14440299151465
iu,2.03,F24,F24F,22.1508544893004
ee,1.04,C10,C10G,22.15190419461578
da,1.06,G06,G06T,22.15605362504721
ae,4.05,C10,C10L,22.15994273428805
ec,1.04,C22,C22B,22.16487709712237
oa,2.11,B01,B01F,22.17278868320864
pa,6.02,G06,G06T,22.17374609038234
pj,2.05,C04,C04B,22.19674645364285
yu,3.03,C07,C07K,22.20900078979321
km,1.06,C11,C11D,22.21319653396495
rp,6.04,G01,G01N,22.2175538726151
if,2.11,B23,B23Q,22.22500001639128
de,1.06,C07,C07J,22.22765144170262
ai,2.03,H02,H02M,22.2307983408682
ik,2.11,C22,C22C,22.23801661795005
ye,2.02,B60,B60W,22.23842450976372
nn,3.03,C07,C07H,22.25907118595205
bp,6.04,H04,H04M,22.26301461644471
ja,1.05,C08,C08G,22.26390043599531
if,2.11,B25,B25J,22.266022547381
ea,1.04,G06,G06T,22.27111268404406
zm,1.06,C08,C08G,22.27333890739828
le,1.05,H04,H04W,22.28081961907446
pi,1.06,G06,G06F,22.29487719503231
ea,1.04,H04,H04W,22.30188840441406
uh,1.03,G02,G02B,22.30594773683697
qa,3.01,A23,A23L,22.31199133757036
ay,3.01,A61,A61B,22.31858581933193
ad,4.02,A23,A23J,22.32386653125286
bv,5.01,A61,A61K,22.32598563167267
ai,2.03,F03,F03D,22.32857152819633
fs,6.04,G06,G06Q,22.3465488627553
es,2.02,G07,G07C,22.34852118138224
tu,3.01,C12,C12M,22.35303240595385
oa,2.11,H05,H05G,22.35896309977397
nn,3.03,C12,C12R,22.37883975496516
pi,1.06,A01,A01N,22.38736148760654
ps,5.04,G06,G06F,22.38926924485713
gc,1.05,G06,G06K,22.39247596031055
ra,2.11,A61,A61B,22.41304573242087
ub,1.03,F04,F04D,22.41669574240223
ai,2.03,F04,F04D,22.44166680797935
ii,2.04,G01,G01R,22.45001404965296
ro,1.07,C09,C09B,22.45021904632449
sy,1.03,G03,G03C,22.45664697373286
db,2.08,C07,C07F,22.47318758023903
qg,2.05,C07,C07C,22.47352070710622
sy,1.03,F41,F41H,22.4792875086423
co,1.06,G06,G06Q,22.48057733243331
pt,3.03,G06,G06K,22.48062010365538
hq,1.04,C08,C08F,22.49147157534026
qa,3.01,B82,B82Y,22.4925063411938
dt,2.03,G01,G01R,22.49486721679568
ro,1.07,H02,H02K,22.49637513048947
ui,1.03,A61,A61F,22.49999588844366
uf,1.03,H04,H04L,22.5030301976949
ah,4.01,A23,A23G,22.50336540630087
ya,3.02,C07,C07C,22.50365193979815
ec,1.04,G06,G06F,22.50393782462925
de,1.06,C05,C05G,22.51689822133631
iy,1.06,G01,G01N,22.5320497143548
cn,5.01,G06,G06F,22.53512365720235
mm,6.01,H04,H04B,22.53536198101938
td,3.02,A61,A61L,22.54944338358473
vm,5.06,G06,G06F,22.5537608936429
tu,3.01,G01,G01R,22.56235446128994
iu,2.03,F01,F01L,22.58888895064592
id,2.07,F02,F02M,22.58945538569242
fy,3.02,C04,C04B,22.59179416485131
fy,3.02,A61,A61M,22.59250744152814
gu,1.06,C02,C02F,22.59364368766546
le,1.05,G06,G06K,22.59637861279771
ai,2.03,A61,A61B,22.5998597482685
ru,3.01,A61,A61H,22.60322707029991
ec,1.04,H01,H01B,22.60667985118926
ee,1.04,H01,H01B,22.62078515766189
ua,6.03,A61,A61K,22.626881016884
ye,2.02,A61,A61M,22.63433390809223
eu,2.02,A61,A61B,22.63863756740466
sy,1.03,H02,H02N,22.64860150148161
ye,2.02,B61,B61L,22.65602566860616
oe,5.06,H01,H01L,22.66503245290369
ya,3.02,G06,G06K,22.67616866354365
km,1.06,G06,G06K,22.68122929963283
gu,1.06,C11,C11D,22.68710800958797
iq,2.02,F15,F15B,22.68893507914618
ns,2.01,C12,C12M,22.68993296998087
iq,2.02,C12,C12N,22.70536036998965
ii,2.04,D06,D06M,22.70621350454167
ro,1.07,G03,G03H,22.71699541993439
un,1.03,G01,G01N,22.72172946599312
wm,5.04,H04,H04N,22.72497895197012
iu,2.03,H05,H05B,22.7403243300505
pn,1.01,H04,H04B,22.74764803587459
ns,2.01,C07,C07C,22.75269930332433
ro,1.07,H03,H03H,22.75424544140697
ah,4.01,C07,C07K,22.75768236658769
pn,1.01,G01,G01R,22.76054021483287
ue,2.11,A63,A63F,22.76899643847719
ru,3.01,C07,C07F,22.78128960449249
fi,1.04,G06,G06F,22.78305147495121
ik,2.11,A61,A61K,22.79541726224124
zc,4.03,H01,H01L,22.79656499810517
ro,1.07,G01,G01C,22.80712009826675
pa,6.02,A61,A61B,22.81312953680754
uh,1.03,H05,H05H,22.81419030483812
hl,3.03,H04,H04W,22.82019917853177
if,2.11,C04,C04B,22.82543844915926
qg,2.05,G01,G01L,22.82720285723917
da,1.06,A61,A61M,22.83031328837387
if,2.11,G03,G03G,22.83125006500632
kv,1.05,G06,G06F,22.84046572772786
eu,2.02,G06,G06K,22.84939924068749
es,2.02,C23,C23C,22.85405847150832
tu,3.01,G11,G11B,22.86507673189044
ub,1.03,C09,C09J,22.86872172751464
ua,6.03,H04,H04W,22.87897526007146
ex,1.02,H04,H04R,22.91497072158381
im,2.01,B01,B01D,22.91534981131554
qj,2.05,D02,D02G,22.91666674613953
ew,1.02,B25,B25J,22.92680745897815
ro,1.07,B22,B22F,22.9276492386125
ii,2.04,F16,F16L,22.93293667025864
vy,3.02,G01,G01B,22.93864690698683
ro,1.07,G08,G08B,22.94794687256217
uk,1.03,B81,B81C,22.9586219759658
ze,1.06,A01,A01K,22.96986629336607
oa,2.11,G05,G05F,22.9768818479497
km,1.06,B01,B01L,22.98632558982354
bp,6.04,G01,G01N,22.99951543915085
zm,1.06,C03,C03C,23.00000001490116
ah,4.01,C12,C12P,23.00310724944575
tc,3.02,H04,H04L,23.00418824702501
ye,2.02,H01,H01F,23.00942655513063
qe,2.09,C08,C08B,23.01111498195678
ad,4.02,C12,C12R,23.02200420713052
pk,2.05,C25,C25D,23.0271140425466
dw,1.04,B05,B05D,23.05220769066364
ui,1.03,B41,B41J,23.06118602026254
uk,1.03,H04,H04B,23.06154283531941
hb,5.03,G09,G09B,23.07967069279402
if,2.11,B32,B32B,23.08779690391384
tc,3.02,G01,G01N,23.1112230385188
bu,1.03,G01,G01N,23.12297576246783
tu,3.01,E21,E21B,23.12446570582688
ye,2.02,G01,G01B,23.1317808618769
pm,2.05,B23,B23B,23.14364269003272
fa,2.01,F24,F24F,23.14624263159931
py,3.02,G09,G09B,23.15335387457162
py,3.02,B29,B29C,23.15465186256915
yp,3.02,H04,H04W,23.15595247037709
xq,2.11,G02,G02F,23.16521166753955
mm,6.01,G03,G03G,23.16666668653488
ig,2.06,C04,C04B,23.17820140346885
pz,2.05,C10,C10B,23.18750005681068
mu,4.01,A61,A61K,23.19273383694235
tc,3.02,A43,A43B,23.20116721396334
et,1.02,A23,A23G,23.21531751379371
nu,5.08,C01,C01B,23.22550170961767
pz,2.05,C30,C30B,23.23657660325989
rz,3.03,G03,G03F,23.2368057705462
vs,5.01,G06,G06F,23.23764426680282
ja,1.05,C11,C11D,23.24981465702876
nu,5.08,B41,B41M,23.25165335182101
pm,2.05,F16,F16D,23.25188502296805
ni,3.01,H04,H04N,23.25704490905628
qg,2.05,C07,C07F,23.28228648076765
ye,2.02,E21,E21B,23.28656477574259
rz,3.03,H04,H04W,23.28706026915461
rq,1.06,C12,C12Q,23.29494463303126
ub,1.03,B42,B42D,23.29529751464725
ro,1.07,C08,C08B,23.29884345736355
co,1.06,C08,C08G,23.30517488380428
oa,2.11,C09,C09K,23.3100929223001
ue,2.11,B41,B41F,23.31455031037331
pn,1.01,G11,G11B,23.3248438090086
qe,2.09,A01,A01N,23.32563412794843
li,3.02,A61,A61B,23.32829202758148
mc,1.06,G06,G06N,23.33021403313614
ii,2.04,F23,F23G,23.3378249136731
nu,5.08,A61,A61L,23.35593801736832
iq,2.02,F03,F03G,23.38688021851704
ya,3.02,B29,B29C,23.38788086501881
iu,2.03,A61,A61L,23.38830034993589
mm,6.01,G11,G11B,23.39324015006423
ig,2.06,G01,G01F,23.41043727751821
iu,2.03,F04,F04C,23.41666673868895
uu,5.06,G11,G11B,23.42735048010945
iq,2.02,C08,C08K,23.42841482069343
fi,1.04,C01,C01B,23.44733234192245
pu,2.03,H04,H04L,23.46272790571675
uy,1.04,A61,A61N,23.47547227749601
dm,3.02,A01,A01N,23.48339719255455
ff,3.02,A61,A61N,23.48691534460522
qf,9,C22,C22C,23.49276235792786
iq,2.02,B65,B65G,23.49375683162361
tu,3.01,C04,C04B,23.50725048524328
ja,1.05,C05,C05F,23.50899484474212
pc,5.02,A61,A61B,23.53035223344341
ro,1.07,A63,A63B,23.53101445734501
zq,2.07,B03,B03D,23.53181035816669
iu,2.03,G05,G05D,23.54049883177504
rt,3.02,G06,G06K,23.54153319646139
js,6.04,C07,C07C,23.54372980631888
oi,3.02,G06,G06F,23.54935552994721
im,2.01,G06,G06K,23.55087617086247
iu,2.03,B21,B21D,23.55325529398397
ru,3.01,A01,A01N,23.55421853181906
ni,3.01,G06,G06Q,23.55997676309198
ep,1.02,G03,G03G,23.57051774766296
ns,2.01,B23,B23K,23.5791636982467
sy,1.03,G07,G07D,23.58188458252698
pm,2.05,B60,B60N,23.58710320666432
mm,6.01,C07,C07C,23.59142181510106
ai,2.03,H03,H03M,23.59232644177973
sy,1.03,B01,B01D,23.59472323860973
ki,3.02,A61,A61L,23.59812770725694
ex,1.02,B25,B25J,23.59947389387526
ec,1.04,C08,C08J,23.60574171738699
pm,2.05,B29,B29D,23.61131691955961
oz,6.02,G06,G06T,23.62026779353619
pa,6.02,C07,C07C,23.63438797276467
hq,1.04,B01,B01L,23.6357855242677
ns,2.01,G01,G01B,23.63709929049946
py,3.02,C12,C12P,23.6381870796904
ac,2.02,H03,H03K,23.66498346999288
ig,2.06,G01,G01B,23.66745055932552
ry,2.03,C09,C09K,23.67292068107054
id,2.07,F03,F03B,23.69722230359912
id,2.07,B32,B32B,23.70052687358111
pm,2.05,F04,F04B,23.70800453051925
ev,1.02,H03,H03K,23.71399668161757
ur,1.01,G01,G01N,23.71802340564318
pm,2.05,B23,B23P,23.71910371817648
qq,1.05,H04,H04W,23.71917676273733
dw,1.04,C09,C09C,23.72972166491672
gu,1.06,C03,C03C,23.73333336412907
db,2.08,A62,A62D,23.74737647827715
ea,1.04,C10,C10M,23.7552581038326
mc,1.06,A61,A61K,23.76922159732203
nu,5.08,C09,C09J,23.77004546206445
ih,2.07,H01,H01M,23.77744414308108
ev,1.02,G02,G02B,23.78937310003676
et,1.02,H01,H01M,23.80568503937684
uk,1.03,B23,B23K,23.81034799735062
ry,2.03,G02,G02B,23.82794733066112
si,1.05,H04,H04L,23.83359206095338
yp,3.02,C12,C12Q,23.83996393112466
py,3.02,H05,H05K,23.84587776754051
uu,5.06,C07,C07D,23.86173637676984
pj,2.05,B65,B65H,23.8666667342186
jy,4.05,G06,G06Q,23.87284780852497
ub,1.03,H01,H01R,23.87308690603822
rp,6.04,A63,A63F,23.8773504756391
uk,1.03,B22,B22F,23.8778537963517
qg,2.05,C08,C08L,23.87965806736611
um,3.01,A61,A61L,23.93142980535049
yp,3.02,C07,C07D,23.93557857547421
qf,9,G01,G01M,23.94256575126201
ex,1.02,H05,H05K,23.94665601779707
um,3.01,A23,A23L,23.95507377455942
uk,1.03,G03,G03G,23.95633570896462
iq,2.02,B60,B60G,23.95932849217206
et,1.02,H03,H03F,23.96885356982239
es,2.02,G03,G03G,23.98472233489156
ro,1.07,H02,H02N,24.01154870353639
uk,1.03,H01,H01Q,24.02775492472574
ur,1.01,H04,H04L,24.04359933035448
gu,1.06,C08,C08F,24.04996950458735
nu,5.08,G10,G10L,24.05260577565059
ei,1.04,A23,A23D,24.05868823220953
pq,1.01,G01,G01N,24.05999038135633
yi,6.03,G06,G06Q,24.07814803905785
id,2.07,C10,C10M,24.08755224104971
uk,1.03,H02,H02M,24.08955879509449
ye,2.02,B82,B82Y,24.09313969337381
iu,2.03,F15,F15B,24.09993408480659
ii,2.04,B05,B05B,24.11823154846206
vy,3.02,C12,C12Q,24.1241695182398
pa,6.02,G02,G02B,24.13165896013379
qg,2.05,B29,B29C,24.13556972809602
ei,1.04,C08,C08B,24.14672310580499
pz,2.05,B23,B23P,24.15113965421915
ik,2.11,B25,B25J,24.19276398746297
mc,1.06,H04,H04L,24.19521861150861
db,2.08,A23,A23G,24.19890350336209
ni,3.01,C07,C07F,24.22091197664849
es,2.02,G08,G08B,24.22359351441264
ii,2.04,C12,C12Q,24.24687756958883
xy,1.01,H04,H04N,24.24864290747792
iu,2.03,H01,H01H,24.26555454637855
yr,2.01,H03,H03M,24.27128724101931
or,5.09,G06,G06F,24.27328367717564
ik,2.11,B32,B32B,24.2836281186901
qg,2.05,B41,B41J,24.28543576411903
ra,2.11,G01,G01R,24.30454345606267
qg,2.05,A61,A61K,24.32297740457579
ij,2.11,G01,G01R,24.32354264333844
zq,2.07,G01,G01N,24.32505738385953
ii,2.04,A23,A23G,24.32775672525167
wu,5.04,H04,H04W,24.33100015297532
dy,1.04,F01,F01N,24.35072173038498
ii,2.04,D01,D01D,24.35530150588602
pk,2.05,B28,B28B,24.36080597806722
nu,5.08,H05,H05K,24.37500005960464
po,1.01,G06,G06T,24.37786771787796
ac,2.02,G09,G09B,24.38113205367699
if,2.11,H01,H01F,24.38470092229545
dy,1.04,B81,B81C,24.38556945510209
zm,1.06,C11,C11D,24.3867278303951
ip,2.07,G06,G06Q,24.39358793757856
ka,4.01,G06,G06Q,24.39489673124626
ne,3.03,A63,A63F,24.39590564370155
qe,2.09,C08,C08L,24.39987027877942
gu,1.06,C08,C08G,24.40076316567138
dr,1.06,B01,B01L,24.43125483265612
ep,1.02,G16,G16H,24.43606274016201
ii,2.04,H05,H05K,24.45188851701096
eu,2.02,G07,G07F,24.47713690064847
et,1.02,C02,C02F,24.48790986835957
ew,1.02,A61,A61N,24.48857792001218
om,5.05,A61,A61B,24.49831369984895
om,5.05,B41,B41J,24.5
pk,2.05,B29,B29C,24.51661245664582
ew,1.02,A61,A61F,24.53217821288854
bq,6.05,H04,H04B,24.53538499027491
po,1.01,H04,H04L,24.54190973984078
zr,1.05,B01,B01J,24.54193014395423
jy,4.05,C09,C09K,24.54350344371051
pq,1.01,H04,H04M,24.54487742483616
ui,1.03,H02,H02J,24.55287433601916
pa,6.02,E04,E04F,24.58333334326744
jy,4.05,A61,A61B,24.59941909951158
ro,1.07,G21,G21B,24.61245528794825
ro,1.07,B23,B23K,24.61702404730022
gy,5.02,H04,H04M,24.61892401054502
dy,1.04,G01,G01J,24.6268069538055
db,2.08,A01,A01G,24.62908318988048
py,3.02,G11,G11B,24.63034764304757
ro,1.07,F16,F16K,24.6318568312563
oz,6.02,B29,B29C,24.63804720714688
pj,2.05,A61,A61K,24.67415910575073
uk,1.03,G01,G01T,24.67644889443181
uk,1.03,B29,B29C,24.67709883744828
su,3.02,A01,A01N,24.69066545646638
ur,1.01,A61,A61B,24.69390127342194
ub,1.03,C02,C02F,24.69554487999994
es,2.02,B82,B82Y,24.70729216514155
bk,6.04,C07,C07D,24.73570372408722
jy,4.05,C12,C12H,24.73798530548811
dy,1.04,B65,B65D,24.73846192180645
js,6.04,H04,H04W,24.73998346924782
aa,1.03,E21,E21B,24.74215971818194
es,2.02,H03,H03B,24.74659289140254
ns,2.01,B81,B81B,24.75555536733009
xq,2.11,G01,G01V,24.75953861931339
dr,1.06,H04,H04N,24.7704993467778
id,2.07,H03,H03K,24.81064334372059
ot,6.02,H04,H04N,24.81843426264822
dw,1.04,G06,G06Q,24.81914334138855
ea,1.04,H04,H04N,24.83062764047645
ik,2.11,G11,G11B,24.83541978150606
pm,2.05,G21,G21K,24.84856095793657
dt,2.03,F01,F01K,24.85071460530162
ma,3.02,A61,A61F,24.85534894047305
ig,2.06,C08,C08L,24.85663587041199
pz,2.05,A61,A61B,24.87634031986818
bq,6.05,H04,H04M,24.89167750626802
iq,2.02,F02,F02P,24.89464581431821
ih,2.07,C12,C12P,24.90143006446306
ec,1.04,C07,C07H,24.90400528593455
ac,2.02,G01,G01M,24.90520110027865
sy,1.03,B01,B01J,24.91995396418497
ns,2.01,A61,A61M,24.92452972196043
ac,2.02,H04,H04M,24.94015284627676
jy,4.05,C10,C10L,24.96488258405589
cu,1.06,A01,A01K,24.96592470497126
da,1.06,B01,B01L,24.96660922816955
ig,2.06,H04,H04B,24.98042692465242
ew,1.02,G08,G08B,24.99508452462032
mc,1.06,C12,C12N,25.02490601415047
ii,2.04,B03,B03D,25.03238939121366
oz,6.02,H04,H04B,25.03879763558507
ki,3.02,C07,C07H,25.0410204869695
ih,2.07,A61,A61K,25.04622368596029
ah,4.01,C07,C07C,25.05841472861357
uy,1.04,C08,C08H,25.06058339076117
qq,1.05,A61,A61B,25.06901202956215
pm,2.05,F16,F16F,25.07962066540495
fi,1.04,C07,C07K,25.08105798548786
qe,2.09,A61,A61N,25.08594544697553
db,2.08,H04,H04M,25.09940675832331
ig,2.06,B01,B01J,25.11883987905458
ae,4.05,C12,C12N,25.1288217108231
ns,2.01,H01,H01S,25.13658719114028
dw,1.04,C02,C02F,25.14300581230782
pu,2.03,B32,B32B,25.14971603918821
py,3.02,G09,G09G,25.15266111120582
ii,2.04,C01,C01C,25.15703492611647
qe,2.09,C04,C04B,25.15703896991909
ii,2.04,B03,B03C,25.17078205780126
py,3.02,G02,G02B,25.18556648259982
ij,2.11,C10,C10G,25.19645904283971
pz,2.05,H05,H05B,25.20950935874134
hq,1.04,B81,B81C,25.21708818897605
wh,3.02,A61,A61F,25.22606519702822
ea,1.04,B32,B32B,25.2277179886587
sa,3.03,G06,G06Q,25.22924008686095
oz,6.02,H04,H04M,25.2393289860338
ur,1.01,G06,G06T,25.26138772582635
uq,5.07,G06,G06F,25.29953838326037
mu,4.01,C12,C12Q,25.31107357528526
ep,1.02,G11,G11C,25.31624122848734
ik,2.11,B24,B24B,25.34074223041534
uk,1.03,C08,C08F,25.34214091300964
ac,2.02,F03,F03D,25.3423378020525
tc,3.02,A61,A61M,25.36481801304035
mm,6.01,H04,H04M,25.3654352016747
ui,1.03,H03,H03K,25.39607671555132
jy,4.05,A01,A01J,25.40740748867393
yi,6.03,H04,H04W,25.40959141403437
ns,2.01,C08,C08G,25.42329404404154
iq,2.02,B65,B65D,25.42426326032728
bq,6.05,G11,G11B,25.4392247358337
bi,6.01,H04,H04L,25.45167258754373
iq,2.02,G06,G06J,25.45277793705463
xq,2.11,A61,A61N,25.45468344329856
dr,1.06,H01,H01L,25.46124480781145
yr,2.01,H04,H04J,25.46261585783213
ne,3.03,G03,G03F,25.47012563981116
pu,2.03,H05,H05K,25.49578636139631
db,2.08,C05,C05F,25.5039139604196
nu,5.08,H04,H04B,25.50705271959305
dk,5.02,H04,H04N,25.5130368815735
da,1.06,H01,H01J,25.5145435386803
ui,1.03,G01,G01T,25.51825457881205
ik,2.11,H04,H04W,25.54659715620801
ih,2.07,A62,A62D,25.55291950702667
oz,6.02,A61,A61B,25.55741200596094
iu,2.03,G01,G01K,25.57000482315198
ut,6.02,G06,G06Q,25.57346514426172
iq,2.02,B29,B29D,25.57613364094868
db,2.08,E21,E21B,25.59042680962011
ye,2.02,C03,C03B,25.60448343120515
dq,9,A61,A61H,25.62338292971253
pj,2.05,B01,B01D,25.62674512714148
uy,1.04,C10,C10G,25.62734070792794
ew,1.02,G02,G02F,25.63340880628675
dx,3.01,C40,C40B,25.63672922860133
ni,3.01,B01,B01L,25.64506023505237
ei,1.04,B41,B41J,25.65943307895213
iu,2.03,H04,H04B,25.66679823747836
ua,6.03,G06,G06Q,25.66994692385197
de,1.06,C05,C05F,25.67360759433359
zm,1.06,C08,C08F,25.67505647754297
pm,2.05,D01,D01D,25.6926127638435
li,3.02,G06,G06F,25.69669648096897
uh,1.03,H01,H01S,25.69779996038415
lj,3.02,A61,A61K,25.70312535343692
pi,1.06,G01,G01N,25.726186571992
pk,2.05,C08,C08J,25.72822394873947
ii,2.04,B08,B08B,25.74154896754771
zq,2.07,G01,G01V,25.76162783894688
di,5.02,H04,H04M,25.76778970099986
ia,3.02,H04,H04W,25.77482276596129
ep,1.02,G10,G10H,25.77634974010289
ns,2.01,H03,H03H,25.77702875970863
iq,2.02,H05,H05G,25.78690967382863
es,2.02,G08,G08G,25.80871416348964
py,3.02,C08,C08F,25.82246410101652
dq,9,G01,G01S,25.84495480312034
ii,2.04,B05,B05C,25.85111118108034
jw,6.02,G06,G06F,25.85290136933327
iq,2.02,G06,G06E,25.87934451224282
iq,2.02,G02,G02C,25.88106448110193
rq,1.06,C12,C12R,25.89355711324606
jy,4.05,B65,B65B,25.90455071581528
uk,1.03,B24,B24B,25.90504886908457
uk,1.03,H04,H04N,25.90506308991462
vy,3.02,G10,G10K,25.91870299726725
pm,2.05,F16,F16L,25.91930557228625
oy,9,G06,G06Q,25.93450750363991
if,2.11,G01,G01P,25.93552380334586
zd,9,H01,H01L,25.93902117596008
iu,2.03,F02,F02K,25.94220798276365
pi,1.06,C12,C12P,25.95829015399795
ij,2.11,H02,H02J,25.97588419402018
pj,2.05,C09,C09D,25.97877864539623
ry,2.03,A61,A61N,25.97989087784663
iu,2.03,B01,B01L,25.98044379439671
pz,2.05,B21,B21C,25.98379645124078
id,2.07,H04,H04B,25.98601784557104
xq,2.11,G06,G06T,25.99630775628611
re,1.05,B01,B01J,26.04142298386432
gu,1.06,C12,C12N,26.04350595391588
ih,2.07,C22,C22B,26.04353365814313
iq,2.02,F16,F16F,26.05288516031578
oa,2.11,G08,G08B,26.07556463428773
zd,9,G06,G06Q,26.11243919376284
ua,6.03,H04,H04N,26.11438504420221
ne,3.03,C09,C09K,26.12200135784224
pm,2.05,H04,H04R,26.12259847461246
ha,5.03,H04,H04M,26.12886713445187
we,3.02,A61,A61L,26.13001193094533
vj,5.01,H04,H04N,26.14578941930085
qu,1.06,C07,C07F,26.15712465741672
es,2.02,H02,H02J,26.16391645884141
qg,2.05,B81,B81C,26.17351101967506
pk,2.05,B24,B24D,26.17637629620731
et,1.02,C09,C09K,26.17838795960415
am,4.01,G06,G06F,26.18889338918962
qu,1.06,B01,B01D,26.20427296916023
ro,1.07,C01,C01G,26.21196493785828
bu,1.03,H04,H04N,26.2371325660497
sa,3.03,C11,C11B,26.25365418568254
dq,9,G06,G06Q,26.26399104739539
ee,1.04,H05,H05B,26.27212326787412
ue,2.11,H01,H01J,26.27379843476228
db,2.08,G02,G02B,26.29050282621756
pm,2.05,H01,H01H,26.31081090634689
ro,1.07,B65,B65D,26.32389328256249
yp,3.02,H04,H04L,26.3282145743724
ia,3.02,A61,A61Q,26.33320885291323
ij,2.11,G06,G06T,26.34026762656868
sy,1.03,B01,B01L,26.3507442275295
ea,1.04,F16,F16K,26.37475029705092
qu,1.06,A61,A61B,26.38871628628112
pi,1.06,A23,A23K,26.40060731116682
ec,1.04,C02,C02F,26.40202384162694
pk,2.05,A61,A61C,26.4025271050632
tq,3.02,A23,A23C,26.41059670038521
rx,3.02,G06,G06T,26.41474160994403
cn,5.01,A61,A61B,26.46147510781884
ui,1.03,C09,C09D,26.54319641762413
wu,5.04,H04,H04N,26.54722524061799
iq,2.02,C02,C02F,26.56583173945546
ex,1.02,H02,H02J,26.58129521040246
bp,6.04,H01,H01L,26.58465148601681
jy,4.05,C09,C09B,26.5911219464615
db,2.08,C08,C08F,26.5913778769318
es,2.02,H01,H01Q,26.59322588285431
ep,1.02,H03,H03K,26.59683913458139
uk,1.03,G05,G05B,26.60476978286169
zq,2.07,C22,C22C,26.60479058302008
iq,2.02,G07,G07D,26.63460351619869
ew,1.02,H05,H05B,26.6354086115025
ai,2.03,F23,F23R,26.63731070235372
ik,2.11,G11,G11C,26.6485918588005
ec,1.04,G21,G21G,26.64876209944487
my,5.01,G06,G06F,26.66052093915641
ma,3.02,B01,B01D,26.6615548110567
js,6.04,H01,H01L,26.67143269628286
ii,2.04,B01,B01L,26.67774663644377
ki,3.02,H04,H04L,26.67879170924425
yo,3.01,A61,A61Q,26.71546666044742
ea,1.04,C08,C08K,26.7173313931562
hq,1.04,C07,C07F,26.73921144602355
db,2.08,C12,C12G,26.74497843300924
ei,1.04,H01,H01S,26.76428971043788
tu,3.01,A23,A23K,26.77009851974435
ac,2.02,B60,B60R,26.79423502273858
dy,1.04,C06,C06B,26.79538863617927
zm,1.06,A01,A01K,26.79887829977088
iu,2.03,B24,B24B,26.80289870174602
rq,1.06,C12,C12P,26.81233926865389
ei,1.04,A61,A61M,26.81673554913141
lj,3.02,G06,G06F,26.86329594138078
fi,1.04,C08,C08F,26.86420393921435
co,1.06,A01,A01K,26.87481813994236
id,2.07,F16,F16L,26.88179188873619
hq,1.04,B60,B60L,26.88797383382916
pt,3.03,A61,A61F,26.88848267542198
km,1.06,H04,H04W,26.9158184658736
pq,1.01,A61,A61B,26.9176649725996
ee,1.04,C08,C08C,26.93009529355913
ro,1.07,C08,C08K,26.93037553504109
rp,6.04,C07,C07D,26.93048664310481
ea,1.04,F04,F04B,26.95322341215797
ro,1.07,A63,A63F,26.95440868707374
ry,2.03,C23,C23C,26.96881852508523
ve,3.02,H01,H01L,26.97610202967189
pz,2.05,F16,F16C,26.98015888035297
qh,2.05,C08,C08K,26.98317660205066
ea,1.04,G06,G06Q,26.99146894365549
id,2.07,C03,C03C,27.01239413814619
ep,1.02,H04,H04H,27.03692822856829
ot,6.02,G06,G06Q,27.04414569633082
pj,2.05,A61,A61F,27.05530711170286
ii,2.04,F02,F02D,27.05558882188052
iq,2.02,B65,B65H,27.05575424060225
if,2.11,H03,H03G,27.06132793426514
ui,1.03,C07,C07C,27.09868602151982
xe,4.01,C05,C05G,27.1108655910939
li,3.02,C07,C07K,27.12029784772312
pn,1.01,H03,H03M,27.16406729444861
ai,2.03,F03,F03H,27.18986997567117
xw,3.03,A43,A43B,27.19297125027515
id,2.07,C01,C01G,27.19448733585887
uk,1.03,C07,C07F,27.22636620712001
db,2.08,C22,C22B,27.22782394476235
ra,2.11,A61,A61K,27.23178289446514
ra,2.11,G06,G06T,27.23507283208892
pn,1.01,G01,G01S,27.23906527925283
id,2.07,F02,F02D,27.24189834715798
di,5.02,H04,H04W,27.25091702397913
if,2.11,G01,G01K,27.29468797659501
aa,1.03,G06,G06Q,27.30999286542647
zc,4.03,A61,A61D,27.36304256413132
iu,2.03,B23,B23P,27.38115097023547
wc,3.03,A61,A61H,27.38199936691672
ya,3.02,H04,H04N,27.38466062117368
vj,5.01,C07,C07D,27.38665088941343
ae,4.05,C02,C02F,27.39345982903615
vx,5.01,H04,H04N,27.39790010452271
pt,3.03,H04,H04L,27.42562841810286
ei,1.04,C07,C07B,27.43580446438864
iu,2.03,C07,C07C,27.45330557669513
ue,2.11,G06,G06N,27.48005387582816
bq,6.05,E21,E21B,27.48101679980755
qa,3.01,A01,A01N,27.49275826069061
iu,2.03,B23,B23Q,27.51576222851872
pm,2.05,H02,H02K,27.520917334361
tm,3.01,A61,A61L,27.5421049927827
dm,3.02,G01,G01R,27.55749535909854
hq,1.04,C22,C22C,27.55758072761819
sy,1.03,C08,C08G,27.55829946231097
km,1.06,C07,C07C,27.58802267920692
ja,1.05,C09,C09D,27.60595405125059
ai,2.03,H02,H02J,27.60627901321277
ig,2.06,H04,H04W,27.62110738700721
pm,2.05,C09,C09B,27.62778392294422
co,1.06,H04,H04N,27.63114095572382
iq,2.02,B66,B66B,27.63961055036634
pt,3.03,A61,A61M,27.64057147724088
uu,5.06,H04,H04W,27.64187726192176
ip,2.07,C01,C01B,27.64239466527943
yr,2.01,H03,H03F,27.66283215791918
if,2.11,H02,H02H,27.6751405345276
xw,3.03,A23,A23L,27.68875179579481
lq,3.03,H04,H04L,27.7037888141349
js,6.04,G07,G07F,27.71631719917059
zm,1.06,C12,C12Q,27.71842308202758
dt,2.03,F28,F28D,27.72158839832991
ei,1.04,B01,B01L,27.72358961647842
id,2.07,H02,H02H,27.72661818284541
pm,2.05,B21,B21D,27.74400779372081
iq,2.02,C08,C08J,27.74473986437079
pu,2.03,C08,C08F,27.74662599223666
ze,1.06,G06,G06F,27.74734261864796
ui,1.03,G01,G01S,27.7719509890303
ew,1.02,E21,E21B,27.78078725282103
oz,6.02,G07,G07F,27.78154771029949
de,1.06,A23,A23D,27.78985190927051
ii,2.04,C08,C08B,27.80801672884263
dx,3.01,C08,C08G,27.80983515561093
if,2.11,B01,B01D,27.80991160986014
ac,2.02,G01,G01P,27.81695018755272
js,6.04,C07,C07D,27.81746691884473
pz,2.05,G06,G06Q,27.81987862940878
am,4.01,A01,A01C,27.82134811813012
er,1.02,A63,A63F,27.84366188338026
im,2.01,E21,E21B,27.85061954241246
ig,2.06,A63,A63B,27.87271659169346
sy,1.03,A61,A61M,27.88030479452573
if,2.11,H04,H04H,27.88189497590065
pa,6.02,A61,A61Q,27.89097239356488
py,3.02,H04,H04W,27.95727070700377
ep,1.02,B62,B62D,27.9758055252023
ee,1.04,C10,C10L,27.99388832191471
ev,1.02,C12,C12Q,28.00496247090632
pm,2.05,B05,B05B,28.00637094071135
mc,1.06,A61,A61N,28.0078722781036
tu,3.01,C09,C09D,28.01895800814964
sy,1.03,H04,H04M,28.02005801396444
up,1.03,G06,G06F,28.04753671912476
vm,5.06,G06,G06Q,28.04954889649525
xy,1.01,G06,G06T,28.05595855193678
et,1.02,B01,B01J,28.05802254751325
ev,1.02,G11,G11C,28.07494897535071
es,2.02,H04,H04H,28.10418231459334
pm,2.05,A61,A61C,28.1231486289762
dy,1.04,A23,A23G,28.13543262332678
pa,6.02,C07,C07D,28.14621585374698
ue,2.11,G01,G01T,28.17003674223088
iq,2.02,F41,F41G,28.17439491348341
jy,4.05,C09,C09D,28.17852514609694
iq,2.02,G01,G01G,28.18490925524384
uk,1.03,H04,H04L,28.18928737053648
iq,2.02,F28,F28F,28.20256617106497
if,2.11,F16,F16H,28.23346568644047
db,2.08,A61,A61N,28.25533546146471
pu,2.03,B64,B64C,28.27747128624469
ne,3.03,G02,G02F,28.3005291223526
iu,2.03,F28,F28D,28.30244475742802
ii,2.04,B41,B41M,28.30292843841016
qg,2.05,F01,F01D,28.32676003873348
oz,6.02,H05,H05K,28.33571431785822
ah,4.01,A23,A23K,28.33778188331053
ei,1.04,D06,D06M,28.34012615471147
ro,1.07,G09,G09B,28.35171868070029
ub,1.03,B22,B22D,28.3535023285076
ii,2.04,H04,H04W,28.35381390340626
sy,1.03,H03,H03L,28.35733624780551
am,4.01,A23,A23L,28.36274651763961
ga,3.02,A01,A01N,28.36557626747526
pm,2.05,B41,B41M,28.38255674927495
iq,2.02,C08,C08F,28.39553295494989
de,1.06,H04,H04L,28.40448919683695
ru,3.01,G09,G09B,28.41299537592568
qe,2.09,B29,B29C,28.41741684870794
ub,1.03,F41,F41B,28.41926166415215
fi,1.04,G09,G09G,28.42144342837855
dy,1.04,C22,C22C,28.4404664458707
ee,1.04,C09,C09J,28.44940180541016
dk,5.02,H01,H01L,28.46075280662626
yr,2.01,H01,H01Q,28.46735057933256
ka,4.01,G01,G01N,28.47256702650338
iy,1.06,C12,C12R,28.49997924268246
ff,3.02,G06,G06F,28.50630702078342
ya,3.02,H01,H01L,28.52132035139948
ub,1.03,F01,F01D,28.52440581843257
ye,2.02,G05,G05D,28.53507449128665
uy,1.04,A23,A23L,28.54322047834285
aa,1.03,H04,H04H,28.54627145873383
ui,1.03,G01,G01C,28.56534027215093
vy,3.02,B06,B06B,28.56965374574065
uq,5.07,G06,G06Q,28.61295959167182
xq,2.11,C07,C07C,28.62137839803472
iq,2.02,B64,B64D,28.63299084827304
nu,5.08,A63,A63B,28.63674565590918
dm,3.02,G06,G06K,28.64481357485056
dw,1.04,C12,C12Q,28.65811120707076
ra,2.11,G06,G06F,28.66040857229382
ew,1.02,C07,C07D,28.66170304920524
su,3.02,G06,G06K,28.66807141434401
qg,2.05,B23,B23K,28.67142777191475
qg,2.05,C01,C01G,28.67195202503353
ea,1.04,C25,C25B,28.6757386084646
uk,1.03,C08,C08J,28.68320015026256
ea,1.04,A61,A61Q,28.69903606292792
id,2.07,G02,G02F,28.7225113264285
pq,1.01,C07,C07C,28.73419854743406
pz,2.05,G11,G11B,28.75491083785892
cu,1.06,C07,C07C,28.75742961419746
py,3.02,G01,G01R,28.76312105101533
nu,5.08,C23,C23C,28.78286991547793
ro,1.07,G05,G05B,28.80402441741899
er,1.02,G09,G09G,28.81741770310327
ya,3.02,G09,G09B,28.82217980315909
dw,1.04,C12,C12Y,28.8255968738813
ij,2.11,B01,B01J,28.82733112666756
ew,1.02,H04,H04R,28.84124696906656
if,2.11,A61,A61K,28.85461186955217
iq,2.02,B60,B60Q,28.8551000112202
xq,2.11,H05,H05H,28.8573710359633
uk,1.03,A61,A61L,28.8576974599855
ro,1.07,C25,C25D,28.86283184215426
qu,1.06,B09,B09C,28.87322258576751
ja,1.05,H04,H04N,28.87660883367062
uk,1.03,G01,G01B,28.88381822069641
ha,5.03,A61,A61K,28.89118563267402
hi,5.01,G06,G06F,28.89258622983471
bk,6.04,H04,H04N,28.89528582431376
fa,2.01,G06,G06Q,28.91885369643569
tq,3.02,G06,G06Q,28.9244819986634
wu,5.04,A61,A61B,28.92462620534934
fa,2.01,C09,C09K,28.93618029146455
ub,1.03,G10,G10K,28.95749688381329
qu,1.06,A23,A23B,28.96594098955393
dy,1.04,H01,H01F,28.97858946048655
db,2.08,G06,G06T,28.98159079160541
pj,2.05,B27,B27K,28.99073684215546
ew,1.02,G08,G08G,29.02229211106896
ry,2.03,H04,H04N,29.04354994022287
db,2.08,C09,C09D,29.05061586410739
er,1.02,G01,G01C,29.05924704601057
bu,1.03,G06,G06T,29.0718735055998
am,4.01,A01,A01G,29.07714467681944
ew,1.02,B65,B65H,29.0833333581686
uh,1.03,G01,G01V,29.08363076578826
id,2.07,H05,H05B,29.08496615756303
nu,5.08,C03,C03C,29.09723651222885
ea,1.04,C40,C40B,29.11719643208198
aa,1.03,G06,G06N,29.12461379822344
iq,2.02,B60,B60C,29.12750028260052
oa,2.11,H02,H02H,29.12916040420532
pm,2.05,C25,C25C,29.13333733985201
oa,2.11,G06,G06N,29.13911733776331
dr,1.06,C07,C07F,29.14353607455269
nu,5.08,G06,G06N,29.15259927348234
ij,2.11,A61,A61B,29.1856663080398
dx,3.01,B01,B01J,29.18665818823501
sy,1.03,C07,C07C,29.19086441281252
qg,2.05,H01,H01B,29.19921311317012
ne,3.03,B01,B01D,29.20799176394939
ih,2.07,C07,C07C,29.21637039119378
sy,1.03,H01,H01M,29.24564284947701
db,2.08,C08,C08J,29.25017362111248
km,1.06,A61,A61B,29.25718489964493
dw,1.04,A61,A61F,29.26623600744642
qa,3.01,H04,H04L,29.29955342644826
ye,2.02,G05,G05F,29.37882910249755
qg,2.05,C23,C23F,29.41624038200825
xy,1.01,G05,G05B,29.41670040134341
oy,9,H04,H04N,29.43802363937721
dw,1.04,G03,G03F,29.45743287191726
jy,4.05,H04,H04L,29.45771643426269
ik,2.11,H04,H04N,29.46815100661479
dr,1.06,C40,C40B,29.47795134907938
pj,2.05,G02,G02B,29.48813016712666
ei,1.04,C11,C11C,29.48824999574572
yq,5.07,G06,G06F,29.48851245478727
qh,2.05,G06,G06F,29.50052691716701
sy,1.03,C04,C04B,29.50523811741732
uk,1.03,G06,G06N,29.51750501431525
ih,2.07,C01,C01B,29.52349872235209
er,1.02,H04,H04M,29.52632638067007
ro,1.07,G01,G01T,29.52972539421171
nn,3.03,A61,A61B,29.54563853750005
yy,5.07,G06,G06F,29.56853738054633
zc,4.03,C12,C12R,29.58094250783324
db,2.08,A21,A21D,29.58605953399092
jb,5.07,H04,H04L,29.59153392259032
ns,2.01,A61,A61F,29.59187807166018
ja,1.05,H04,H04W,29.59661104995757
ub,1.03,B29,B29D,29.60311762872152
et,1.02,A23,A23L,29.63833504589275
pm,2.05,F16,F16C,29.64507244713604
fi,1.04,H01,H01S,29.6474795571994
tq,3.02,H04,H04W,29.64938753657043
qj,2.05,A61,A61K,29.65031882829499
ii,2.04,B41,B41J,29.65423265192658
pn,1.01,G01,G01N,29.67444592760876
hq,1.04,A61,A61K,29.69663243438117
bq,6.05,G06,G06T,29.69726160354912
iu,2.03,B64,B64C,29.69945740047842
if,2.11,G11,G11C,29.7019402293954
dt,2.03,H05,H05K,29.70353342406452
za,3.02,H04,H04W,29.7097222879529
dw,1.04,B29,B29C,29.72701396839693
ec,1.04,C12,C12P,29.76426337053999
ix,2.07,E21,E21B,29.77231891639531
xw,3.03,G06,G06Q,29.77456814283505
fy,3.02,G06,G06Q,29.78346536122262
py,3.02,A61,A61H,29.78593429503962
ui,1.03,H01,H01F,29.82133664563298
tq,3.02,C12,C12N,29.84630088746781
nn,3.03,G06,G06Q,29.85853843181394
et,1.02,H01,H01Q,29.87139073736034
ev,1.02,G11,G11B,29.87575659574941
ea,1.04,C11,C11D,29.90012638433836
qf,9,G06,G06F,29.93588057998568
ye,2.02,H03,H03C,29.95707683218643
pm,2.05,F28,F28F,29.96234332351014
qu,1.06,C09,C09K,30.00487666018307
ep,1.02,G07,G07F,30.01266259001568
ne,3.03,B60,B60R,30.01710713841021
iu,2.03,G06,G06K,30.02100257156417
et,1.02,G03,G03F,30.02706119429786
ea,1.04,B03,B03C,30.03098759334534
ia,3.02,C07,C07F,30.06084589636885
qa,3.01,G06,G06Q,30.08503579488024
aa,1.03,G01,G01F,30.08709689881653
pm,2.05,A61,A61Q,30.09396056132391
iq,2.02,F41,F41B,30.11427686270326
rz,3.03,A61,A61B,30.11791130248457
xy,1.01,C12,C12Q,30.12622419866966
ub,1.03,B41,B41M,30.15314079332165
qg,2.05,G01,G01R,30.16636763652787
jy,4.05,A23,A23P,30.16749205533415
ns,2.01,C30,C30B,30.18222031113692
op,3.03,G06,G06F,30.19254386960529
uy,1.04,F16,F16L,30.20254644192755
uk,1.03,G09,G09G,30.21026525110938
vy,3.02,G09,G09B,30.21240963612217
uh,1.03,C23,C23C,30.21963073499501
ev,1.02,C07,C07D,30.22358422458638
yr,2.01,B60,B60R,30.22473534755409
sr,2.07,H01,H01Q,30.23740504099987
ei,1.04,C09,C09J,30.28174802544527
oa,2.11,B60,B60R,30.29147017095238
ry,2.03,G11,G11C,30.29489862034097
pc,5.02,H01,H01L,30.29620719188824
id,2.07,F03,F03G,30.31294493144378
pn,1.01,G01,G01V,30.31753788655624
ig,2.06,A01,A01N,30.3195020200219
pk,2.05,H01,H01C,30.32758087664843
ya,3.02,A61,A61C,30.33469403348863
ub,1.03,F21,F21K,30.3406630482059
db,2.08,C08,C08L,30.34175399783999
ro,1.07,H03,H03M,30.34299679845572
er,1.02,G09,G09B,30.37928325077519
nn,3.03,A61,A61M,30.42463634349406
py,3.02,B01,B01J,30.42918172851205
ei,1.04,A62,A62D,30.45280334958807
da,1.06,C12,C12Y,30.4627037816681
iq,2.02,C01,C01B,30.4649973489577
ja,1.05,A61,A61B,30.48050418682396
ew,1.02,G10,G10H,30.50473815528676
ei,1.04,G01,G01Q,30.50638595200144
ij,2.11,H02,H02P,30.51675638742745
iu,2.03,A61,A61M,30.51704705553129
ea,1.04,C22,C22B,30.53117957431823
li,3.02,C07,C07D,30.54084588505793
ig,2.06,G16,G16H,30.54549659998156
ti,9,C07,C07D,30.5498188866768
iq,2.02,G16,G16H,30.55451928265393
ut,6.02,H04,H04L,30.5753634814173
ro,1.07,B05,B05D,30.58051343355328
fy,3.02,G06,G06T,30.58257338404655
ry,2.03,H04,H04L,30.58575108181685
co,1.06,A61,A61M,30.59666553535499
dt,2.03,F28,F28F,30.59771388955414
qf,9,G01,G01R,30.61520573636517
nu,5.08,G03,G03F,30.63981861621141
iu,2.03,H01,H01J,30.64148449478671
uk,1.03,C07,C07C,30.6899897629628
ep,1.02,H02,H02J,30.69060606090352
ec,1.04,C10,C10M,30.69285862660035
ub,1.03,C12,C12N,30.69299169949954
et,1.02,G10,G10H,30.69428351987153
ea,1.04,C23,C23C,30.72225216031075
vy,3.02,G16,G16H,30.72798208706081
iu,2.03,C04,C04B,30.73836668301374
ne,3.03,G11,G11C,30.74435174372047
id,2.07,F23,F23C,30.7543951254338
uy,1.04,B41,B41J,30.76813739351928
er,1.02,B25,B25J,30.81825428991579
ne,3.03,G03,G03G,30.83333334326744
iq,2.02,A61,A61L,30.83405830198899
za,3.02,C07,C07C,30.86767142266035
ha,5.03,H01,H01L,30.86912408610806
ja,1.05,C10,C10L,30.87015075760428
iq,2.02,B05,B05D,30.87093858933076
if,2.11,C08,C08G,30.91920064901933
ec,1.04,B82,B82Y,30.92496573959943
iq,2.02,C08,C08L,30.93390588194598
oa,2.11,G01,G01G,30.93958581006154
ub,1.03,H02,H02H,30.95670608896762
sy,1.03,H04,H04R,30.96175140584819
pk,2.05,H05,H05K,30.96723620034754
ra,2.11,H01,H01L,31.03624330915045
bu,1.03,G01,G01J,31.03733886359259
yr,2.01,H01,H01L,31.04341225977987
iu,2.03,F16,F16J,31.05687837768346
ex,1.02,G08,G08B,31.05723290704191
pu,2.03,B01,B01D,31.0584633986
ne,3.03,C12,C12N,31.08459569903789
ep,1.02,G01,G01J,31.09626563126221
ya,3.02,A61,A61Q,31.12578876875341
jy,4.05,D21,D21H,31.13558537047356
ni,3.01,A61,A61Q,31.13926978199743
oa,2.11,B01,B01J,31.1504754347261
ne,3.03,A61,A61L,31.15146119822748
et,1.02,H05,H05K,31.16909828851931
aa,1.03,H03,H03F,31.17027750960551
si,1.05,G01,G01V,31.20350130321458
pi,1.06,A01,A01K,31.2036175117828
ec,1.04,C08,C08L,31.21690140082501
ew,1.02,H04,H04J,31.22572831343859
pz,2.05,H04,H04W,31.23467050679028
sd,3.02,A61,A61L,31.23557583102956
zd,9,G06,G06T,31.26354952878319
yp,3.02,A01,A01N,31.28465393953957
ot,6.02,A61,A61K,31.288507420104
bq,6.05,G01,G01N,31.29050253564492
yg,6.04,H04,H04N,31.29136465117335
aa,1.03,G01,G01R,31.30214445362799
ij,2.11,H04,H04W,31.3021591026336
ha,5.03,H04,H04N,31.33182778488845
ik,2.11,C23,C23C,31.34034838108346
tc,3.02,C07,C07K,31.34641571715474
dw,1.04,B32,B32B,31.36420685844496
ry,2.03,H03,H03K,31.41709366743453
dq,9,G01,G01R,31.42368365265429
ii,2.04,F28,F28D,31.43683308758773
ip,2.07,C10,C10L,31.44130094069988
pz,2.05,C09,C09D,31.44923592358828
vy,3.02,H03,H03H,31.46757071104366
pm,2.05,H03,H03K,31.49334656726569
xq,2.11,G06,G06K,31.5018664621748
et,1.02,B01,B01D,31.53461865941063
pk,2.05,C09,C09C,31.53573977854103
ye,2.02,G01,G01J,31.54645956866443
oa,2.11,A61,A61K,31.55729921290185
dk,5.02,H04,H04W,31.56272131204605
iu,2.03,F23,F23R,31.59762824326754
oa,2.11,G01,G01H,31.62332120211795
if,2.11,G01,G01J,31.63272231444716
co,1.06,A61,A61N,31.63827820145525
eq,3.01,H04,H04L,31.64278136380017
gy,5.02,A61,A61K,31.65515107172541
ea,1.04,C08,C08L,31.65935236704536
ro,1.07,G10,G10L,31.66063741454855
ei,1.04,G03,G03C,31.66085694474168
co,1.06,A01,A01N,31.66404234489892
iy,1.06,G06,G06F,31.67259643739089
bf,5.04,H04,H04L,31.68088810192421
pz,2.05,H04,H04L,31.68223772244528
ot,6.02,H01,H01L,31.68491373863071
tu,3.01,C08,C08L,31.68628044705838
iu,2.03,H02,H02J,31.69364814087749
vy,3.02,C12,C12N,31.72462690304383
we,3.02,G06,G06F,31.73461479321122
py,3.02,C07,C07F,31.75157030695118
oa,2.11,B01,B01D,31.75225272099487
ub,1.03,H02,H02S,31.75545906578191
ac,2.02,H02,H02K,31.76658886298537
pw,2.06,C07,C07H,31.79281525383703
ro,1.07,C22,C22C,31.80282935686409
if,2.11,B23,B23K,31.81762913707644
pu,2.03,A61,A61B,31.8287006651517
ru,3.01,G02,G02B,31.85725889261812
nu,5.08,C02,C02F,31.87094556167722
pz,2.05,B82,B82Y,31.87346500274725
oa,2.11,H01,H01Q,31.88229119754396
ru,3.01,A23,A23L,31.92684015701525
ki,3.02,C07,C07C,31.9323101809714
iq,2.02,H02,H02B,31.95833351835608
ne,3.03,A01,A01N,31.98466317402199
ac,2.02,G01,G01F,31.99402531143278
if,2.11,G03,G03F,31.99450713023543
ns,2.01,G02,G02F,32.05183333088644
id,2.07,F28,F28D,32.0534105123952
eo,6.02,G06,G06F,32.06004510261118
ec,1.04,C07,C07B,32.0770091204904
ex,1.02,H04,H04H,32.09296645829454
ea,1.04,B41,B41J,32.12278947141021
aa,1.03,A61,A61K,32.14760468405439
ot,6.02,G10,G10L,32.15975438174792
ii,2.04,H01,H01B,32.16247496334836
fa,2.01,B02,B02C,32.1666667163372
dq,9,G06,G06K,32.18152605672367
zr,1.05,G06,G06F,32.20940360613167
iq,2.02,B05,B05B,32.21225081896409
ro,1.07,G01,G01B,32.22383351332974
ds,3.02,A61,A61N,32.24605381814763
ew,1.02,B60,B60R,32.26288034208119
db,2.08,C11,C11B,32.2645262463484
iu,2.03,G01,G01H,32.27064364100806
fi,1.04,B01,B01J,32.31335661595222
ev,1.02,G01,G01C,32.3218969409354
hf,6.03,G06,G06F,32.32809652900323
dx,3.01,A23,A23L,32.34479457559064
yq,5.07,G01,G01S,32.35168957384303
ja,1.05,A61,A61L,32.3850575373508
ig,2.06,G06,G06N,32.3974196172785
gu,1.06,G01,G01N,32.39892435772344
ju,4.01,G06,G06F,32.40403917850927
sy,1.03,G03,G03G,32.425507619977
ui,1.03,C22,C22C,32.42985539045185
ec,1.04,C09,C09B,32.44875391945243
iq,2.02,C07,C07C,32.45188069110736
ij,2.11,G01,G01N,32.46938444755506
ns,2.01,B22,B22F,32.47083047707565
le,1.05,G06,G06Q,32.47596668475308
bq,6.05,G07,G07F,32.48783734068274
ew,1.02,G03,G03F,32.51302398752887
om,5.05,G11,G11B,32.56468261778355
qq,1.05,B01,B01D,32.5894089594949
ye,2.02,B60,B60R,32.59084075782448
qg,2.05,A61,A61L,32.59647900052369
sy,1.03,C12,C12Q,32.60435153532308
if,2.11,G01,G01M,32.62070431886241
up,1.03,G01,G01N,32.63143051718362
sy,1.03,C09,C09D,32.63202309596818
ui,1.03,G01,G01B,32.64169291802682
uh,1.03,G02,G02F,32.64969580597244
ih,2.07,C04,C04B,32.65379306534305
pz,2.05,B29,B29C,32.67999368347228
et,1.02,C12,C12Q,32.68663804058451
dm,3.02,H01,H01L,32.68898399127647
sy,1.03,H05,H05H,32.70602502371185
po,1.01,G06,G06Q,32.71532512176782
pm,2.05,B65,B65D,32.76362520211842
ij,2.11,H04,H04N,32.80494314106181
iu,2.03,H04,H04R,32.8229287925642
py,3.02,B01,B01D,32.83204180095345
nu,5.08,C09,C09K,32.8550218641758
sa,3.03,A23,A23J,32.85828126454726
ee,1.04,C04,C04B,32.86614644736983
iq,2.02,G03,G03H,32.87821280490607
ni,3.01,C40,C40B,32.88533818590804
ub,1.03,C10,C10M,32.88655976927839
ep,1.02,G07,G07C,32.90022267028689
ay,3.01,C12,C12N,32.9068558770814
oa,2.11,F04,F04B,32.90840291650966
uu,5.06,A61,A61K,32.91648634057492
iu,2.03,H03,H03H,32.92478310503066
oe,5.06,H04,H04W,32.95258455909789
ii,2.04,F28,F28F,33.0027448926121
es,2.02,H05,H05B,33.01802082778886
dr,1.06,A61,A61M,33.04016213631257
dm,3.02,C12,C12P,33.05750476638786
ii,2.04,B65,B65D,33.05962787382305
un,1.03,G01,G01T,33.06546283559874
ye,2.02,H04,H04S,33.06816405826248
da,1.06,C12,C12M,33.08112902927678
iq,2.02,F24,F24F,33.10149465128779
da,1.06,G01,G01R,33.1070015670266
rb,2.02,G01,G01B,33.12195932772011
pe,5.02,H04,H04W,33.12239219387993
ai,2.03,H01,H01M,33.13355290191248
jy,4.05,C08,C08J,33.13526369980536
ev,1.02,A63,A63F,33.15028551779687
nu,5.08,A61,A61F,33.15495566697791
rp,6.04,H04,H04W,33.17237723432481
sy,1.03,F41,F41G,33.17350683594123
pj,2.05,C09,C09J,33.17487451061606
dy,1.04,B41,B41J,33.19047046173364
ac,2.02,H05,H05B,33.19165693316609
ps,5.04,G06,G06Q,33.20575479418039
aa,1.03,H04,H04W,33.25580223358702
sy,1.03,C08,C08F,33.26112568681128
jy,4.05,C08,C08G,33.28340251604095
ii,2.04,A61,A61B,33.30406823684461
za,3.02,G06,G06Q,33.30626831203699
hq,1.04,C07,C07D,33.30822536488995
iq,2.02,G04,G04G,33.31964310165495
tq,3.02,H04,H04L,33.31970458384603
ea,1.04,H04,H04L,33.34680185816251
qj,2.05,D01,D01F,33.39309627842158
rt,3.02,H01,H01L,33.40976466168649
ns,2.01,A61,A61L,33.42192397417966
dw,1.04,H04,H04L,33.47915878426284
tc,3.02,C12,C12N,33.4852214474231
ub,1.03,B05,B05B,33.50392829952762
gy,5.02,G07,G07F,33.50417772401124
ki,3.02,H04,H04W,33.51489905640483
gc,1.05,G06,G06T,33.54442692711018
ad,4.02,A01,A01N,33.55389435519464
ma,3.02,H04,H04W,33.56562506221235
ig,2.06,G10,G10L,33.59108591382392
cl,9,H04,H04S,33.63376759923995
vy,3.02,C07,C07B,33.65361700532958
dw,1.04,C09,C09J,33.69286137609743
hq,1.04,C23,C23F,33.69892553891987
pk,2.05,C08,C08K,33.70317510981113
qc,6.02,G06,G06F,33.70954547543079
sy,1.03,G01,G01F,33.73892322042957
pm,2.05,B81,B81B,33.74396923859604
xq,2.11,A01,A01H,33.74458185769618
py,3.02,B65,B65D,33.7468756204471
db,2.08,G06,G06K,33.76210704562254
co,1.06,C07,C07F,33.77179596468341
id,2.07,C07,C07D,33.8090707983356
pj,2.05,A01,A01N,33.83589869085699
uk,1.03,B05,B05D,33.84483463468496
ki,3.02,H04,H04N,33.8530926303938
iq,2.02,G09,G09F,33.85823611076921
ro,1.07,B41,B41C,33.87500013411045
ew,1.02,G07,G07C,33.87545074988157
ui,1.03,C07,C07D,33.87572394800372
ub,1.03,B08,B08B,33.89352631685324
ne,3.03,B29,B29C,33.90954538434744
iq,2.02,C09,C09D,33.91393515828531
qe,2.09,A61,A61C,33.92144957836717
ds,3.02,C12,C12Q,33.95808246696834
fy,3.02,A61,A61N,33.97182923927903
pm,2.05,G01,G01K,34.00126105372328
pm,2.05,B01,B01F,34.01735766313504
uk,1.03,H05,H05B,34.02346065826714
qq,1.05,H04,H04L,34.03328019380569
pk,2.05,B22,B22F,34.05987336114049
rb,2.02,G06,G06N,34.06093524559401
ki,3.02,A23,A23L,34.06647017248906
fa,2.01,E04,E04B,34.06746043544263
et,1.02,H04,H04R,34.08062665443867
pc,5.02,H04,H04M,34.08966528065503
pm,2.05,H04,H04B,34.09449876751751
ig,2.06,H04,H04R,34.09481565770693
ns,2.01,C04,C04B,34.10815056832507
vy,3.02,H01,H01J,34.11676686338615
iu,2.03,A61,A61K,34.12025723070838
iu,2.03,B60,B60R,34.16918206773698
py,3.02,G03,G03G,34.18338751420379
ui,1.03,H01,H01M,34.21493405848742
cq,1.06,G06,G06T,34.21671162638813
ea,1.04,C10,C10G,34.21702138707042
qf,9,G01,G01B,34.2392747704871
ec,1.04,A01,A01N,34.23933355044574
iu,2.03,B60,B60G,34.26070864312351
su,3.02,C07,C07C,34.29575199633837
ii,2.04,D21,D21H,34.30950412433594
ii,2.04,H05,H05B,34.30951503431424
fi,1.04,H01,H01M,34.32579552195966
ue,2.11,G01,G01V,34.33099489589222
uy,1.04,B01,B01F,34.34150881646201
qu,1.06,B01,B01L,34.34551962744445
zc,4.03,C07,C07D,34.37508718518075
un,1.03,H05,H05H,34.40523982932791
cq,1.06,C09,C09D,34.42495900532231
pz,2.05,C02,C02F,34.43330456316471
ue,2.11,G03,G03H,34.43853924609721
ii,2.04,C11,C11C,34.43989156535827
ia,3.02,A61,A61N,34.46055385796353
ii,2.04,G09,G09G,34.47881340235472
ub,1.03,G08,G08B,34.49978172779083
de,1.06,A01,A01C,34.51738223480061
zq,2.07,E21,E21B,34.52901569800451
ub,1.03,C21,C21D,34.56604377645999
ui,1.03,C01,C01B,34.58859689813107
vj,5.01,A61,A61K,34.62679398339242
bp,6.04,G06,G06Q,34.66929480060935
uf,1.03,G21,G21B,34.684223765973
vy,3.02,H05,H05G,34.68891094950959
ig,2.06,C07,C07D,34.69459306751378
pu,2.03,G02,G02B,34.71978489379399
ea,1.04,C01,C01B,34.73531948658638
cq,1.06,A23,A23D,34.74934114213102
le,1.05,C09,C09K,34.75283291679807
ai,2.03,G01,G01P,34.77227328065783
ei,1.04,A23,A23L,34.77278446033597
oa,2.11,H01,H01M,34.78023120318539
ro,1.07,B81,B81C,34.79388429690152
eq,3.01,A61,A61B,34.79459860967472
db,2.08,C12,C12C,34.81003671395592
iy,1.06,C07,C07C,34.8206597880926
ro,1.07,G09,G09F,34.8214281052351
jy,4.05,C12,C12M,34.82162181136664
um,3.01,A61,A61F,34.82860844884999
ii,2.04,G06,G06K,34.84554793545976
db,2.08,H04,H04N,34.87877759104595
es,2.02,G05,G05F,34.88534285221249
ub,1.03,B06,B06B,34.887401945889
wc,3.03,H04,H04L,34.9229360409081
ry,2.03,B01,B01D,34.93786273803562
ii,2.04,G06,G06T,34.97896627872251
pj,2.05,B27,B27N,34.98830252885818
ei,1.04,H01,H01F,35.00827247556299
ay,3.01,G01,G01N,35.03295918367803
iu,2.03,H02,H02N,35.03671639156528
ye,2.02,H01,H01M,35.04550339397974
pk,2.05,C22,C22C,35.05517737474293
jy,4.05,H05,H05B,35.06423545535654
sr,2.07,G01,G01J,35.09040965512395
id,2.07,G05,G05F,35.09626641077921
ui,1.03,G21,G21B,35.09843171201646
if,2.11,H03,H03K,35.12357095768675
ep,1.02,A61,A61N,35.12641597038601
wf,1.06,A01,A01K,35.17058922722936
oa,2.11,H03,H03L,35.17338582361117
iq,2.02,F01,F01D,35.17940496467054
ad,4.02,A23,A23L,35.2220545494929
ig,2.06,C08,C08J,35.22872408875264
fi,1.04,C09,C09B,35.24552306439728
ea,1.04,C09,C09B,35.24720999738201
cu,1.06,A61,A61N,35.28776341688354
tq,3.02,C07,C07D,35.28823606215883
dy,1.04,C08,C08C,35.29366097436287
iu,2.03,F28,F28F,35.3108670511283
ma,3.02,A01,A01K,35.31807260459755
ew,1.02,H05,H05K,35.31957844016142
sy,1.03,G05,G05B,35.33278057305142
rt,3.02,G01,G01R,35.34080017963424
wf,1.06,A61,A61B,35.3613353758119
cq,1.06,C08,C08J,35.3674530677963
ve,3.02,C07,C07K,35.37109153118217
ns,2.01,H01,H01B,35.37749966152478
iq,2.02,F25,F25B,35.39236298040487
et,1.02,G07,G07C,35.43460404826328
ye,2.02,H04,H04K,35.44242495764047
le,1.05,H04,H04L,35.47104409337044
er,1.02,H04,H04W,35.47250868065748
de,1.06,C11,C11B,35.47797140956391
ii,2.04,C06,C06B,35.48120796773583
mm,6.01,A61,A61B,35.50218857720029
ru,3.01,C07,C07H,35.51786860940047
js,6.04,A61,A61K,35.51787008019164
hq,1.04,C07,C07C,35.52363368147053
qg,2.05,C22,C22C,35.53713957546279
uk,1.03,B32,B32B,35.55385293997824
ne,3.03,G06,G06T,35.55867714388296
ij,2.11,B01,B01D,35.5636057429947
ei,1.04,E21,E21B,35.5748672732152
fy,3.02,C12,C12N,35.58808221650543
ii,2.04,C07,C07H,35.60911853471771
xw,3.03,A61,A61M,35.63936407770962
pq,1.01,C07,C07D,35.64079769700766
ev,1.02,A61,A61K,35.64912755982368
ia,3.02,G06,G06Q,35.66117437696084
ee,1.04,H01,H01J,35.66483547864482
qq,1.05,G06,G06Q,35.66577453678474
bm,5.07,G06,G06F,35.67998192179948
ne,3.03,E21,E21B,35.71293720789254
cu,1.06,A61,A61L,35.73383803269826
iu,2.03,G01,G01L,35.74225279712118
ig,2.06,B29,B29C,35.77299085538834
da,1.06,A61,A61Q,35.77732281852514
vx,5.01,G06,G06Q,35.79241934092715
uh,1.03,B01,B01D,35.8026779172942
za,3.02,B01,B01D,35.80753503041342
ee,1.04,H04,H04L,35.83171486249194
ry,2.03,G21,G21K,35.83376584388316
ro,1.07,C25,C25B,35.88880718126893
sy,1.03,G08,G08B,35.90239323722199
dq,9,H04,H04L,35.90271735843271
ev,1.02,G01,G01V,35.91435164678842
cl,9,G01,G01N,35.94728304678574
oa,2.11,E21,E21B,35.95953676849604
jy,4.05,C13,C13B,36.01694304682314
dy,1.04,D06,D06M,36.03023024764843
dq,9,A01,A01N,36.03296653390862
ii,2.04,C11,C11B,36.04140759247821
bq,6.05,A61,A61B,36.04569735005498
ig,2.06,A61,A61H,36.05819816724397
ep,1.02,G03,G03B,36.06719733122736
pt,3.03,G01,G01N,36.07500814041123
if,2.11,G01,G01C,36.07584021100774
py,3.02,H04,H04N,36.10828771349043
er,1.02,H01,H01L,36.11572933685966
hq,1.04,C09,C09D,36.12124995398335
rq,1.06,A01,A01N,36.14025037083775
vi,5.01,A61,A61K,36.16675369086443
pm,2.05,H02,H02N,36.18636270100251
hq,1.04,H05,H05K,36.19237130298279
nu,5.08,B01,B01J,36.19430543924682
ac,2.02,B60,B60L,36.21004336839542
ex,1.02,G08,G08G,36.24655502196401
tu,3.01,G07,G07F,36.25264756008983
ns,2.01,C09,C09D,36.26306866167579
pj,2.05,C02,C02F,36.27040802780539
rp,6.04,H01,H01L,36.29802151024342
pz,2.05,H01,H01J,36.3021774161607
pm,2.05,G01,G01M,36.33834027079865
fi,1.04,B82,B82Y,36.34552520397119
id,2.07,E06,E06B,36.35052330605686
ns,2.01,H05,H05K,36.35843628377188
if,2.11,G06,G06K,36.36867010151036
zd,9,C07,C07C,36.37746439664625
db,2.08,C09,C09K,36.41375091345981
pm,2.05,G06,G06T,36.43624998582527
pz,2.05,A61,A61L,36.43869688198902
bp,6.04,C07,C07D,36.44243214617018
rz,3.03,H04,H04L,36.45528245810419
ka,4.01,A01,A01N,36.4557564589195
iu,2.03,B32,B32B,36.45950066740625
ja,1.05,E21,E21B,36.49316299986094
ui,1.03,B01,B01D,36.49857429414988
ea,1.04,E21,E21B,36.50315782846883
ex,1.02,G07,G07C,36.50717147975229
pm,2.05,B64,B64C,36.55413809511811
qa,3.01,A61,A61Q,36.55906731006689
iu,2.03,B60,B60W,36.56253279512748
es,2.02,G09,G09B,36.57950336765498
yp,3.02,A61,A61B,36.58214976603631
co,1.06,C40,C40B,36.60897248363472
cq,1.06,A23,A23J,36.61058171326295
pm,2.05,G05,G05B,36.62184997159056
mc,1.06,G01,G01N,36.64577450713841
dr,1.06,A61,A61N,36.67195248440839
iu,2.03,G03,G03F,36.67936443537474
wm,5.04,H04,H04L,36.76140440627933
nu,5.08,G02,G02B,36.7734086541459
yq,5.07,G01,G01C,36.78967656288296
oa,2.11,F16,F16K,36.82006165990606
hq,1.04,C08,C08J,36.83662026526872
bq,6.05,G06,G06K,36.8450123835355
su,3.02,H04,H04N,36.8485093023628
ti,9,A01,A01N,36.85342113021761
dy,1.04,B41,B41C,36.86737714707851
ac,2.02,B60,B60T,36.95136117562652
sr,2.07,G01,G01V,36.96768678515218
ei,1.04,A61,A61F,36.98400731314905
xa,5.04,H04,H04L,37.02648589247838
ec,1.04,H01,H01G,37.03895501233637
pm,2.05,C10,C10L,37.05295435502194
pz,2.05,A61,A61K,37.09068262984511
mm,6.01,C07,C07D,37.09789484832436
fa,2.01,G01,G01N,37.1263591540046
uy,1.04,C12,C12Q,37.20444017136469
ai,2.03,F42,F42B,37.24346421658993
jy,4.05,A22,A22C,37.24624197371304
yr,2.01,G06,G06T,37.28052970208228
ig,2.06,B01,B01L,37.29729934729403
id,2.07,C12,C12N,37.3207127545611
ye,2.02,H01,H01J,37.32994967221748
qu,1.06,A23,A23K,37.3372749092523
pj,2.05,D21,D21D,37.34830529615283
im,2.01,E02,E02D,37.36039873957634
db,2.08,B09,B09C,37.37111090309918
dy,1.04,A63,A63B,37.37206003721803
su,3.02,A61,A61M,37.37388839805499
da,1.06,B82,B82Y,37.38269008963834
oa,2.11,B64,B64G,37.38881229236722
uk,1.03,H03,H03H,37.39023570856079
tu,3.01,C08,C08F,37.40524940472096
rq,1.06,A61,A61K,37.42959971650271
iu,2.03,G01,G01C,37.45931653003208
iu,2.03,A61,A61F,37.45933469897136
ni,3.01,H04,H04L,37.48303781193681
pu,2.03,G01,G01F,37.51560685411096
pj,2.05,G06,G06F,37.5379288457334
ba,3.02,G06,G06F,37.53852934902534
zc,4.03,H04,H04W,37.58880306407809
qj,2.05,G01,G01N,37.58946304884739
er,1.02,G10,G10L,37.58972755935974
iu,2.03,F16,F16K,37.59928853204474
fi,1.04,C08,C08G,37.62456861301325
ya,3.02,G06,G06Q,37.62904986995272
bp,6.04,A61,A61K,37.63207169994712
dy,1.04,G06,G06K,37.63890838809311
iu,2.03,H02,H02P,37.68645640881732
ex,1.02,G01,G01N,37.73805136431474
ii,2.04,G11,G11B,37.74367900192738
ja,1.05,C22,C22B,37.76557353464887
uh,1.03,C01,C01B,37.76942214323208
pz,2.05,C01,C01F,37.77822129800916
zc,4.03,A61,A61F,37.78111077495851
uk,1.03,C25,C25D,37.78668381471653
pj,2.05,C08,C08B,37.79893001774326
co,1.06,H04,H04L,37.79965526750311
vx,5.01,G06,G06K,37.82929462450556
iq,2.02,A63,A63B,37.8911737895105
pm,2.05,C07,C07K,37.90428536076797
iq,2.02,C12,C12Q,37.92805230920203
qe,2.09,A61,A61M,37.94726902456023
pn,1.01,G05,G05B,37.95150247821584
bp,6.04,H04,H04N,37.95234516635537
iu,2.03,C22,C22C,37.98311786772683
ds,3.02,G06,G06F,38.00082022300921
iq,2.02,B64,B64C,38.00210149213672
cq,1.06,G02,G02B,38.01366098201834
up,1.03,H01,H01L,38.0282427475322
xw,3.03,H04,H04L,38.03788052685559
iu,2.03,F01,F01K,38.06371080502868
ev,1.02,H01,H01L,38.0706889887806
oy,9,H01,H01L,38.07458865782246
aq,3.02,C07,C07D,38.0768945798045
ii,2.04,F26,F26B,38.09285740926862
ya,3.02,G02,G02B,38.09863679227419
tu,3.01,C08,C08J,38.14135242602788
ve,3.02,H04,H04N,38.14258462935686
ro,1.07,H04,H04M,38.15954852779396
qg,2.05,B01,B01D,38.16263868217357
pm,2.05,B24,B24D,38.164984960109
ye,2.02,G09,G09B,38.21058950945735
dw,1.04,C10,C10L,38.21920925495215
iq,2.02,B01,B01F,38.23184231377672
su,3.02,G06,G06T,38.23653600504622
ye,2.02,A61,A61N,38.25020175275858
ui,1.03,G06,G06T,38.31543330452405
ui,1.03,A61,A61N,38.32019247207791
hq,1.04,B24,B24B,38.32374394219369
cq,1.06,C02,C02F,38.33278742432594
rt,3.02,G06,G06T,38.37854103080463
ui,1.03,B01,B01J,38.41882503754459
pz,2.05,A61,A61F,38.41931919567287
if,2.11,H03,H03F,38.47800727747381
sy,1.03,B81,B81B,38.48456690111198
dr,1.06,A61,A61F,38.48768738796934
ji,5.01,G06,G06Q,38.48969177855179
qg,2.05,G06,G06F,38.54440364823677
wu,5.04,H01,H01L,38.55148539459333
hy,1.06,C07,C07D,38.56898364017252
cq,1.06,G06,G06K,38.58521680394188
ui,1.03,H05,H05H,38.60104224737734
wf,1.06,A01,A01N,38.63487395271659
im,2.01,G01,G01S,38.69097976619378
im,2.01,H04,H04L,38.70291945897043
er,1.02,A61,A61B,38.7067452800693
io,2.07,G01,G01S,38.71102318074554
pu,2.03,C08,C08L,38.73463794542477
eu,2.02,H04,H04W,38.73584538325667
ig,2.06,C08,C08F,38.73877980164252
ii,2.04,D01,D01F,38.7814323680941
oa,2.11,B23,B23K,38.78770413342863
re,1.05,C22,C22B,38.80542136682197
iq,2.02,G21,G21K,38.80649833683856
vy,3.02,H04,H04L,38.81387211708352
yi,6.03,H04,H04L,38.81672593206167
pm,2.05,G06,G06K,38.82515536970459
dr,1.06,B82,B82Y,38.82897830288857
xq,2.11,C12,C12Q,38.8334933106089
zm,1.06,G06,G06F,38.84677194687538
zk,9,G06,G06F,38.85259744361974
ui,1.03,C30,C30B,38.86476793931797
sy,1.03,B24,B24B,38.89702177466825
xa,5.04,G06,G06Q,38.897874253802
ue,2.11,G01,G01B,38.93885815341491
uh,1.03,C09,C09K,38.95958770392463
sr,2.07,H04,H04B,38.96033550146967
oa,2.11,H02,H02K,39.0054893582128
dy,1.04,C01,C01F,39.0162288970314
pz,2.05,F01,F01D,39.01656914874911
ia,3.02,C07,C07H,39.01893697970081
ae,4.05,G01,G01N,39.02555819507688
pq,1.01,G06,G06T,39.04888946376741
ja,1.05,C09,C09K,39.06329220044427
pm,2.05,G01,G01T,39.07676454051398
dy,1.04,C11,C11C,39.08474241360091
uy,1.04,A63,A63B,39.10198434628546
ub,1.03,D01,D01F,39.1166636304697
tq,3.02,A61,A61F,39.11912956903689
iu,2.03,B01,B01J,39.15499478275888
dy,1.04,A62,A62D,39.16611383808777
ue,2.11,G03,G03B,39.18356729345396
ew,1.02,C09,C09K,39.18719509022776
et,1.02,G03,G03G,39.21042732708156
zm,1.06,G01,G01N,39.22281228436623
fs,6.04,H04,H04L,39.26579935476184
ue,2.11,C09,C09D,39.2800410091877
iu,2.03,B81,B81B,39.28463343833573
ye,2.02,H01,H01R,39.29887526389211
ub,1.03,H03,H03L,39.30560683156364
km,1.06,A01,A01N,39.30949605687056
rp,6.04,A61,A61K,39.32001273753121
ai,2.03,G01,G01M,39.32105593103915
ro,1.07,D01,D01F,39.32265093456954
qe,2.09,C08,C08J,39.3410191712901
ui,1.03,G21,G21K,39.37726217322052
ya,3.02,A61,A61H,39.39843156421557
dw,1.04,A01,A01H,39.42747952428181
cl,9,G01,G01V,39.4769166004844
yp,3.02,G06,G06F,39.48031924536917
pm,2.05,H01,H01Q,39.51586264441721
if,2.11,G01,G01L,39.52308448310941
ru,3.01,G01,G01R,39.53532551554963
ew,1.02,B29,B29C,39.55168781382963
ub,1.03,G01,G01H,39.55226677190512
ub,1.03,A61,A61M,39.56151091703214
mc,1.06,C12,C12Q,39.57758920505876
ro,1.07,B41,B41J,39.58621460292488
pz,2.05,B21,B21D,39.62895529717207
oa,2.11,H05,H05K,39.65888164914213
ev,1.02,C07,C07K,39.69764611776918
ee,1.04,C23,C23C,39.69807624258101
yq,5.07,G08,G08G,39.71529327239841
ev,1.02,G01,G01S,39.72005284111947
pm,2.05,D06,D06M,39.72378668887541
qf,9,G03,G03F,39.72707595047541
ew,1.02,H04,H04H,39.7357394201681
ee,1.04,G02,G02B,39.75598724884912
py,3.02,G06,G06T,39.76968439016491
qe,2.09,C08,C08F,39.77987072453834
ih,2.07,G06,G06Q,39.78789881942794
ha,5.03,H04,H04W,39.80650749895722
jb,5.07,G06,G06Q,39.81286671338603
ro,1.07,C03,C03C,39.82230483647436
cq,1.06,A23,A23C,39.83716665022075
ei,1.04,C22,C22B,39.85119536845013
ei,1.04,B41,B41M,39.89457009988837
iu,2.03,F02,F02B,39.91045778989792
ac,2.02,H04,H04B,39.92555505246855
tu,3.01,C09,C09K,39.9600203295704
qg,2.05,C08,C08J,39.96996659366414
if,2.11,G01,G01D,40.01598841836676
sa,3.03,A21,A21D,40.02162543754093
oy,9,A61,A61K,40.07765364507213
nn,3.03,A01,A01N,40.08967632451095
pu,2.03,B29,B29C,40.1061796072172
wh,3.02,A61,A61B,40.12080354755744
ew,1.02,G01,G01V,40.13078380469233
ip,2.07,G06,G06F,40.13086614198983
ee,1.04,G11,G11B,40.17345235776156
cq,1.06,H04,H04N,40.20258153323084
am,4.01,G01,G01N,40.22044873249251
ub,1.03,G06,G06Q,40.22925398638472
ub,1.03,F04,F04B,40.28004352282733
dr,1.06,C12,C12Y,40.29877322947141
hq,1.04,C25,C25C,40.29922631569207
pz,2.05,E21,E21B,40.32276488514617
dr,1.06,H04,H04W,40.32518001273274
ub,1.03,C08,C08L,40.32528609246947
ih,2.07,B09,B09C,40.33399523003027
dw,1.04,C04,C04B,40.36427507456392
ik,2.11,G06,G06T,40.37410102272406
km,1.06,C12,C12R,40.40544598945417
uh,1.03,H01,H01M,40.41318895155564
yo,3.01,G06,G06F,40.42220783419907
ro,1.07,H03,H03K,40.43003411730751
yp,3.02,A61,A61F,40.44472432229668
ac,2.02,G02,G02B,40.44504604418762
ku,5.07,G06,G06F,40.44661188777536
iu,2.03,F04,F04B,40.45272473641671
co,1.06,A61,A61L,40.46278034104034
co,1.06,G06,G06K,40.50186007237062
ns,2.01,G01,G01Q,40.53583342244383
et,1.02,C11,C11D,40.5369379222393
ih,2.07,G06,G06F,40.54372769733891
ee,1.04,C12,C12R,40.58155748806894
vx,5.01,H04,H04L,40.58452370692976
cq,1.06,C09,C09B,40.59428846416995
db,2.08,C10,C10G,40.59561172360554
jy,4.05,C12,C12G,40.62964315433055
nu,5.08,H01,H01M,40.63299114815891
ei,1.04,H05,H05B,40.63522084010765
ub,1.03,G03,G03B,40.64653526688926
tu,3.01,B01,B01D,40.64881316898391
ns,2.01,H01,H01G,40.65545403864235
ii,2.04,G01,G01J,40.70405427273363
qh,2.05,H01,H01L,40.71734229126014
ah,4.01,C12,C12N,40.79264362889808
az,3.02,A61,A61K,40.85993416770361
tu,3.01,A61,A61J,40.86696261563338
ii,2.04,C01,C01F,40.87233331194147
ac,2.02,G01,G01B,40.88578288536519
ii,2.04,H01,H01J,40.90693580871448
iu,2.03,B62,B62D,40.94159553525969
co,1.06,G06,G06T,40.95294183003716
pa,6.02,H04,H04W,40.96263744868338
ii,2.04,C09,C09C,40.96674740407616
nu,5.08,A23,A23L,40.9773969440721
ii,2.04,A61,A61F,41.00261140801013
et,1.02,G08,G08B,41.06593453558162
ns,2.01,C09,C09K,41.1215112223872
pk,2.05,H01,H01B,41.15453865402378
ne,3.03,H05,H05K,41.20155877992511
da,1.06,C07,C07F,41.20169497421011
vy,3.02,G02,G02B,41.2027941418346
hq,1.04,G02,G02B,41.24438914353959
ve,3.02,A61,A61N,41.25160622410476
ep,1.02,H02,H02M,41.27297499426641
jy,4.05,C02,C02F,41.27397990738973
im,2.01,G01,G01C,41.27921848651022
db,2.08,C13,C13K,41.30895682377741
rt,3.02,H04,H04N,41.35881730448455
ui,1.03,H04,H04W,41.36479160282761
ai,2.03,F02,F02C,41.3679566308856
yp,3.02,A61,A61L,41.40329577133525
ea,1.04,C09,C09D,41.41943838994484
iq,2.02,F04,F04D,41.43411376466975
ig,2.06,H03,H03H,41.43999275483657
ui,1.03,C09,C09K,41.46584442909807
pm,2.05,B01,B01L,41.48799460532609
ia,3.02,A61,A61F,41.50969285797328
ui,1.03,G01,G01V,41.51874098088592
dt,2.03,C09,C09K,41.53313174610958
ga,3.02,C07,C07C,41.57608136627823
ii,2.04,G01,G01V,41.60613974090666
ui,1.03,G06,G06K,41.66419399296865
ep,1.02,B60,B60W,41.67771421698853
pz,2.05,C09,C09K,41.69341429637279
ma,3.02,C07,C07C,41.70621190877864
im,2.01,C04,C04B,41.71786369616166
uf,1.03,A61,A61B,41.72676700726151
iu,2.03,C09,C09K,41.75335752218962
km,1.06,C40,C40B,41.75548478434212
tu,3.01,A01,A01K,41.81181353214197
if,2.11,G01,G01F,41.81834242120385
ii,2.04,A62,A62D,41.81884589139372
um,3.01,C07,C07C,41.82326224353164
di,5.02,G07,G07F,41.84462905209512
ik,2.11,B23,B23K,41.88511233683676
ha,5.03,G09,G09B,41.92404669895768
gy,5.02,A61,A61B,41.92551058821846
sa,3.03,C12,C12P,41.97520297463052
rz,3.03,G06,G06Q,41.99411361198872
yr,2.01,B60,B60W,42.00832374673337
nq,5.01,G06,G06Q,42.02742054266855
mc,1.06,G06,G06T,42.03974656527862
et,1.02,B29,B29C,42.06449069594964
dy,1.04,C12,C12M,42.08576323313173
rb,2.02,G06,G06Q,42.10727195045911
bk,6.04,G06,G06Q,42.1222539935261
oe,5.06,H04,H04N,42.12320475839078
if,2.11,H03,H03M,42.12734422087669
pk,2.05,G06,G06F,42.12744426913559
iq,2.02,G07,G07B,42.13727101497352
rz,3.03,A61,A61K,42.14253230037866
ds,3.02,A61,A61F,42.18082604696974
ev,1.02,G10,G10H,42.18200577050447
pi,1.06,C12,C12N,42.18543733714614
gu,1.06,G06,G06Q,42.1921818209812
ec,1.04,C07,C07K,42.2075339134899
dw,1.04,A23,A23K,42.2160864820471
if,2.11,H05,H05K,42.2203626059927
ub,1.03,H02,H02J,42.22138219070621
vi,5.01,A61,A61B,42.22205007949378
oa,2.11,B29,B29C,42.2443742925534
iq,2.02,C22,C22C,42.2535025945399
am,4.01,C12,C12R,42.28167175501585
dq,9,C07,C07C,42.28277123975568
ye,2.02,H03,H03J,42.29297899268568
dy,1.04,D21,D21H,42.32713260594755
bk,6.04,H04,H04W,42.33986159414053
cq,1.06,C11,C11B,42.36785713129211
iq,2.02,C07,C07D,42.39480937016197
yr,2.01,H04,H04N,42.40820804610848
bq,6.05,C07,C07D,42.42111377138644
pj,2.05,B41,B41M,42.42619059234858
ii,2.04,B05,B05D,42.47619271930307
ui,1.03,H01,H01Q,42.5052215824835
ue,2.11,G01,G01C,42.53709999495186
ea,1.04,A61,A61M,42.56618155678734
db,2.08,C10,C10L,42.56715003040154
cq,1.06,C08,C08L,42.58573068864644
uk,1.03,G01,G01J,42.68708590907045
dx,3.01,B82,B82Y,42.72802332777064
ns,2.01,C12,C12N,42.77425265585771
ee,1.04,C01,C01B,42.79477553186007
iu,2.03,H02,H02M,42.80429750797339
ga,3.02,A61,A61M,42.81938425288536
ne,3.03,G06,G06K,42.82359190308489
uk,1.03,A61,A61B,42.82449358550366
er,1.02,G02,G02B,42.85397752304561
op,3.03,A61,A61K,42.8544565308257
ve,3.02,G06,G06Q,42.85520672914572
cl,9,A61,A61N,42.87154194829054
li,3.02,G01,G01N,42.87675450299866
ye,2.02,H05,H05B,42.96221129130572
qu,1.06,A01,A01H,42.98871767381206
et,1.02,G08,G08G,42.99190998356789
nu,5.08,G03,G03G,42.99706757860258
tq,3.02,C12,C12Q,43.02362710179295
gy,5.02,G11,G11B,43.05244200862944
sa,3.03,G06,G06F,43.08544572652318
ii,2.04,F23,F23C,43.08746383199468
iu,2.03,H04,H04W,43.11911807721481
dr,1.06,G06,G06Q,43.12123628845438
pk,2.05,C09,C09D,43.1852090714965
cq,1.06,H01,H01J,43.2277250632178
ue,2.11,H04,H04B,43.24035793647636
nn,3.03,H04,H04W,43.25866087712348
if,2.11,H05,H05B,43.26607045158744
uy,1.04,H05,H05B,43.342071313411
pm,2.05,H01,H01R,43.34545531310141
dx,3.01,A61,A61L,43.37238491280004
pk,2.05,H01,H01J,43.38964073639363
xq,2.11,G06,G06Q,43.41176556702703
pz,2.05,F27,F27B,43.43015881441534
dr,1.06,G02,G02B,43.46780393505469
xe,4.01,G01,G01N,43.48931720061228
dt,2.03,G01,G01N,43.49765457748435
ds,3.02,C07,C07K,43.50595095229801
oz,6.02,G11,G11B,43.51481492817402
iu,2.03,F02,F02D,43.51781766279601
ma,3.02,H04,H04L,43.54865739354864
if,2.11,B29,B29C,43.55993491178378
ub,1.03,C08,C08K,43.56880501355045
tc,3.02,G06,G06F,43.57271218392998
ai,2.03,G01,G01R,43.57592497486621
oa,2.11,H04,H04W,43.57654872443527
ja,1.05,C12,C12P,43.58270353695843
hq,1.04,C08,C08G,43.61959064973053
ea,1.04,A23,A23L,43.64395275292918
mm,6.01,H01,H01L,43.69702636450529
ya,3.02,H04,H04W,43.75105761550367
ni,3.01,A61,A61B,43.76427131029777
gy,5.02,H04,H04N,43.77061066264287
iq,2.02,B01,B01J,43.79622663673945
sy,1.03,C07,C07D,43.81852755253203
um,3.01,G06,G06F,43.82786180009134
iu,2.03,B23,B23K,43.83869593264535
dw,1.04,A23,A23C,43.84842659765854
dm,3.02,A61,A61Q,43.86163484002464
eu,2.02,H04,H04N,43.87055710377172
pz,2.05,H05,H05K,43.87731775920838
ev,1.02,C12,C12N,43.8789718952612
hq,1.04,G06,G06F,43.91407331591472
pk,2.05,C08,C08G,43.92268461547792
pm,2.05,G21,G21C,43.93251956067979
ki,3.02,A61,A61N,43.93825731892139
ai,2.03,G06,G06K,43.97326524253003
ro,1.07,H04,H04R,43.97666072100401
sr,2.07,G01,G01C,44.00583518645726
cq,1.06,A21,A21D,44.01325086224824
ue,2.11,H03,H03M,44.06222024292219
ns,2.01,B29,B29C,44.13350453414023
qg,2.05,B01,B01J,44.1472423595842
ro,1.07,G03,G03G,44.15530643751845
uk,1.03,G01,G01Q,44.19033997319639
ne,3.03,H01,H01M,44.20123029733077
eu,2.02,H01,H01L,44.22427941905335
za,3.02,H04,H04L,44.23840369842947
qg,2.05,G01,G01Q,44.25945404055528
hl,3.03,A61,A61B,44.27115369052626
co,1.06,B82,B82Y,44.31820281909313
si,1.05,G06,G06F,44.3475398872979
uu,5.06,H01,H01L,44.39441819209605
ea,1.04,G06,G06K,44.40935984905809
ba,3.02,A61,A61N,44.44330945168622
sy,1.03,E21,E21B,44.46572657255456
ro,1.07,C07,C07J,44.46705417172052
iu,2.03,B41,B41J,44.48919805511832
oa,2.11,H01,H01F,44.51215969701298
db,2.08,H04,H04W,44.53919835481793
id,2.07,F25,F25B,44.54704481689259
sa,3.03,A61,A61Q,44.54713109601289
uh,1.03,C07,C07C,44.55661804799456
oa,2.11,A61,A61F,44.56201151688583
we,3.02,C12,C12N,44.57750035979552
cq,1.06,G01,G01R,44.63420419883914
ec,1.04,C11,C11D,44.71785879135132
ip,2.07,B01,B01J,44.7219172604382
es,2.02,G01,G01C,44.73277073376812
id,2.07,F01,F01D,44.74149047024548
pm,2.05,H03,H03H,44.83728074212559
ig,2.06,C12,C12Q,44.8373112718109
qh,2.05,C08,C08J,44.88066086475737
iu,2.03,C10,C10L,44.90056281653233
ju,4.01,A23,A23K,44.94117650203407
da,1.06,G02,G02B,45.04646421573125
ah,4.01,G01,G01N,45.0483730683336
et,1.02,H03,H03K,45.08214846835472
ga,3.02,A61,A61F,45.08227206184529
nu,5.08,G06,G06K,45.09217161987908
mm,6.01,A61,A61K,45.09572057123296
ii,2.04,D21,D21C,45.14549400983378
iq,2.02,F16,F16H,45.16435221303254
ev,1.02,A61,A61N,45.20749987883028
ro,1.07,E21,E21B,45.25769915431738
iu,2.03,G01,G01P,45.34451500978321
pe,5.02,G06,G06N,45.35461428854614
sa,3.03,C12,C12Q,45.37303674127907
ro,1.07,H01,H01F,45.37692845985293
oa,2.11,H05,H05B,45.38584886398166
ro,1.07,G07,G07F,45.41579345241189
id,2.07,F02,F02C,45.48217491013929
am,4.01,C07,C07K,45.49339473497821
pm,2.05,H01,H01C,45.49778658477589
ro,1.07,H01,H01Q,45.50070032803342
uk,1.03,C09,C09D,45.54542847082485
nu,5.08,A61,A61B,45.58839112031274
mu,4.01,A01,A01G,45.62911727419123
wh,3.02,G06,G06F,45.64692930597812
xw,3.03,A61,A61N,45.6484574333299
yo,3.01,C07,C07C,45.6732222433202
ik,2.11,G01,G01B,45.67924500931986
ka,4.01,G06,G06F,45.68987763300538
pu,2.03,G05,G05B,45.73939513787627
ia,3.02,A01,A01K,45.76170978241134
cu,1.06,C12,C12P,45.77109961071983
ub,1.03,F16,F16C,45.78773362003267
et,1.02,G09,G09G,45.80936772935092
pm,2.05,C11,C11D,45.80975269991904
uk,1.03,C07,C07D,45.82061112020165
db,2.08,A23,A23B,45.85642352327704
yq,5.07,G06,G06Q,45.87970015197061
pm,2.05,G01,G01Q,45.8862965865992
wm,5.04,G06,G06Q,45.89116099057719
ds,3.02,C07,C07D,45.92277049529366
id,2.07,C04,C04B,45.92488435679115
rt,3.02,C07,C07C,45.96065599401481
dr,1.06,G06,G06K,45.96815231046639
xe,4.01,A01,A01N,45.9822629657574
om,5.05,H04,H04N,46.06110143661499
ub,1.03,B03,B03C,46.07034612202551
pm,2.05,C25,C25B,46.08102939440869
es,2.02,H02,H02M,46.21502363588661
qa,3.01,A61,A61F,46.22529797197785
ay,3.01,A61,A61K,46.24502740596654
uf,1.03,G06,G06F,46.25162470433861
pn,1.01,H01,H01L,46.27334250090644
ff,3.02,A61,A61M,46.34236776153557
iq,2.02,F16,F16C,46.34798787720501
qg,2.05,C01,C01B,46.35014989716001
ia,3.02,A23,A23L,46.36417394853197
rp,6.04,G10,G10H,46.36964715458453
ti,9,C12,C12Q,46.39372831035871
db,2.08,A61,A61M,46.41693377308547
vj,5.01,H04,H04L,46.49029269255698
ja,1.05,A62,A62D,46.51995470002294
db,2.08,H01,H01M,46.54743882617913
fy,3.02,C07,C07K,46.58895051875152
ei,1.04,G03,G03G,46.58899664180353
nq,5.01,G06,G06F,46.61027313675731
wc,3.03,A61,A61K,46.66985760151874
ei,1.04,C07,C07H,46.68511742376722
rb,2.02,H04,H04L,46.83926265826449
pz,2.05,C01,C01G,46.84069442842156
ah,4.01,C07,C07D,46.87272670515813
ba,3.02,A61,A61F,46.87570782308467
da,1.06,A01,A01N,46.88117020274512
ea,1.04,C08,C08B,46.89810906839557
vx,5.01,G10,G10L,47.02779521187767
vy,3.02,B82,B82Y,47.0616879791487
id,2.07,H04,H04W,47.07611757516861
cq,1.06,A23,A23G,47.07623272482306
aa,1.03,H03,H03G,47.10008999705315
cq,1.06,C08,C08F,47.10483181430027
sy,1.03,B32,B32B,47.11764115828555
es,2.02,A63,A63F,47.14224511664361
sd,3.02,C07,C07D,47.14740564394742
py,3.02,C04,C04B,47.16690970119089
om,5.05,H01,H01L,47.17867257446051
pm,2.05,C10,C10G,47.19000228657387
qa,3.01,A01,A01K,47.20287080894923
ei,1.04,G11,G11C,47.20975519309286
ac,2.02,G10,G10L,47.2236507111229
km,1.06,H04,H04L,47.23169148573652
dr,1.06,G06,G06T,47.24725446407683
uy,1.04,C10,C10L,47.24858496850356
hq,1.04,H02,H02J,47.25617151428014
pq,1.01,H01,H01L,47.26875093020499
ig,2.06,G09,G09B,47.27139965479728
di,5.02,H04,H04N,47.27201765961945
pm,2.05,A61,A61N,47.28485505678691
de,1.06,C07,C07H,47.34865614993032
iq,2.02,F21,F21V,47.36292853858322
jy,4.05,B01,B01J,47.44408688996918
ja,1.05,H01,H01M,47.4565727985464
dw,1.04,H01,H01M,47.47955556889065
oz,6.02,C07,C07D,47.49801440886222
qh,2.05,G01,G01N,47.5028785612667
ye,2.02,G01,G01D,47.50942906411365
pk,2.05,C01,C01F,47.52166630327702
mq,6.01,G06,G06F,47.53879324579611
oz,6.02,G01,G01N,47.55178577918559
ro,1.07,A23,A23L,47.60954820434563
iu,2.03,G01,G01B,47.75222379621118
dt,2.03,B01,B01D,47.75895012030378
tq,3.02,A23,A23L,47.77652298938483
et,1.02,A61,A61Q,47.79171952884644
sy,1.03,H03,H03H,47.81688742642291
xq,2.11,G03,G03F,47.92034709744621
ee,1.04,C40,C40B,47.92305646563182
dt,2.03,G06,G06F,47.94231907976791
tm,3.01,A61,A61B,47.94307966879569
ns,2.01,G11,G11B,47.97133997594938
yg,6.04,G06,G06F,47.98847592622042
ei,1.04,A61,A61B,47.99889226607047
ve,3.02,H04,H04W,48.01264136377722
pq,1.01,H04,H04W,48.01659419946373
dm,3.02,A61,A61F,48.0256575725507
dm,3.02,C07,C07J,48.04186946339905
ni,3.01,B82,B82Y,48.0433214881923
ep,1.02,G01,G01V,48.0682371831499
ro,1.07,G01,G01V,48.10647887922823
ja,1.05,H01,H01L,48.18334377929568
db,2.08,H01,H01L,48.23525350424461
ah,4.01,A01,A01H,48.24902117589954
ea,1.04,A01,A01N,48.27085262094624
ns,2.01,B01,B01D,48.33075543912128
ot,6.02,H04,H04L,48.33683876879513
uu,5.06,H04,H04N,48.37676082924008
cl,9,G01,G01S,48.42426980938762
ec,1.04,B01,B01D,48.44830255489796
qe,2.09,C07,C07K,48.51290353969671
pc,5.02,H04,H04W,48.54930751165375
tu,3.01,H01,H01L,48.56663158442825
iu,2.03,F03,F03D,48.57650756696239
ye,2.02,G01,G01V,48.63418411719613
ja,1.05,C12,C12Q,48.65172610571608
ii,2.04,C10,C10B,48.75860901363194
pt,3.03,G06,G06T,48.76595011143945
ue,2.11,B41,B41M,48.79164118878543
pz,2.05,B32,B32B,48.79505171091296
ew,1.02,G03,G03B,48.80167453596368
iu,2.03,F02,F02M,48.81978478841484
ne,3.03,C07,C07D,48.83988024317659
qg,2.05,B32,B32B,48.88614214374684
ub,1.03,C23,C23F,48.89085373561829
uk,1.03,H03,H03K,48.89621134311892
zm,1.06,C07,C07C,48.937609648332
ja,1.05,C04,C04B,48.94278784934431
lq,3.03,G06,G06F,49.02039988245815
iu,2.03,G06,G06T,49.02072835667059
il,2.07,G01,G01S,49.03635107493028
id,2.07,B60,B60L,49.1541417655535
sy,1.03,B81,B81C,49.16578128398396
bq,6.05,A61,A61K,49.18136222450994
zc,4.03,G06,G06Q,49.24721007607877
nu,5.08,C11,C11D,49.26213046256453
ii,2.04,G03,G03F,49.3139430526644
ea,1.04,C08,C08J,49.31851414323319
ub,1.03,H01,H01H,49.34010546794161
iu,2.03,B60,B60T,49.34236131235957
ne,3.03,G07,G07F,49.40199133381248
le,1.05,G06,G06T,49.40628872904927
ea,1.04,A61,A61L,49.44329689850565
ee,1.04,G03,G03C,49.54012550646439
oe,5.06,G06,G06Q,49.55040402058512
nu,5.08,G06,G06T,49.55158721283078
nu,5.08,B01,B01D,49.56014066096395
fi,1.04,G02,G02B,49.56718608620577
ne,3.03,H04,H04B,49.58994107879698
ee,1.04,A23,A23L,49.65547016542405
uy,1.04,C07,C07H,49.68621074117254
uy,1.04,G03,G03C,49.71114194206893
ry,2.03,G01,G01R,49.72051990078762
id,2.07,C10,C10B,49.72184394998476
fy,3.02,C12,C12Q,49.73040615068749
ro,1.07,C10,C10G,49.7830428108573
bf,5.04,G06,G06F,49.86016307445243
hl,3.03,H04,H04L,49.88037808053195
ja,1.05,C12,C12N,49.92769851943012
ev,1.02,H04,H04M,49.92946781683713
oa,2.11,A61,A61M,49.93305686651729
sa,3.03,C07,C07C,49.98273832816631
ze,1.06,C07,C07H,50.09879562759306
wc,3.03,A61,A61N,50.13695347961038
om,5.05,H04,H04W,50.16105927154422
ne,3.03,G09,G09G,50.19906847085804
hl,3.03,A61,A61K,50.29841125546955
qj,2.05,D06,D06P,50.30324669927359
et,1.02,B32,B32B,50.31571040465496
co,1.06,C12,C12M,50.32022607466206
qg,2.05,G02,G02F,50.32209917646833
uy,1.04,C09,C09B,50.32891299948096
qg,2.05,B24,B24B,50.34816893283278
bi,6.01,G06,G06F,50.35359750688076
de,1.06,A61,A61Q,50.36921260342933
et,1.02,C08,C08F,50.3895015809685
uk,1.03,C22,C22C,50.40854444727302
pz,2.05,B01,B01J,50.43479718710296
ig,2.06,B01,B01D,50.48446479241829
uy,1.04,B41,B41M,50.50050771911629
py,3.02,A61,A61Q,50.5254288171418
ry,2.03,G21,G21D,50.52579399570823
ee,1.04,G06,G06F,50.5552573481109
iq,2.02,H01,H01C,50.55835685273632
ec,1.04,C04,C04B,50.62004093220457
dy,1.04,G11,G11C,50.63385920901783
we,3.02,A61,A61N,50.64274025172926
ub,1.03,H03,H03B,50.66236820304766
ro,1.07,G01,G01S,50.71416003722697
qa,3.01,C07,C07H,50.76859469083138
am,4.01,C07,C07C,50.77447812515311
ye,2.02,G01,G01M,50.79367062123492
dw,1.04,C08,C08K,50.80850022099912
dw,1.04,A61,A61L,50.83777245157398
ex,1.02,G02,G02B,50.8555204551667
ei,1.04,G11,G11B,50.9315702423919
ub,1.03,G03,G03H,50.95223392383195
pn,1.01,G06,G06N,50.97507054917514
pw,2.06,G06,G06F,50.97937497042585
ig,2.06,H01,H01L,50.98021208040882
vy,3.02,G06,G06Q,51.01944972481579
ij,2.11,H02,H02M,51.05292704212479
pa,6.02,G06,G06Q,51.05710825696588
xy,1.01,G01,G01N,51.1062695379951
db,2.08,D21,D21C,51.15067134751007
qu,1.06,C12,C12M,51.17722435481846
es,2.02,G01,G01N,51.18548996513709
zr,1.05,E21,E21B,51.21220339648426
db,2.08,A61,A61F,51.25228184578009
ue,2.11,G06,G06Q,51.26361097861081
bu,1.03,G02,G02B,51.28469261433929
ro,1.07,B01,B01F,51.29969052644446
su,3.02,G06,G06F,51.30133658554405
un,1.03,H01,H01J,51.309242089279
si,1.05,G01,G01N,51.32471118867397
mc,1.06,G06,G06K,51.33037366252393
ew,1.02,A61,A61K,51.35242867772467
ha,5.03,G06,G06Q,51.42850337084383
db,2.08,A23,A23K,51.47126102820039
ea,1.04,C02,C02F,51.49115967308171
dr,1.06,A01,A01H,51.4911768414313
py,3.02,C07,C07H,51.50681978813373
dy,1.04,H04,H04N,51.50727679417469
ry,2.03,G21,G21G,51.5994494156912
rp,6.04,G06,G06Q,51.60835648141801
oa,2.11,G21,G21K,51.68256073468365
ru,3.01,A61,A61L,51.72225564415567
wh,3.02,C12,C12N,51.75340054742992
ii,2.04,B29,B29B,51.75346379354596
ia,3.02,H04,H04L,51.79219623026438
iu,2.03,H04,H04N,51.79864330310374
dw,1.04,A23,A23J,51.80022872565314
pq,1.01,A61,A61K,51.87034493754618
ec,1.04,C08,C08K,51.9136899355799
ii,2.04,C12,C12M,51.91926055587828
ev,1.02,H04,H04B,51.99707555398345
iq,2.02,B60,B60T,52.04452371411026
pu,2.03,E21,E21B,52.07863467838615
ii,2.04,C01,C01G,52.12469420349225
db,2.08,A61,A61Q,52.22288243239745
su,3.02,C12,C12Q,52.32423681416549
es,2.02,H03,H03H,52.32789007108659
ew,1.02,G03,G03G,52.33967876248062
oy,9,H04,H04L,52.35613243700936
ei,1.04,D21,D21H,52.38318660622463
qg,2.05,C08,C08F,52.4392735697329
dm,3.02,G06,G06T,52.457714430755
vy,3.02,G21,G21G,52.50626134779304
yo,3.01,A01,A01N,52.537802568404
ml,9,A61,A61K,52.5412578471005
pj,2.05,C08,C08L,52.54668629309162
ig,2.06,C12,C12M,52.56398779060692
qu,1.06,A23,A23C,52.62775945197791
ea,1.04,C09,C09K,52.63404863327742
ue,2.11,G02,G02F,52.63680701656267
tu,3.01,C11,C11D,52.66627530450933
vx,5.01,A61,A61B,52.68827890837565
ns,2.01,B81,B81C,52.69327810453251
ub,1.03,H04,H04R,52.71255429531448
ev,1.02,G09,G09B,52.80129596043844
iy,1.06,C07,C07K,52.80477024731226
yu,3.03,A61,A61K,52.82039320259355
dm,3.02,A01,A01K,52.83879828453064
pc,5.02,H04,H04N,52.92154710926116
am,4.01,C11,C11B,53.02869094174821
pk,2.05,A61,A61L,53.08871974959038
nn,3.03,H04,H04L,53.10848151426762
ei,1.04,B29,B29C,53.11594421009067
ub,1.03,G01,G01F,53.1244339030236
ii,2.04,A61,A61M,53.14663127157837
uy,1.04,C09,C09C,53.18504358828068
dm,3.02,H04,H04N,53.18528217216954
ec,1.04,C09,C09D,53.26634640339762
ne,3.03,C12,C12Q,53.27706090873107
pm,2.05,A61,A61M,53.35477615986019
tc,3.02,A61,A61N,53.38091942248866
de,1.06,C12,C12Y,53.41552739287727
ru,3.01,H01,H01L,53.41562846954912
zr,1.05,G01,G01N,53.43689782242291
ex,1.02,G09,G09G,53.48962675919756
gu,1.06,H04,H04L,53.50591984950006
ya,3.02,G06,G06T,53.51030179893132
yr,2.01,G01,G01C,53.51870290283114
iy,1.06,A01,A01K,53.52413800777867
ee,1.04,B01,B01D,53.58069658093154
ii,2.04,C25,C25B,53.58356866170652
ju,4.01,A01,A01K,53.63231913698837
qh,2.05,C08,C08L,53.64145550457761
ni,3.01,A61,A61M,53.74105152511038
tu,3.01,A23,A23G,53.76595331076533
ac,2.02,G08,G08G,53.84905538288876
tu,3.01,C12,C12R,53.89978585857898
qu,1.06,A61,A61Q,53.99779667053372
pm,2.05,C12,C12Q,54.00152033596532
ai,2.03,G01,G01N,54.00484160834458
xq,2.11,H04,H04N,54.00643275654875
sd,3.02,G06,G06F,54.01098528061993
pn,1.01,H04,H04W,54.0332069513388
qg,2.05,G11,G11B,54.08714883914217
ii,2.04,B82,B82Y,54.14800127525814
pk,2.05,C30,C30B,54.15818601218052
pm,2.05,B24,B24B,54.18163666129112
id,2.07,F01,F01K,54.22273868508637
bp,6.04,H04,H04L,54.23177962563932
ra,2.11,G01,G01Q,54.23779476573691
qj,2.05,C09,C09B,54.30674910126254
oa,2.11,C12,C12Q,54.33136156224646
im,2.01,G08,G08G,54.37230832641944
iu,2.03,G01,G01R,54.37351370742545
ba,3.02,G01,G01N,54.42884344700724
ja,1.05,C01,C01B,54.45388749497943
pa,6.02,H04,H04N,54.45985003001988
ai,2.03,G06,G06T,54.46327015431598
ue,2.11,G01,G01R,54.47501178295352
jy,4.05,B65,B65D,54.47703590989113
ue,2.11,H04,H04W,54.4793023673119
ub,1.03,G05,G05B,54.53751560137607
da,1.06,A61,A61F,54.54961926839314
pn,1.01,A61,A61B,54.56556500401348
op,3.03,C12,C12Q,54.60552643518895
sy,1.03,C30,C30B,54.64426953834482
pj,2.05,B32,B32B,54.65343975275755
ua,6.03,H04,H04L,54.70077789947391
ff,3.02,A61,A61K,54.7055285993265
iq,2.02,B60,B60K,54.71078177448362
es,2.02,G03,G03F,54.71746473188978
iq,2.02,C25,C25D,54.83393909549341
ye,2.02,G07,G07C,54.88263482251205
un,1.03,H01,H01L,54.90928752126638
if,2.11,H02,H02J,54.97800956154242
pz,2.05,F27,F27D,55.04057326540351
sr,2.07,H04,H04N,55.05997344153002
db,2.08,C08,C08B,55.07747503987048
ei,1.04,C09,C09B,55.10441944701597
ig,2.06,A61,A61C,55.11602116422728
ij,2.11,C07,C07C,55.1176632232964
dy,1.04,D01,D01F,55.12880842026789
dw,1.04,G06,G06F,55.13212921912782
hy,1.06,A01,A01K,55.13488964887802
hq,1.04,G02,G02F,55.18798544816673
et,1.02,C04,C04B,55.34994777082466
up,1.03,H05,H05H,55.36684063449502
ui,1.03,C04,C04B,55.40032294066623
ig,2.06,G06,G06Q,55.40284650982358
wu,5.04,G06,G06Q,55.4138571457006
dm,3.02,A61,A61L,55.41677239612909
ry,2.03,G01,G01V,55.42718588188291
ei,1.04,C01,C01F,55.44469204265624
uh,1.03,C07,C07D,55.44842967926525
iy,1.06,A61,A61K,55.50690729153575
ne,3.03,C07,C07K,55.54657771898201
nu,5.08,B29,B29C,55.60117461066693
qg,2.05,H05,H05K,55.60447350773029
if,2.11,G01,G01S,55.61973698530346
ii,2.04,C07,C07K,55.66756182082463
zc,4.03,A01,A01K,55.67788714147173
uk,1.03,C08,C08G,55.73859857907519
pk,2.05,B32,B32B,55.78985480754636
ub,1.03,C12,C12Q,55.81756895809667
pz,2.05,B01,B01D,55.82158076833002
xq,2.11,H04,H04L,55.88341166637838
xy,1.01,G06,G06N,55.88859235541895
uf,1.03,C23,C23C,55.95957798650488
ub,1.03,H04,H04Q,55.97528378898278
cu,1.06,C07,C07H,56.01024051848799
bq,6.05,H04,H04W,56.03098858892918
ju,4.01,A61,A61K,56.03869369262247
yp,3.02,G01,G01N,56.0822630050825
hq,1.04,C04,C04B,56.18447988526896
ui,1.03,G01,G01J,56.23139242501929
qg,2.05,C03,C03C,56.25934714218602
cq,1.06,A23,A23K,56.26843458565418
vj,5.01,G06,G06Q,56.26986472913995
ex,1.02,G09,G09B,56.32931458286475
ns,2.01,G01,G01R,56.33674519765191
fa,2.01,G06,G06F,56.35262867808342
ry,2.03,A61,A61K,56.35360313224373
ei,1.04,B01,B01F,56.41710644576233
oa,2.11,B82,B82Y,56.43763289891649
qg,2.05,C25,C25B,56.5329604037106
xy,1.01,H04,H04L,56.7892562195193
dw,1.04,C09,C09K,56.81954275304452
ub,1.03,E21,E21B,56.81986448122188
fi,1.04,C07,C07F,56.82203395920806
id,2.07,C10,C10J,56.92850142810494
km,1.06,G06,G06Q,56.98937455704436
py,3.02,A23,A23L,56.9969035666436
xq,2.11,G11,G11B,57.03197113890201
td,3.02,A61,A61M,57.03873270843178
wf,1.06,C12,C12Q,57.07308521145023
hq,1.04,B82,B82Y,57.09727983665653
tu,3.01,H04,H04N,57.11825767671689
ni,3.01,A01,A01N,57.18532335932832
rp,6.04,H04,H04N,57.2084937710315
ub,1.03,B01,B01L,57.24520024016965
oe,5.06,H04,H04L,57.26005103997886
ub,1.03,H04,H04W,57.2827868105378
uh,1.03,B01,B01J,57.28966597735416
mm,6.01,H04,H04N,57.30434675980359
ea,1.04,C12,C12M,57.31808180199005
ub,1.03,H02,H02M,57.33378933835775
iu,2.03,B25,B25J,57.3896076020319
ai,2.03,H04,H04W,57.42770042340271
dw,1.04,H01,H01L,57.45327783212997
pq,1.01,H04,H04N,57.51227649394423
de,1.06,A23,A23L,57.53933429240715
ne,3.03,G02,G02B,57.56957989931107
qg,2.05,B05,B05D,57.59763920144178
py,3.02,A01,A01N,57.62019411334768
ew,1.02,G01,G01B,57.65676687448286
ei,1.04,G01,G01J,57.67348469118588
ti,9,G01,G01N,57.74469485227019
iq,2.02,C08,C08G,57.74627607216826
xy,1.01,G06,G06K,57.75071166246198
pk,2.05,A61,A61K,57.88044714147691
ad,4.02,C07,C07K,57.88429769151844
yr,2.01,G01,G01S,57.90877319127321
oa,2.11,H03,H03F,57.96185394655913
rt,3.02,H04,H04W,57.97618888132274
iu,2.03,H02,H02K,57.99842104967684
sd,3.02,A61,A61M,58.03907103370875
ai,2.03,H04,H04N,58.06183959683403
ew,1.02,G01,G01N,58.06923628528602
cq,1.06,H01,H01L,58.10786291770637
db,2.08,C08,C08G,58.11819793574978
si,1.05,G01,G01S,58.15682630054653
ex,1.02,H04,H04J,58.1691315844655
et,1.02,G09,G09B,58.18199639581144
ii,2.04,G02,G02B,58.19265646580607
um,3.01,A61,A61M,58.19453871273436
ep,1.02,B60,B60R,58.2521271314472
sr,2.07,G01,G01N,58.28553917666432
ro,1.07,H05,H05B,58.31933065596968
vy,3.02,G01,G01V,58.34351097582839
iq,2.02,H02,H02S,58.34537502145395
ry,2.03,G06,G06T,58.34695798484609
hq,1.04,C02,C02F,58.34882168821059
ee,1.04,C10,C10M,58.34982130490243
fy,3.02,G06,G06F,58.36248207371682
dy,1.04,C12,C12R,58.51134662772529
py,3.02,H04,H04L,58.55802536616102
sa,3.03,C07,C07K,58.57799307245295
su,3.02,G02,G02B,58.65091174654663
tm,3.01,G06,G06F,58.70847598800901
uh,1.03,A61,A61K,58.78628738695988
cq,1.06,G06,G06Q,58.82674555294216
dr,1.06,C12,C12M,58.83070162823424
ea,1.04,C12,C12P,58.84594013122842
et,1.02,A01,A01N,58.84815613250248
pm,2.05,G03,G03G,58.91110733896494
jy,4.05,G06,G06F,58.94257673621178
am,4.01,A23,A23D,58.95525432005525
im,2.01,G01,G01N,58.96519826562144
ub,1.03,F21,F21V,58.98264009831473
bu,1.03,G06,G06F,58.99648722657003
rz,3.03,G06,G06F,59.05068441946059
et,1.02,G02,G02B,59.17197640659288
ad,4.02,G01,G01N,59.17743390565738
aa,1.03,G10,G10H,59.19679742585868
iq,2.02,B64,B64G,59.24858949519694
ip,2.07,B01,B01D,59.28438430186361
ub,1.03,H01,H01C,59.29054812015966
iu,2.03,F16,F16F,59.31403739843518
qu,1.06,G06,G06F,59.32554815430194
ii,2.04,C09,C09J,59.44945368170738
oz,6.02,H01,H01L,59.49226793600246
et,1.02,H04,H04H,59.57283055596054
nu,5.08,A61,A61Q,59.65856799576432
uf,1.03,G01,G01N,59.70672936644405
ii,2.04,G03,G03G,59.7228476991877
dw,1.04,C08,C08J,59.75946478336118
pm,2.05,F01,F01D,59.77504069544375
cl,9,G10,G10K,59.81693220604211
we,3.02,C12,C12Q,59.84146284149028
uy,1.04,C03,C03C,59.8609810709022
dy,1.04,C03,C03C,59.87697546533309
ij,2.11,H01,H01L,59.92725844751112
ii,2.04,A61,A61Q,60.01343584340066
dy,1.04,E21,E21B,60.08422777149826
yq,5.07,H04,H04B,60.08804490463808
uk,1.03,B01,B01D,60.11589502939023
cq,1.06,C09,C09K,60.13934307266027
er,1.02,G05,G05B,60.16265047248453
ik,2.11,G01,G01N,60.20411378750578
dy,1.04,C25,C25D,60.23238126083743
sy,1.03,B29,B29D,60.26951127359644
et,1.02,C09,C09D,60.29498634673655
ro,1.07,H02,H02J,60.38055813498795
ub,1.03,G06,G06N,60.4204024868086
ee,1.04,G03,G03G,60.48220024909824
ep,1.02,G08,G08B,60.48594504152425
pm,2.05,H04,H04W,60.48983220104128
oa,2.11,H01,H01H,60.49453306547366
if,2.11,H01,H01J,60.51360655389726
ub,1.03,B81,B81B,60.56417405162938
bk,6.04,H04,H04L,60.65445875702426
ya,3.02,H04,H04L,60.65933626098558
dr,1.06,A61,A61Q,60.67518489831127
hq,1.04,H01,H01B,60.79763172322419
ui,1.03,H04,H04B,60.86561668477952
sy,1.03,A61,A61K,60.88613367744256
pi,1.06,A61,A61K,60.93206555276993
km,1.06,C12,C12Y,60.98064821679145
cu,1.06,A61,A61B,61.03036140208133
pm,2.05,C10,C10M,61.06127168098465
ec,1.04,C01,C01G,61.06362072611228
ub,1.03,C03,C03B,61.11666904948652
eq,3.01,G06,G06F,61.15622853580862
pm,2.05,A01,A01N,61.17342883406673
nu,5.08,C12,C12Q,61.18764244881459
le,1.05,G01,G01S,61.21189729776233
am,4.01,C12,C12Q,61.2239750000881
pe,5.02,G05,G05B,61.22797678178176
zd,9,H04,H04L,61.29045791109093
ik,2.11,H04,H04L,61.36289294017479
pm,2.05,G01,G01J,61.36484611523338
aa,1.03,G01,G01H,61.42512514675036
ep,1.02,H04,H04R,61.43162069143727
pm,2.05,C02,C02F,61.45294461853337
nu,5.08,A63,A63F,61.45390219567344
ja,1.05,C07,C07D,61.45663629251067
ip,2.07,F25,F25J,61.54007997736335
dy,1.04,G03,G03C,61.63381720636971
oa,2.11,G11,G11C,61.66238426999189
pm,2.05,B41,B41J,61.67326982901432
oa,2.11,H04,H04R,61.70771503588185
ee,1.04,C25,C25B,61.73326372308657
sy,1.03,H03,H03K,61.78345401119441
uk,1.03,C03,C03C,61.79040882037953
iq,2.02,B03,B03C,61.82996058044955
rq,1.06,C12,C12N,61.91332703959779
xq,2.11,A61,A61K,61.92699138389435
ru,3.01,H04,H04N,61.98188912728801
dw,1.04,C07,C07F,61.98956323612947
pz,2.05,H01,H01F,61.98996658762917
id,2.07,G02,G02B,61.9952278540004
um,3.01,C12,C12Q,62.00846739823464
rt,3.02,A61,A61L,62.11506492970511
cn,5.01,C07,C07D,62.19272982468829
pm,2.05,C12,C12N,62.20711704855785
cq,1.06,C12,C12M,62.23654361604713
ai,2.03,G02,G02B,62.23866188176908
vy,3.02,C07,C07F,62.28098800545558
ff,3.02,A61,A61B,62.31887359428219
fs,6.04,G06,G06F,62.32688978873193
aa,1.03,H01,H01L,62.33843056415208
sa,3.03,A23,A23G,62.39001555508003
id,2.07,C25,C25B,62.39852172671817
ro,1.07,C11,C11D,62.42481763381511
iu,2.03,H01,H01M,62.49874196038581
qq,1.05,G01,G01W,62.56630234280601
uu,5.06,G06,G06Q,62.59440964367241
ro,1.07,H01,H01B,62.60087290313095
dk,5.02,H04,H04L,62.60533997323364
uy,1.04,C23,C23C,62.63412034371868
uy,1.04,G06,G06F,62.64866944588721
dy,1.04,C22,C22B,62.68291535694152
dy,1.04,B01,B01F,62.70328557444736
dx,3.01,C12,C12P,62.82383091410156
nn,3.03,A61,A61L,62.86681979428977
yp,3.02,C07,C07K,62.90154774463736
ea,1.04,G02,G02B,62.94251338019967
rb,2.02,H04,H04N,62.94940896774642
ii,2.04,F01,F01N,62.95338382013142
ew,1.02,B41,B41J,63.04658020474017
ai,2.03,F01,F01D,63.12103200145066
sy,1.03,G06,G06Q,63.12543448409997
ro,1.07,G01,G01J,63.16723767132498
ro,1.07,C09,C09D,63.1799104725942
ee,1.04,C08,C08J,63.26695541408844
iu,2.03,G01,G01F,63.31384196132421
pt,3.03,G06,G06Q,63.33147630281746
ti,9,C12,C12N,63.34929956390988
pq,1.01,G06,G06Q,63.4528238014318
pw,2.06,B01,B01L,63.4751043546712
co,1.06,G02,G02B,63.49472975265235
ga,3.02,G06,G06F,63.51399085833691
ii,2.04,H04,H04L,63.57273047277704
ja,1.05,B09,B09C,63.58657052461058
id,2.07,G05,G05B,63.60683209914714
oa,2.11,C23,C23C,63.68233720341232
es,2.02,A61,A61B,63.77896963106468
jy,4.05,C08,C08L,63.9090402550064
ig,2.06,G02,G02B,63.92190482048318
gu,1.06,C07,C07C,64.02637502690777
nu,5.08,C04,C04B,64.08767417958006
pa,6.02,H01,H01L,64.18958734814078
de,1.06,A01,A01G,64.21409428445622
qh,2.05,C04,C04B,64.23949593328871
vy,3.02,A61,A61L,64.25752424658276
pm,2.05,G01,G01B,64.28801312728319
ue,2.11,G01,G01J,64.29017241764814
id,2.07,H01,H01G,64.33729453571141
xw,3.03,G06,G06F,64.36074802931398
ei,1.04,H05,H05K,64.38685796468053
et,1.02,G01,G01R,64.41190255130641
pm,2.05,G01,G01L,64.43660493008792
ye,2.02,H03,H03B,64.52858273359016
qh,2.05,B32,B32B,64.53077350277454
hb,5.03,G06,G06F,64.5514630950056
ro,1.07,C08,C08L,64.55434429785237
db,2.08,C40,C40B,64.6837860524538
ve,3.02,H04,H04L,64.77933334652334
if,2.11,G02,G02B,64.78836533497088
ii,2.04,C07,C07F,64.83269218425266
ac,2.02,B60,B60W,64.85711770737544
pm,2.05,C01,C01F,64.89762626076117
ns,2.01,A61,A61B,64.89943922869861
iq,2.02,G04,G04F,64.91755860485137
sy,1.03,G01,G01Q,65.02172820386477
qu,1.06,C11,C11D,65.0782096942421
iq,2.02,H02,H02G,65.09047657437623
oa,2.11,H02,H02N,65.14675646508113
ut,6.02,G06,G06F,65.15934371203184
nu,5.08,G07,G07F,65.16901407949626
id,2.07,F25,F25J,65.17698471387848
ei,1.04,C07,C07K,65.24666421563597
mm,6.01,G06,G06Q,65.27991724200547
ma,3.02,A61,A61B,65.28216570464429
ii,2.04,C09,C09B,65.29433711012825
sy,1.03,H03,H03F,65.29849594412372
lq,3.03,G06,G06Q,65.31836212053895
rb,2.02,B62,B62D,65.33191774319857
pj,2.05,D21,D21B,65.34490771731362
id,2.07,C23,C23C,65.39652866916731
uy,1.04,E21,E21B,65.41078646481037
up,1.03,H01,H01J,65.42773057986051
gy,5.02,H04,H04W,65.43221175251529
hq,1.04,C30,C30B,65.4685300514102
ig,2.06,H04,H04L,65.4957862617448
ui,1.03,G03,G03F,65.50200384075288
dw,1.04,C09,C09B,65.50997173925862
fi,1.04,C23,C23C,65.60468740144279
uy,1.04,A61,A61M,65.60890126088634
yi,6.03,G06,G06F,65.6195978638716
jy,4.05,C12,C12C,65.6468992002774
uk,1.03,H05,H05K,65.73061476775911
uh,1.03,G06,G06F,65.74071953445673
jy,4.05,C07,C07H,65.7492596108932
ii,2.04,A01,A01N,65.75210709311068
ei,1.04,C25,C25D,65.76528117514681
za,3.02,A61,A61L,65.88492544915061
iq,2.02,B61,B61L,65.88792875222862
iu,2.03,H05,H05K,65.92293570656329
oa,2.11,B25,B25J,66.09144998225383
ei,1.04,C12,C12P,66.10171189595712
vy,3.02,C07,C07C,66.14981335354969
oa,2.11,G06,G06Q,66.16166843078099
ns,2.01,C22,C22C,66.27529200911522
et,1.02,C08,C08K,66.27559532225132
pm,2.05,B81,B81C,66.29004898830317
ya,3.02,A01,A01N,66.34344865963794
ro,1.07,C12,C12R,66.37467816099524
zd,9,H04,H04W,66.37568635027856
nu,5.08,B32,B32B,66.41849330626428
nu,5.08,C08,C08F,66.44599838368595
et,1.02,C08,C08J,66.5728423378896
hq,1.04,H01,H01J,66.59546551434323
ac,2.02,H01,H01L,66.68214207340498
tq,3.02,C07,C07K,66.68324103410123
ea,1.04,C08,C08G,66.72355301526841
db,2.08,B82,B82Y,66.76346986705903
ni,3.01,C12,C12R,66.76385414483957
pm,2.05,H04,H04N,66.82101897732355
et,1.02,C08,C08G,67.12216003937647
ki,3.02,A61,A61M,67.14795991079882
ac,2.02,B62,B62D,67.16350339306518
hq,1.04,C01,C01G,67.25245880358852
cq,1.06,A61,A61M,67.27307129674591
im,2.01,G06,G06Q,67.40214800531976
ex,1.02,A63,A63F,67.42092697415501
pz,2.05,C23,C23F,67.4500816706568
id,2.07,H02,H02S,67.47798720095307
uk,1.03,C01,C01G,67.58774869935587
ad,4.02,C12,C12Q,67.59895742498338
if,2.11,H04,H04B,67.62464958918281
ei,1.04,B05,B05D,67.6628885687096
ru,3.01,G06,G06Q,67.67461743974127
ea,1.04,B01,B01F,67.70671031193342
uy,1.04,B29,B29D,67.70918597932905
um,3.01,A01,A01N,67.78146390127949
dy,1.04,C30,C30B,67.7908846011851
dy,1.04,A61,A61N,67.87561339745298
oa,2.11,B81,B81B,67.88978778314777
rx,3.02,A61,A61B,67.91960405302234
ry,2.03,G21,G21F,67.92846862971783
iq,2.02,F04,F04B,67.94540594192222
ai,2.03,G08,G08G,68.02029485441744
dy,1.04,H05,H05K,68.09069253376219
iu,2.03,F16,F16H,68.09207546524704
ip,2.07,C07,C07C,68.15415248088539
sa,3.03,C12,C12N,68.19405546365306
ru,3.01,A01,A01K,68.28628548438428
iq,2.02,B32,B32B,68.30929810821544
ve,3.02,C12,C12Q,68.33867154736072
sr,2.07,H04,H04L,68.38042652467266
cq,1.06,A61,A61N,68.40476183092687
ui,1.03,A61,A61K,68.43114939215593
oa,2.11,G05,G05D,68.44928485527635
ki,3.02,G06,G06F,68.50658169528469
qa,3.01,A61,A61M,68.52544226683676
sa,3.03,A23,A23D,68.64897420676425
pt,3.03,A61,A61N,68.67839820310473
id,2.07,F24,F24S,68.68987581972033
wc,3.03,A61,A61F,68.82098439894617
ac,2.02,H04,H04W,68.8476200660225
uy,1.04,B65,B65D,68.94582411833107
ni,3.01,A61,A61L,69.02319715858903
ae,4.05,C12,C12P,69.03989771049237
mm,6.01,H04,H04W,69.04793192073703
rb,2.02,G01,G01C,69.05456597497687
cu,1.06,G06,G06F,69.08573947590776
et,1.02,C08,C08L,69.09467490995303
ii,2.04,C10,C10J,69.1055916226469
im,2.01,C02,C02F,69.12641103425995
dm,3.02,B82,B82Y,69.14821298234165
ro,1.07,C30,C30B,69.25895237270743
aa,1.03,H03,H03M,69.2609568585176
dw,1.04,C07,C07K,69.28183277044445
qg,2.05,B82,B82Y,69.2942515083123
if,2.11,G06,G06T,69.51856836071238
pa,6.02,A61,A61K,69.58373422641307
ew,1.02,H03,H03K,69.60491573996842
ct,9,A61,A61L,69.71528148982907
ne,3.03,G11,G11B,69.78792845690623
pw,2.06,C07,C07D,69.82514925766736
jb,5.07,G06,G06F,69.82676323875785
ei,1.04,C22,C22C,69.91934667830355
js,6.04,G06,G06Q,69.94458375126123
op,3.03,G01,G01N,69.97478376468644
ep,1.02,H01,H01L,69.99455309053883
qu,1.06,C07,C07C,70.05003367434256
km,1.06,A23,A23D,70.06794139649719
gu,1.06,C04,C04B,70.1791117717512
id,2.07,H02,H02K,70.19180248724297
wu,5.04,H04,H04L,70.2266468773596
ee,1.04,C08,C08L,70.23680782294832
ui,1.03,G01,G01Q,70.24029425904155
ea,1.04,C08,C08F,70.24565010890365
qa,3.01,A61,A61N,70.27243534498848
iq,2.02,H04,H04K,70.3752632541582
iu,2.03,B29,B29C,70.39889999968
id,2.07,H04,H04L,70.4208667781204
uy,1.04,D04,D04H,70.49726531840861
fy,3.02,A61,A61F,70.53469576779753
pm,2.05,C23,C23F,70.61716126091778
if,2.11,H02,H02K,70.64956462010741
iu,2.03,B81,B81C,70.6800448326394
ye,2.02,G01,G01N,70.68209893640596
iy,1.06,C12,C12N,70.91848119487986
ub,1.03,B24,B24B,70.97208140045404
pk,2.05,B82,B82Y,71.04250199953094
jy,4.05,B01,B01D,71.32281123986468
ig,2.06,C07,C07K,71.33764987054747
ba,3.02,C07,C07D,71.34751889412291
ub,1.03,C08,C08F,71.37082353839651
cu,1.06,A01,A01N,71.38228376884945
cl,9,A61,A61B,71.46585146384314
fi,1.04,A61,A61K,71.48361776495585
cq,1.06,A61,A61F,71.48840861441568
iu,2.03,C23,C23C,71.49099199334159
dy,1.04,H04,H04W,71.50703894533217
iq,2.02,H05,H05H,71.57552769687027
zm,1.06,C04,C04B,71.598827611655
sd,3.02,C12,C12N,71.68938947183779
sy,1.03,A61,A61N,71.90368517010938
iq,2.02,F16,F16K,71.97151176678017
ei,1.04,C30,C30B,72.03481346811168
da,1.06,A61,A61L,72.08530991943553
dx,3.01,G06,G06F,72.0986267644912
ga,3.02,A61,A61N,72.14573759632185
ro,1.07,C02,C02F,72.16210405202582
hy,1.06,C12,C12Q,72.17211816855706
oz,6.02,A61,A61K,72.18464194750413
ro,1.07,C08,C08J,72.20449622301385
dy,1.04,C40,C40B,72.27145210286835
oa,2.11,B01,B01L,72.29741082678083
dm,3.02,G06,G06Q,72.30592364235781
aa,1.03,G11,G11B,72.31729889777489
eu,2.02,G10,G10L,72.32578943530098
ep,1.02,G09,G09B,72.34416800027248
sr,2.07,G06,G06F,72.3509810003452
oa,2.11,H03,H03M,72.4990373919718
dw,1.04,C11,C11C,72.59775504725985
ei,1.04,B32,B32B,72.6654117226135
dw,1.04,C01,C01B,72.67537859384902
qu,1.06,A23,A23L,72.71027283323929
pm,2.05,G09,G09G,72.76211265311576
ei,1.04,C03,C03C,72.79857734707184
sy,1.03,B29,B29C,72.8482038093498
dr,1.06,A61,A61B,72.86012991308235
tu,3.01,H04,H04W,72.93007001746446
dr,1.06,H04,H04L,72.93903724267147
vy,3.02,H01,H01L,72.98567241057754
hq,1.04,A61,A61B,73.03791997139342
ii,2.04,F25,F25J,73.10555617697537
ry,2.03,A61,A61B,73.18563425331376
dw,1.04,C10,C10G,73.33397357841022
yp,3.02,C12,C12N,73.3428917255369
jy,4.05,A61,A61L,73.3935591832269
uy,1.04,B41,B41C,73.43408588320017
pz,2.05,G06,G06F,73.43618345679715
ei,1.04,C10,C10L,73.46638432587497
ro,1.07,A61,A61Q,73.52446072455496
if,2.11,A61,A61B,73.54182628181297
ub,1.03,G01,G01M,73.59096232941374
oa,2.11,G02,G02F,73.63342970004305
aq,3.02,G01,G01N,73.65947655832861
nn,3.03,G06,G06F,73.68160495290067
sy,1.03,G01,G01H,73.69663932407275
ni,3.01,C07,C07C,73.73564818088198
ni,3.01,C12,C12P,73.84798543062061
uy,1.04,C12,C12P,73.92561084881891
ve,3.02,G01,G01N,73.94370130845346
ye,2.02,H05,H05K,73.95502515672706
aa,1.03,G01,G01V,73.96692406246439
ns,2.01,C12,C12Q,74.00740570249036
rp,6.04,H04,H04L,74.03642970044166
sy,1.03,G01,G01K,74.11860488285311
ii,2.04,A23,A23L,74.1254460727796
ro,1.07,H04,H04B,74.20512751908973
ig,2.06,C08,C08G,74.25391249498352
db,2.08,A23,A23C,74.31109128566459
ee,1.04,A61,A61L,74.32362780207768
uf,1.03,H05,H05H,74.36918575223535
iq,2.02,B24,B24B,74.45366302598268
qg,2.05,C04,C04B,74.49863016372547
nu,5.08,C08,C08K,74.56011915951967
ub,1.03,G01,G01P,74.7313392800279
am,4.01,A61,A61K,74.74710946684354
ad,4.02,C12,C12N,74.75051876634825
nu,5.08,C08,C08J,74.75187621288933
ea,1.04,C07,C07F,74.81827932817396
dw,1.04,C08,C08L,74.88734371471219
dm,3.02,H04,H04W,75.03883657976985
sy,1.03,H05,H05G,75.04851077497005
ai,2.03,G06,G06Q,75.08167031500489
da,1.06,C07,C07H,75.13112569670193
ii,2.04,C23,C23C,75.20314808003604
ep,1.02,G08,G08G,75.20406510261819
de,1.06,C07,C07C,75.2126055592671
zc,4.03,H04,H04L,75.28159095533192
sy,1.03,H05,H05K,75.30531921284273
tq,3.02,A61,A61M,75.33652775967494
de,1.06,G06,G06F,75.35916481912136
gc,1.05,G01,G01S,75.42080543236807
hl,3.03,G06,G06Q,75.42712218873203
if,2.11,H04,H04W,75.46128555736504
ro,1.07,C12,C12M,75.52335265360307
pm,2.05,G06,G06Q,75.52831584773958
iu,2.03,B01,B01D,75.57439133326989
ig,2.06,H04,H04N,75.61394439265132
sd,3.02,C07,C07K,75.63297655794304
uy,1.04,H01,H01G,75.63465774501674
pm,2.05,C09,C09J,75.67068035551347
nu,5.08,H04,H04M,75.71738401427865
ik,2.11,B29,B29C,75.72183930128813
dw,1.04,A21,A21D,75.72454415832181
ne,3.03,H04,H04M,75.80476046726108
zm,1.06,C07,C07K,75.88267925631953
oa,2.11,H02,H02J,76.04816970601678
aa,1.03,A61,A61N,76.27704953262582
rb,2.02,G01,G01S,76.2936626127921
uy,1.04,C01,C01B,76.33680381556042
dy,1.04,B05,B05D,76.53945172962267
ai,2.03,B64,B64D,76.62053593993187
dm,3.02,A61,A61M,76.73474984476343
id,2.07,C02,C02F,76.74228071141988
ya,3.02,C12,C12Q,76.89053797384258
sy,1.03,B42,B42D,76.94370688032359
ia,3.02,A61,A61L,76.9618427248206
ye,2.02,A63,A63F,76.98528279550374
nn,3.03,C07,C07D,76.99243024096359
iq,2.02,B62,B62D,77.00050219194964
iq,2.02,C04,C04B,77.01058378862217
dy,1.04,G01,G01R,77.01902903919108
es,2.02,G07,G07F,77.05170558206737
nu,5.08,C09,C09D,77.0799997150898
pz,2.05,C25,C25C,77.08651756681502
ry,2.03,G21,G21B,77.15820756135508
ei,1.04,G01,G01R,77.35168641456403
ne,3.03,A61,A61N,77.40184158191551
ex,1.02,G01,G01C,77.41328424587846
ai,2.03,H01,H01Q,77.41894709831104
ai,2.03,G05,G05D,77.44303781446069
iq,2.02,A61,A61K,77.4556777740363
sa,3.03,A23,A23C,77.45780328474939
ui,1.03,H04,H04N,77.47506222315133
et,1.02,A63,A63F,77.53927948139608
es,2.02,H03,H03L,77.56208936544135
ea,1.04,G01,G01R,77.67555080237798
ep,1.02,G09,G09G,77.71193868713453
ye,2.02,H03,H03G,78.09237617463805
py,3.02,H01,H01L,78.21183067234233
xq,2.11,C07,C07D,78.22695916565135
oa,2.11,G09,G09G,78.25816674996167
qa,3.01,C07,C07C,78.27493457804667
ei,1.04,D01,D01F,78.32799781498034
ei,1.04,F01,F01N,78.35205012466758
hq,1.04,B01,B01D,78.48586023715325
ue,2.11,B41,B41J,78.49460343271494
es,2.02,H03,H03F,78.60350514296442
vi,5.01,G06,G06F,78.62083547073416
ub,1.03,G01,G01D,78.64846215210855
ac,2.02,H02,H02J,78.69177675666288
iu,2.03,F02,F02C,78.69559572916478
ee,1.04,B82,B82Y,78.93744268012233
zm,1.06,C12,C12N,79.03085662331432
ue,2.11,G11,G11B,79.03644631267525
rt,3.02,C12,C12N,79.20244400581578
zc,4.03,G06,G06F,79.2411820476409
sy,1.03,B41,B41J,79.24213350284845
iq,2.02,B01,B01D,79.25251818553079
cl,9,G10,G10L,79.25579276494682
iq,2.02,G03,G03G,79.32535588601604
ik,2.11,G02,G02B,79.42846674844623
ry,2.03,H05,H05H,79.48421149794012
db,2.08,B01,B01L,79.52475203096401
ex,1.02,H03,H03K,79.5500146986451
eq,3.01,A61,A61K,79.55745768005727
iu,2.03,F25,F25B,79.59715256979689
iu,2.03,G01,G01M,79.76415832107887
gc,1.05,G06,G06F,79.83475018222816
dy,1.04,C09,C09C,79.99021948338486
ig,2.06,G01,G01T,80.09937640489079
ex,1.02,H04,H04Q,80.13094670139253
ub,1.03,G01,G01C,80.18245392362587
tu,3.01,C08,C08B,80.23311493592337
es,2.02,H01,H01J,80.24254540563561
ye,2.02,G07,G07F,80.26980407722294
km,1.06,C07,C07H,80.27604248782154
gu,1.06,A01,A01N,80.28963026241399
sy,1.03,G11,G11C,80.30873596086167
dw,1.04,A23,A23G,80.32990261306986
dr,1.06,A01,A01N,80.35054298117757
am,4.01,C12,C12P,80.47186180733843
sy,1.03,G10,G10L,80.48624509084038
sa,3.03,C07,C07D,80.5135979190236
dy,1.04,A61,A61F,80.66403620154597
ii,2.04,C10,C10M,80.70308096520603
jy,4.05,A01,A01H,80.72287402872462
ye,2.02,G08,G08B,80.75535838212818
xq,2.11,G02,G02B,80.86908709211275
za,3.02,A61,A61N,80.91444083303213
js,6.04,H04,H04L,80.97476154565811
sy,1.03,G01,G01V,80.97990291006863
oz,6.02,G06,G06Q,81.01173807866871
pk,2.05,H01,H01G,81.02631197217852
pk,2.05,B01,B01D,81.09376136027277
zq,2.07,C22,C22B,81.09909815713763
tq,3.02,G06,G06F,81.1541799181141
ne,3.03,A61,A61M,81.17192972940393
ru,3.01,G06,G06T,81.20631833281368
oa,2.11,A61,A61N,81.21732810791582
qq,1.05,G01,G01S,81.26854739803821
sr,2.07,H04,H04W,81.33274881402031
qg,2.05,C09,C09K,81.45600686722901
ew,1.02,H04,H04Q,81.46950448583812
ro,1.07,B29,B29C,81.48411894636229
id,2.07,H02,H02P,81.59033774910495
pm,2.05,C09,C09C,81.64094492793083
oa,2.11,G01,G01V,81.64840442594141
xw,3.03,A61,A61F,81.68362179677933
et,1.02,G01,G01N,81.79687302361708
pm,2.05,C22,C22B,81.80542346276343
eu,2.02,G06,G06Q,81.83537950227037
ru,3.01,A61,A61M,81.86742739658803
oa,2.11,H02,H02P,81.98686226317659
dy,1.04,H05,H05B,82.04383278847672
ei,1.04,C10,C10M,82.12766454229131
dy,1.04,B41,B41M,82.24081905931234
iq,2.02,G08,G08C,82.25579036353156
ub,1.03,G01,G01V,82.31309164641425
uk,1.03,B01,B01J,82.31497276003938
nu,5.08,C08,C08G,82.31748242909089
nu,5.08,A01,A01N,82.35464412299916
rt,3.02,G06,G06Q,82.36944076721556
ye,2.02,G05,G05B,82.53887593862601
op,3.03,C07,C07D,82.68537149927579
et,1.02,G05,G05B,82.68984520598315
dy,1.04,A23,A23L,82.69586438499391
pz,2.05,C01,C01B,82.71899124281481
ub,1.03,C08,C08J,82.71930458536372
dw,1.04,A23,A23D,82.84237262955867
ii,2.04,A61,A61L,82.85049913823605
iq,2.02,G01,G01H,82.85168894007802
if,2.11,G01,G01B,82.85553569998592
sr,2.07,G06,G06K,82.8726211101748
uy,1.04,C07,C07K,82.94778383028461
ei,1.04,C25,C25B,83.06589919212274
da,1.06,C07,C07C,83.11719713127241
ep,1.02,G01,G01R,83.14818416093476
gc,1.05,G01,G01N,83.33088072366081
ns,2.01,G11,G11C,83.40916636167094
nu,5.08,C08,C08L,83.46986708790064
om,5.05,H04,H04L,83.472014028579
oa,2.11,H05,H05H,83.66164538823068
ev,1.02,G01,G01N,83.67817045020638
ve,3.02,A61,A61B,83.76617214013822
ru,3.01,A61,A61F,83.77545037958771
po,1.01,G06,G06F,83.86318047798704
ds,3.02,G01,G01N,83.89895702013746
ac,2.02,G01,G01R,83.93699702993035
ep,1.02,G05,G05D,83.96591450367123
wc,3.03,A61,A61B,84.05162003869191
ga,3.02,A61,A61L,84.0738446743926
tu,3.01,B01,B01J,84.14465314429253
qe,2.09,C08,C08G,84.34487504884601
uf,1.03,H01,H01L,84.68297056062147
ye,2.02,H04,H04R,84.755102657713
ep,1.02,H04,H04B,84.75686624704394
zc,4.03,A61,A61B,84.77171416161582
es,2.02,G01,G01S,84.84536593430676
sy,1.03,G06,G06N,84.84620959637687
td,3.02,A61,A61F,84.85647621494718
ai,2.03,G05,G05B,84.89283418143168
ja,1.05,C10,C10G,84.94858342246152
yr,2.01,G06,G06K,84.99811497051269
da,1.06,A61,A61N,85.08318854984827
iu,2.03,F16,F16C,85.09881359152496
qe,2.09,G01,G01N,85.16306745843031
wc,3.03,G06,G06F,85.16749933827668
qg,2.05,H01,H01G,85.20527300005779
ex,1.02,G07,G07F,85.21042385650799
yo,3.01,C12,C12N,85.21491072507342
qq,1.05,G06,G06F,85.22038825671189
ns,2.01,C01,C01B,85.23453813232481
xa,5.04,G06,G06F,85.35223460942507
ro,1.07,H01,H01G,85.42795746773481
ee,1.04,H01,H01M,85.44090666621923
uk,1.03,H01,H01B,85.50845563854091
wh,3.02,C12,C12Q,85.7107542231679
ui,1.03,C23,C23C,85.74539837567136
es,2.02,H05,H05K,85.9315961743705
ne,3.03,A61,A61F,85.97551477653906
co,1.06,C07,C07C,86.08291616331553
ei,1.04,C09,C09C,86.08386951382272
uu,5.06,H04,H04L,86.21785888914019
pm,2.05,C03,C03B,86.2858135253191
ro,1.07,G09,G09G,86.28949518501759
iy,1.06,A01,A01M,86.343630627729
yr,2.01,G08,G08G,86.48699263390154
ma,3.02,A01,A01N,86.62622061814182
uy,1.04,B29,B29B,86.64334798511118
if,2.11,G11,G11B,86.72706527612172
gm,3.03,A61,A61K,86.78267981356476
ac,2.02,G01,G01C,86.78588804835454
ei,1.04,C12,C12Q,86.88703709543915
oa,2.11,H04,H04B,87.05520758405328
yr,2.01,G06,G06Q,87.10668733157218
gu,1.06,A61,A61K,87.14244684018195
iq,2.02,G01,G01Q,87.26251349027734
ia,3.02,A61,A61M,87.35182958492078
oz,6.02,H04,H04W,87.50694481283426
if,2.11,H04,H04S,87.59603196568787
le,1.05,G01,G01N,87.67840068717487
hq,1.04,C09,C09K,87.8594879466109
le,1.05,G06,G06F,87.93850594433025
sy,1.03,F21,F21V,87.98183804983273
ro,1.07,C12,C12Y,87.99111574911512
uk,1.03,A61,A61K,88.04761203748058
su,3.02,G01,G01N,88.07193139661103
ga,3.02,C12,C12Q,88.21477116970345
ep,1.02,A63,A63F,88.28014153940603
ub,1.03,C07,C07F,88.31620096520055
ro,1.07,H05,H05K,88.32546675857157
ro,1.07,G01,G01Q,88.34411638602614
et,1.02,G01,G01C,88.43797049019486
mu,4.01,C12,C12N,88.53597668313887
da,1.06,G06,G06F,88.5884132127976
ns,2.01,B01,B01L,88.61222510121297
aa,1.03,G06,G06K,88.64710441697389
uk,1.03,H01,H01G,88.73370742658153
ui,1.03,G06,G06N,88.7907784935087
et,1.02,G11,G11C,88.99571227212436
dy,1.04,B22,B22F,89.1566467997618
ew,1.02,G01,G01S,89.20526212023105
ma,3.02,G06,G06F,89.21313500287943
ad,4.02,A01,A01K,89.26413668040186
ub,1.03,H05,H05G,89.32482414366677
sa,3.03,A61,A61B,89.34951559454203
hq,1.04,G03,G03F,89.49107007798739
hq,1.04,C12,C12Q,89.53568938898388
ac,2.02,G01,G01N,89.59628889721353
su,3.02,A61,A61N,90.01522561977617
su,3.02,A61,A61L,90.05889118695632
fi,1.04,G01,G01N,90.05947102513164
iq,2.02,B06,B06B,90.06314637325704
ub,1.03,H02,H02N,90.10779427923262
uy,1.04,G11,G11B,90.21700166957453
dw,1.04,C08,C08B,90.22924378095195
we,3.02,C07,C07K,90.25135943491478
ja,1.05,H04,H04L,90.30113587714732
ec,1.04,G01,G01N,90.31389351794496
oa,2.11,H03,H03K,90.49321613437496
ro,1.07,H01,H01S,90.52481288043782
dx,3.01,C12,C12Q,90.53204572945833
tq,3.02,G01,G01N,90.53894420387223
tu,3.01,A61,A61F,90.56029560370371
zc,4.03,A01,A01N,90.62339580850676
id,2.07,G06,G06Q,90.6419978486374
pk,2.05,C01,C01G,90.66537743946537
ub,1.03,B22,B22F,90.70260652876459
ja,1.05,G06,G06Q,90.71059403242543
ha,5.03,H04,H04L,90.84446950722486
ip,2.07,G01,G01N,90.89794445561711
oe,5.06,G06,G06F,91.04393123090267
ub,1.03,A61,A61F,91.05281445779838
ij,2.11,G05,G05B,91.15617407951504
oz,6.02,H04,H04N,91.28839111700654
ac,2.02,G11,G11B,91.29706890555099
ui,1.03,G06,G06Q,91.38689769618213
ns,2.01,B01,B01J,91.45127580210101
bq,6.05,H04,H04N,91.54299446754158
uy,1.04,A61,A61B,91.61559053463861
za,3.02,C12,C12N,91.77698749565752
cq,1.06,H04,H04W,91.78811545111239
iq,2.02,C09,C09K,91.84261085186154
dy,1.04,C09,C09J,91.91012346651405
iu,2.03,F04,F04D,91.92485615611076
uh,1.03,B82,B82Y,91.94253669155296
cq,1.06,B01,B01D,91.96950961183757
pa,6.02,H04,H04L,91.98851719126105
tu,3.01,A23,A23L,92.02650817623362
es,2.02,H04,H04J,92.11284454353154
ub,1.03,F25,F25B,92.15557313035242
uy,1.04,D01,D01D,92.19440481159836
fy,3.02,G01,G01N,92.22795406659134
ii,2.04,C12,C12N,92.46989251836203
vy,3.02,G21,G21K,92.47908041859046
ro,1.07,B32,B32B,92.56264998274855
jy,4.05,A23,A23F,92.67994801141322
ac,2.02,F02,F02D,92.90007317811251
qj,2.05,D06,D06M,92.98793290555477
nu,5.08,H01,H01L,93.06145441439003
sd,3.02,A61,A61F,93.28934992663562
yo,3.01,C07,C07K,93.32149736949941
km,1.06,C11,C11B,93.38017129467335
ro,1.07,C04,C04B,93.71344932215288
ki,3.02,A61,A61F,93.71930730901659
jy,4.05,C11,C11C,93.77529372950085
tu,3.01,C08,C08G,93.85595554928295
iu,2.03,G06,G06Q,93.95242986548692
er,1.02,G06,G06N,94.10363658494316
ye,2.02,G09,G09G,94.30691097816452
ra,2.11,G02,G02B,94.4420884756837
ah,4.01,A23,A23L,94.73341109114699
dx,3.01,A61,A61Q,94.75064652552828
db,2.08,A01,A01K,94.85014417953789
ub,1.03,C07,C07C,95.03071961447131
pn,1.01,G06,G06K,95.08621328766458
qa,3.01,A61,A61L,95.09037110826466
sy,1.03,H03,H03M,95.16023040865548
nu,5.08,G11,G11B,95.23683223314583
ia,3.02,C07,C07C,95.27465273719281
ev,1.02,G06,G06N,95.28111128462479
ni,3.01,A01,A01K,95.41433743434027
ue,2.11,G01,G01N,95.44279978354461
zm,1.06,A01,A01N,95.59935865621082
jy,4.05,C12,C12R,95.66053135460243
sy,1.03,G01,G01T,95.74044604506344
dr,1.06,C07,C07C,95.77056256047217
ub,1.03,H03,H03F,95.83401980111375
rb,2.02,G05,G05B,95.85099318483844
dr,1.06,C07,C07H,95.95776511961594
ye,2.02,H03,H03D,96.07621634216048
db,2.08,G06,G06Q,96.11233545234427
ei,1.04,G06,G06F,96.33362655132078
ik,2.11,G03,G03F,96.3519639254082
db,2.08,H04,H04L,96.39216240495443
dq,9,G06,G06T,96.643776840996
et,1.02,G07,G07F,96.70378337847069
dt,2.03,H01,H01L,96.83578004327137
ii,2.04,C22,C22B,96.84629108291119
co,1.06,C07,C07H,96.95805627322989
pk,2.05,G01,G01N,97.09064126620069
if,2.11,G10,G10L,97.10959554556757
wm,5.04,G06,G06F,97.11643410567194
dw,1.04,C08,C08F,97.17305311886594
ei,1.04,A61,A61Q,97.31559181073681
ex,1.02,G01,G01S,97.32282756548375
dy,1.04,G11,G11B,97.43639193917625
ct,9,A61,A61K,97.46046015809407
ai,2.03,H01,H01L,97.54063783097081
ec,1.04,C23,C23C,97.61987317749299
td,3.02,A61,A61N,97.63722541648895
qg,2.05,G02,G02B,97.67494497192092
if,2.11,G06,G06Q,97.69422309147194
ei,1.04,C08,C08L,97.73384235147387
ii,2.04,G06,G06Q,97.76374773262069
ub,1.03,A61,A61L,97.76977977447677
pm,2.05,D01,D01F,97.77346399181988
ro,1.07,H04,H04W,97.90416003856808
ee,1.04,C11,C11B,98.03114254726097
dq,9,C12,C12Q,98.1326574216364
ep,1.02,G02,G02B,98.19535553571768
pu,2.03,H01,H01L,98.3169988647569
uy,1.04,B60,B60C,98.54259866476059
ga,3.02,C07,C07D,98.61320499063004
ei,1.04,C12,C12N,98.92281602224102
zc,4.03,A23,A23K,99.12793563655578
ya,3.02,C07,C07D,99.23729661153629
uy,1.04,H05,H05K,99.27844620821998
nu,5.08,G01,G01N,99.35548268049024
ub,1.03,B05,B05D,99.35775952565018
zc,4.03,C12,C12Q,99.3852092991583
sr,2.07,G06,G06T,99.4971376915928
ik,2.11,H05,H05K,99.49743049335666
dy,1.04,C11,C11B,99.59230191016104
ik,2.11,G01,G01R,99.79470580792986
ea,1.04,H01,H01M,99.87859579641372
yo,3.01,C12,C12Q,99.92798633058555
qg,2.05,C30,C30B,100.1052663899027
ub,1.03,G01,G01K,100.1209028059384
pn,1.01,H04,H04N,100.16796081746
ep,1.02,H03,H03M,100.4962160374271
za,3.02,G06,G06F,100.5643127679359
oa,2.11,B81,B81C,100.6081889730413
ui,1.03,G01,G01R,100.7072580857202
ep,1.02,G01,G01B,100.9064368705731
ub,1.03,C09,C09D,101.0720202990342
gu,1.06,G06,G06F,101.2251083550509
et,1.02,C07,C07C,101.3065393094439
rt,3.02,C12,C12Q,101.3346895674476
km,1.06,A01,A01K,101.450251393253
uk,1.03,H01,H01S,101.5171351088211
dy,1.04,G06,G06Q,101.5377333229408
ye,2.02,G08,G08G,101.734918194823
sy,1.03,G01,G01P,101.7636811439879
qa,3.01,G06,G06F,101.8124568948988
ah,4.01,A01,A01N,101.832383621484
yq,5.07,H04,H04L,101.9314020073507
uk,1.03,C01,C01B,101.9567791571608
ja,1.05,A01,A01N,101.9936879710294
iq,2.02,B01,B01L,102.0201887353323
aa,1.03,B06,B06B,102.3523121997714
zd,9,G06,G06F,102.6534865677822
pk,2.05,G02,G02B,102.6879710745998
ei,1.04,C02,C02F,102.70450282807
ns,2.01,G06,G06F,102.7738036049996
cq,1.06,C08,C08G,102.7777433482697
ur,1.01,G06,G06F,102.7782692606561
ac,2.02,G01,G01S,103.0493111312389
pm,2.05,H04,H04L,103.0707559473813
za,3.02,C12,C12Q,103.2409873519791
es,2.02,B41,B41J,103.3610354699194
mu,4.01,A01,A01N,103.5420078055467
tu,3.01,G06,G06Q,103.5534105645493
ye,2.02,G06,G06N,103.6514504926745
ja,1.05,A61,A61K,103.7033160553838
qu,1.06,C12,C12Y,103.7417632434517
nu,5.08,H04,H04W,103.7513739052229
hq,1.04,B01,B01J,103.7572781711351
id,2.07,G01,G01V,103.8426282471046
dy,1.04,A61,A61M,104.1222903965972
oa,2.11,G01,G01K,104.1544632413425
ub,1.03,A61,A61N,104.178477335372
ye,2.02,A61,A61B,104.269354541786
iq,2.02,H03,H03J,104.4066431121901
ih,2.07,G01,G01N,104.4726209652144
ru,3.01,H04,H04W,104.5905481856316
sa,3.03,G01,G01N,104.7265092029702
de,1.06,C12,C12R,104.914187119808
oa,2.11,G11,G11B,104.9183913371526
ye,2.02,H02,H02J,105.1552961503621
tu,3.01,C12,C12P,105.1687831071613
dq,9,G06,G06F,105.2414799153339
hl,3.03,G06,G06F,105.3114148033783
dw,1.04,C11,C11B,105.3586743150372
dy,1.04,B32,B32B,105.3753107795492
ig,2.06,G01,G01S,105.4009774682345
ub,1.03,G06,G06K,105.4244562082458
ew,1.02,G09,G09B,105.6621086001396
bq,6.05,H01,H01L,105.7060750871897
ub,1.03,G21,G21K,105.8764620893635
xw,3.03,A63,A63B,106.0365357967094
pm,2.05,B05,B05D,106.2477052487666
ep,1.02,G11,G11B,106.2721620525699
ro,1.07,C08,C08F,106.2877134359442
ei,1.04,B22,B22F,106.2924402228091
wh,3.02,C07,C07D,106.3183384643635
uy,1.04,C12,C12N,106.4166976078996
uy,1.04,C02,C02F,106.4295866016764
rt,3.02,H04,H04L,106.5468853167258
sy,1.03,G02,G02C,106.5566066820174
jy,4.05,C11,C11D,106.6550764052663
ro,1.07,C09,C09K,106.9864506148733
uy,1.04,D21,D21H,106.9961253562942
ry,2.03,G06,G06F,107.0886519900523
iu,2.03,H04,H04L,107.2097257790156
co,1.06,B01,B01J,107.305732605746
oa,2.11,G01,G01M,107.3971525495872
pk,2.05,B01,B01J,107.4591260198504
eu,2.02,H04,H04L,107.5819491944276
ea,1.04,B82,B82Y,107.9053937371355
dm,3.02,C07,C07F,108.0067446047906
pm,2.05,H05,H05B,108.0463118068874
ij,2.11,H04,H04L,108.3433657132555
ua,6.03,G06,G06F,108.4842806896195
iq,2.02,B29,B29C,108.6062155065592
uy,1.04,D06,D06M,108.7413497264497
ru,3.01,G06,G06K,108.9132680447074
oa,2.11,G01,G01Q,109.1064105439
ex,1.02,G01,G01R,109.1708690919913
ma,3.02,A61,A61M,109.2344305468723
iq,2.02,G03,G03B,109.2845002715476
ui,1.03,G11,G11C,109.2901360779069
aa,1.03,H04,H04M,109.3572531198151
sy,1.03,G21,G21K,109.4671645883936
ii,2.04,H04,H04N,109.4804792571813
xq,2.11,G01,G01T,109.7070954218507
up,1.03,G01,G01T,109.8116817623377
ub,1.03,G06,G06T,109.8620686868671
we,3.02,A61,A61F,110.0228327228688
sd,3.02,C12,C12Q,110.065078123589
ai,2.03,F02,F02K,110.1357688494027
sy,1.03,C03,C03B,110.181071318686
wf,1.06,C07,C07K,110.4722276406828
ub,1.03,C25,C25D,110.4726483918494
pz,2.05,C25,C25D,110.5646306697745
ac,2.02,G06,G06N,110.6525801352691
db,2.08,A61,A61B,110.6569581835065
ve,3.02,G06,G06F,110.6741274913074
sy,1.03,G06,G06E,110.7644389346242
dw,1.04,A01,A01N,110.782863758388
qg,2.05,C08,C08G,111.0236307622399
db,2.08,B01,B01J,111.3006668565795
ya,3.02,G06,G06F,111.503247379791
ue,2.11,G10,G10L,111.5326568095479
ub,1.03,B01,B01D,111.6707308879122
jy,4.05,A61,A61Q,111.8677106839605
xy,1.01,G06,G06Q,112.124922695104
iu,2.03,E21,E21B,112.1363153513521
ii,2.04,C04,C04B,112.1451402406674
ue,2.11,G09,G09G,112.2174091688357
qu,1.06,A61,A61L,112.293571583461
ew,1.02,G01,G01C,112.411276898114
sy,1.03,C23,C23C,112.4247945518
iq,2.02,G10,G10H,112.5657150819898
ew,1.02,H04,H04B,112.604354412877
cq,1.06,H04,H04L,112.8000763789751
pj,2.05,G01,G01N,113.0134371025488
dy,1.04,B01,B01L,113.1022364270175
im,2.01,G06,G06F,113.1474611773156
id,2.07,C12,C12P,113.1482754049939
pj,2.05,D21,D21G,113.4285717606544
js,6.04,H04,H04N,113.6863933177665
ns,2.01,H01,H01M,113.7236407275777
rb,2.02,G06,G06K,113.8845776715316
pe,5.02,H04,H04L,113.9941433886997
dy,1.04,B29,B29C,114.1309263700387
pm,2.05,C07,C07F,114.2780520470114
et,1.02,G01,G01S,114.3122859254945
dw,1.04,C12,C12N,114.3813882201794
pz,2.05,H01,H01M,114.6030271793716
dr,1.06,A01,A01K,114.7158234142698
we,3.02,C07,C07D,114.7692404492991
iq,2.02,A61,A61M,114.8076002988964
dy,1.04,H01,H01J,114.8476885066484
pw,2.06,C12,C12N,114.9615427489043
ee,1.04,C08,C08K,114.9709337484092
mm,6.01,H04,H04L,114.9810249640141
gy,5.02,H01,H01L,114.9878784497268
uy,1.04,C10,C10M,115.2210050513968
ye,2.02,H03,H03K,115.2794775087386
ep,1.02,B25,B25J,115.3188768420368
ea,1.04,H01,H01L,115.4523487526458
sa,3.03,A23,A23K,115.5648930869065
ub,1.03,H04,H04J,115.6227165351156
ns,2.01,C23,C23C,115.8616830540122
cn,5.01,A61,A61K,116.3153064937796
py,3.02,G06,G06Q,116.3807040168904
ip,2.07,C10,C10G,116.6038645813242
iy,1.06,C07,C07D,116.6105317522306
iq,2.02,C03,C03B,116.6251190723851
wf,1.06,G01,G01N,116.8810811333824
qq,1.05,G01,G01N,117.2292449970264
ac,2.02,H02,H02P,117.2526111695915
ub,1.03,C01,C01G,117.2536568446085
xq,2.11,A61,A61B,117.3236367353238
rb,2.02,G05,G05D,117.4681488964707
oa,2.11,G06,G06K,117.4998193017673
qe,2.09,A61,A61B,117.5586908363039
ee,1.04,C08,C08B,117.6483286696021
ei,1.04,G02,G02F,117.6722005591728
dw,1.04,B01,B01D,117.8899572391529
su,3.02,C12,C12N,118.2041500558844
ii,2.04,C09,C09D,118.2785793070216
iq,2.02,F03,F03D,118.6999597479589
ro,1.07,G06,G06N,118.951076217927
ac,2.02,A61,A61B,118.9787376425229
ei,1.04,A01,A01N,119.0124203570886
hy,1.06,G01,G01N,119.0467134533683
ea,1.04,C07,C07H,119.0712068791036
ih,2.07,B01,B01J,119.0827365464065
pk,2.05,C01,C01B,119.2398301924113
sy,1.03,H01,H01P,119.2452511866577
ui,1.03,A61,A61B,119.3506350161042
py,3.02,A61,A61L,119.4019337526988
ad,4.02,A23,A23C,119.5539180077612
ub,1.03,H03,H03M,119.5565420947969
aq,3.02,C07,C07K,119.7073271731497
oa,2.11,H03,H03H,119.9477567251306
et,1.02,C12,C12N,120.0405305121094
iq,2.02,A61,A61F,120.0431464416906
hq,1.04,G01,G01R,120.0452678706497
ui,1.03,H01,H01J,120.2426440517884
we,3.02,G01,G01N,120.5198004717822
dw,1.04,C07,C07H,120.5580726868939
ai,2.03,G01,G01C,120.6747195725329
dy,1.04,A61,A61B,120.8506075579207
ro,1.07,G06,G06T,120.9780636322685
ev,1.02,G01,G01R,121.0113954308908
ru,3.01,G06,G06N,121.0970606848132
ru,3.01,C07,C07C,121.4872011283878
di,5.02,H04,H04L,121.5156898712739
ep,1.02,H04,H04M,121.6246469398029
zd,9,A61,A61L,121.6365436783526
ub,1.03,C08,C08G,121.784811111982
oa,2.11,H01,H01S,122.0019666657317
sy,1.03,G01,G01L,122.1713660701644
ex,1.02,G11,G11C,122.2842331264401
ei,1.04,G03,G03F,122.3368183190469
ui,1.03,H01,H01S,122.4912500148639
ro,1.07,C23,C23C,122.9658832857385
de,1.06,G01,G01N,123.0473617602838
ga,3.02,C12,C12N,123.2194050212856
uy,1.04,C04,C04B,123.3017484536394
oa,2.11,G01,G01C,123.3258501261007
uy,1.04,B05,B05D,123.3395058540627
iq,2.02,F02,F02D,123.3877595779486
ma,3.02,A61,A61L,123.4494148293161
ne,3.03,G01,G01N,123.5663099315716
db,2.08,C11,C11D,123.5823245188221
tm,3.01,C07,C07D,123.6714813348372
rt,3.02,A61,A61M,123.6758007972967
id,2.07,F03,F03D,123.7556190420873
jy,4.05,C12,C12Y,123.8841442528646
dy,1.04,H04,H04L,123.9177128216252
co,1.06,B01,B01D,124.0710526606999
xw,3.03,A61,A61K,124.1409482583404
rb,2.02,G06,G06T,124.1961312056519
su,3.02,C07,C07K,124.2646367799025
bk,6.04,G06,G06F,124.4254019809887
iu,2.03,G11,G11B,124.6100418462884
ik,2.11,G06,G06Q,124.6636197981425
dy,1.04,C10,C10L,124.794698441634
pz,2.05,C21,C21B,124.8731281738728
pm,2.05,H01,H01S,124.9667034347076
gc,1.05,E21,E21B,125.3049698881805
ns,2.01,G02,G02B,125.431010343018
if,2.11,H04,H04R,125.6780428607017
dt,2.03,F25,F25B,125.8899927358143
ye,2.02,G01,G01C,125.9472704764921
if,2.11,G01,G01R,126.2596009657718
oa,2.11,H02,H02M,126.2613614571746
xq,2.11,H01,H01L,126.4849997482961
qe,2.09,C12,C12N,126.7245788344881
qu,1.06,C02,C02F,126.7752088920679
dr,1.06,C12,C12P,126.7995124360314
ye,2.02,H02,H02M,126.8237769664265
oa,2.11,G06,G06T,126.9184873691993
iq,2.02,C03,C03C,127.0393889856059
yp,3.02,A61,A61M,127.2426872688811
uk,1.03,H01,H01F,127.3603814018425
ub,1.03,H02,H02K,127.4396222240757
dy,1.04,C01,C01G,127.5095285098068
ei,1.04,H01,H01B,127.542657735059
iu,2.03,G02,G02B,127.5473995695356
oa,2.11,B41,B41J,127.5805023044813
ew,1.02,G07,G07F,127.6193448179401
ii,2.04,G05,G05B,127.6751761129126
uy,1.04,A01,A01N,127.7600851422176
nu,5.08,C12,C12N,127.8111018314958
if,2.11,G05,G05B,127.8177000056021
tu,3.01,A61,A61N,127.8898802562617
yq,5.07,H04,H04W,127.930713688489
dk,5.02,G06,G06F,127.9489017815795
vy,3.02,G01,G01S,128.3210928223561
ro,1.07,A01,A01H,128.4156065154821
js,6.04,G06,G06F,128.4670915585011
zd,9,A61,A61M,128.652083597146
py,3.02,C07,C07C,128.768866667524
ro,1.07,C08,C08G,128.8844872696791
dy,1.04,C08,C08B,128.9572131258901
ee,1.04,C09,C09D,129.3790995143354
am,4.01,C07,C07D,129.6186430945527
ee,1.04,C09,C09B,129.6834123595618
pw,2.06,A61,A61B,129.7270474651596
uk,1.03,G02,G02F,129.9455456379801
ee,1.04,A61,A61Q,129.9622809842695
ea,1.04,G01,G01J,129.9645572573645
ei,1.04,C08,C08K,130.0111456343438
gu,1.06,C07,C07D,130.2364199853037
sy,1.03,G03,G03B,130.5557548170909
td,3.02,H04,H04R,130.8207558146678
et,1.02,A61,A61B,130.8346400588052
ac,2.02,G05,G05D,130.8545645510312
ni,3.01,G06,G06F,130.8631971515715
zd,9,C12,C12Q,130.9765806207433
pk,2.05,C09,C09K,131.0635370200034
vy,3.02,C07,C07K,131.1976396954851
pm,2.05,B22,B22D,131.2421330045909
aa,1.03,H04,H04B,131.6376052226406
rb,2.02,A61,A61B,131.6996650691144
ui,1.03,G02,G02F,131.856827057898
ac,2.02,H04,H04N,132.0240947762504
ub,1.03,A61,A61K,132.0577280923317
dy,1.04,C10,C10M,132.3289667810313
ru,3.01,H04,H04L,132.4035212781746
oy,9,G10,G10L,132.751820085803
pm,2.05,A61,A61F,132.786696841009
dw,1.04,C12,C12P,132.8818236982916
oz,6.02,H04,H04L,132.9158330913633
pu,2.03,G01,G01N,132.9362631940749
ub,1.03,B32,B32B,132.9675811555935
dm,3.02,H04,H04L,132.9954683333635
pq,1.01,H04,H04L,133.0601380951703
um,3.01,A61,A61N,133.2328890548088
ec,1.04,C09,C09K,133.2680478737457
uy,1.04,C11,C11D,133.485830022255
co,1.06,C12,C12P,133.5921056584339
ee,1.04,C11,C11D,133.7774656820111
ii,2.04,C11,C11D,133.7927735021804
ue,2.11,G01,G01S,134.1844691509614
sy,1.03,H04,H04W,134.2407881689724
et,1.02,C07,C07D,134.2595404481981
pm,2.05,A61,A61B,134.2648022841895
nu,5.08,C07,C07C,134.2901151832193
pn,1.01,G06,G06Q,134.9308006567881
qg,2.05,C25,C25D,135.1926841833629
ro,1.07,A61,A61M,135.298183639301
pu,2.03,G06,G06F,135.3182253534906
ec,1.04,C01,C01B,135.416614027461
ub,1.03,G03,G03G,135.5083694499917
es,2.02,G05,G05B,136.0373848727904
ep,1.02,G01,G01N,136.0417640767992
gy,5.02,H04,H04L,136.4832523663063
da,1.06,C12,C12P,136.5102178849047
jy,4.05,C07,C07D,137.3020207261434
ya,3.02,C12,C12N,137.4406902974006
om,5.05,G06,G06Q,137.4691691109911
ai,2.03,H04,H04B,137.6940032027196
dw,1.04,C11,C11D,137.7601379093248
ik,2.11,G05,G05B,137.8422984201461
pm,2.05,E21,E21B,138.0542084351182
zm,1.06,C07,C07D,138.2299535787897
pm,2.05,G01,G01R,138.339934861986
co,1.06,H01,H01J,138.4604289972922
eu,2.02,G06,G06F,138.8221420152113
ia,3.02,C07,C07J,138.8311727817636
xq,2.11,G01,G01J,139.186292237835
ei,1.04,G02,G02B,139.2449987774016
tu,3.01,H04,H04L,139.3721387274563
pm,2.05,C25,C25D,139.4864250143291
db,2.08,A23,A23L,139.5437476094812
zm,1.06,A61,A61K,139.5471081673168
db,2.08,A01,A01H,139.6912743354915
dm,3.02,C07,C07H,139.6988913397072
dw,1.04,A61,A61Q,139.727029327536
fy,3.02,A61,A61L,139.750046747271
iq,2.02,E21,E21B,139.7876419876702
es,2.02,G02,G02F,139.8355396147817
su,3.02,C07,C07D,139.8956333738752
er,1.02,G06,G06Q,140.0766424885951
ex,1.02,G05,G05B,140.0826915036887
ii,2.04,C12,C12P,140.1013800092041
qh,2.05,B29,B29C,140.1323842999991
ew,1.02,G02,G02B,140.1662985798903
uk,1.03,C04,C04B,140.3731919173151
iu,2.03,A61,A61B,140.6678160197334
ro,1.07,A61,A61F,140.8696905453689
iu,2.03,G05,G05B,140.9223666372709
uk,1.03,C09,C09K,141.1286691270652
cq,1.06,B01,B01L,141.1523248380981
ns,2.01,A61,A61K,141.1649669366598
uy,1.04,A61,A61Q,141.3651661761105
nn,3.03,C12,C12N,141.4444470505114
ev,1.02,G05,G05B,141.6342352933716
iq,2.02,B60,B60W,142.057580369059
ub,1.03,G01,G01T,142.1097242308315
jy,4.05,C12,C12Q,142.2068574448349
ja,1.05,G06,G06F,142.2624620033894
iq,2.02,G09,G09B,142.2967235257383
ub,1.03,B81,B81C,142.3055226143915
jy,4.05,C08,C08B,142.5168051128276
iq,2.02,B23,B23K,142.5641842815094
dy,1.04,H01,H01B,142.8205527872778
pc,5.02,H04,H04L,142.8657274362631
ei,1.04,A61,A61L,142.9333958058851
ec,1.04,H01,H01M,143.0810904193204
ro,1.07,G03,G03F,143.2575911234599
vx,5.01,G06,G06F,143.2736308327876
iq,2.02,H04,H04S,143.3630271994043
ye,2.02,H03,H03L,143.4266168330796
id,2.07,G01,G01R,143.7101511978544
ex,1.02,H04,H04B,143.7343868862372
aa,1.03,G06,G06T,143.8272345254663
mc,1.06,A61,A61B,143.8422020063736
ia,3.02,G06,G06F,143.8842735041399
bp,6.04,G06,G06F,144.0620791926049
dy,1.04,C25,C25B,144.0934860757552
ub,1.03,H01,H01P,144.098489652155
es,2.02,G10,G10L,144.255574120325
yr,2.01,G06,G06F,144.4404791574925
uy,1.04,B82,B82Y,144.4555710810237
ro,1.07,C07,C07F,144.5628227051347
tm,3.01,C12,C12N,144.6128072704014
er,1.02,H04,H04L,144.685252400348
ro,1.07,G11,G11B,144.7676601470448
cq,1.06,B01,B01J,144.9571162713692
bq,6.05,G06,G06Q,145.1874377951026
ea,1.04,G06,G06F,145.4839361180784
pm,2.05,C08,C08F,145.6611829048488
if,2.11,H04,H04N,146.0444441612344
um,3.01,C12,C12N,146.0939518585219
ue,2.11,G02,G02B,146.1640618133824
db,2.08,B01,B01D,146.4672050462104
iq,2.02,C30,C30B,146.5071709817275
pm,2.05,C21,C21D,146.677523041144
ti,9,C07,C07K,146.8565307043027
pz,2.05,C22,C22F,147.3505234825425
iq,2.02,H01,H01G,147.7568625067361
ac,2.02,G06,G06Q,147.8923569179606
dy,1.04,C04,C04B,148.0162381581031
ub,1.03,B29,B29C,148.181651123683
er,1.02,H04,H04N,148.2721137774643
ui,1.03,G11,G11B,148.5232568471693
hq,1.04,C01,C01B,148.7517399345525
sy,1.03,H05,H05B,148.8481622887775
dy,1.04,C07,C07B,149.1644787685946
jy,4.05,C07,C07C,149.588039244758
es,2.02,G02,G02B,149.7209337078966
vj,5.01,G06,G06F,149.7396939033642
dy,1.04,C02,C02F,149.9104008894647
fy,3.02,A61,A61Q,150.1911529067438
ub,1.03,H01,H01Q,150.1976029516663
vy,3.02,H04,H04N,150.2804748262279
ih,2.07,B01,B01D,150.3905073192436
ry,2.03,G01,G01N,150.5118667189963
cq,1.06,A23,A23L,150.9481774909655
uy,1.04,G02,G02F,151.0840701190755
pm,2.05,C22,C22F,151.2387513006106
dr,1.06,A61,A61L,151.2609584500897
db,2.08,C12,C12Y,151.3457186706364
dq,9,C12,C12N,151.5636893047486
tu,3.01,C07,C07J,152.2644747113809
wu,5.04,G06,G06F,152.7070024590939
ex,1.02,A61,A61B,152.8438273448264
sy,1.03,C03,C03C,153.2314507779665
ex,1.02,G11,G11B,153.417451083893
rb,2.02,G06,G06F,153.9881333643571
ye,2.02,G02,G02F,154.0365225065034
qg,2.05,G03,G03F,154.3489131821552
fi,1.04,C07,C07C,154.4256656161742
sy,1.03,A61,A61F,154.4982140712673
xq,2.11,G06,G06F,154.5558592427988
iq,2.02,A63,A63F,154.712438441813
ev,1.02,H04,H04W,154.8031725157052
qf,9,H01,H01L,154.8375032475451
et,1.02,H04,H04J,154.9579006824642
uy,1.04,C08,C08C,155.2536887754686
ub,1.03,C07,C07D,155.2925510648638
ex,1.02,H04,H04M,155.3319158535451
dr,1.06,G06,G06F,155.6548806445207
ip,2.07,G01,G01V,155.7020048843697
uy,1.04,A61,A61F,155.8792763119563
rp,6.04,G06,G06F,156.0642558410764
py,3.02,A61,A61N,156.187511830125
iq,2.02,H02,H02N,156.2363585177809
dw,1.04,G01,G01N,156.8609814571682
nu,5.08,C07,C07D,157.1908099844586
ew,1.02,G11,G11C,157.2906792891445
iu,2.03,F01,F01D,157.3946116548032
zc,4.03,C12,C12N,157.8073950438993
ew,1.02,G01,G01R,157.9440223523416
cu,1.06,C07,C07D,158.1370062469505
cl,9,H04,H04R,158.3228579540737
id,2.07,C07,C07C,158.3344045961276
ct,9,C12,C12N,158.3431536225835
iq,2.02,H01,H01B,158.4848667788319
er,1.02,G06,G06K,158.6154128022026
ei,1.04,C08,C08J,158.800804781029
ni,3.01,C07,C07H,158.8234880882083
qa,3.01,A61,A61B,158.8568794669118
ub,1.03,H05,H05H,158.8941672006622
dx,3.01,A01,A01N,158.8962954487652
ee,1.04,C12,C12Q,158.9219395009568
ro,1.07,C40,C40B,158.937018415425
ga,3.02,G01,G01N,159.1299214815954
pj,2.05,D21,D21F,159.1662703230977
oa,2.11,G01,G01D,159.2939894534647
ga,3.02,C07,C07K,159.5837170510204
iq,2.02,G07,G07C,159.7270444906317
td,3.02,A61,A61K,159.8748662643484
es,2.02,H04,H04Q,160.0418929732405
co,1.06,B01,B01L,160.077365187346
za,3.02,C07,C07D,160.1257451316342
pz,2.05,C04,C04B,160.4331990301143
ry,2.03,H01,H01J,160.5445654892828
mc,1.06,G06,G06F,160.6696641682647
ee,1.04,G03,G03F,160.8091011864599
cq,1.06,C08,C08B,161.0257937612478
iq,2.02,H03,H03C,161.0541331549175
tq,3.02,A61,A61B,161.4164271941409
uk,1.03,H01,H01J,161.4543887777836
ro,1.07,H01,H01J,161.5031802868471
fy,3.02,A61,A61B,162.2242866537999
ye,2.02,G11,G11C,162.2321505448781
ii,2.04,B01,B01F,162.6645896605914
oa,2.11,G01,G01P,162.7765273556579
ii,2.04,C08,C08K,162.9125581877306
uk,1.03,G06,G06F,163.0061903004535
cq,1.06,A61,A61B,163.0209255138179
uu,5.06,G06,G06F,163.0391781413928
db,2.08,C07,C07C,163.4975024941377
rt,3.02,C07,C07K,163.5844769474934
pm,2.05,C07,C07C,163.9611872370588
ya,3.02,C07,C07K,164.1166094744112
tc,3.02,A61,A61L,164.2772927756887
zr,1.05,B01,B01D,164.4587643987034
ra,2.11,G01,G01N,164.7346871815389
ns,2.01,B82,B82Y,165.1769515272463
ei,1.04,C01,C01G,165.2886143370997
aa,1.03,H04,H04L,165.3688826395664
wh,3.02,G01,G01N,165.5141827019397
co,1.06,A61,A61B,165.5255344662583
ro,1.07,H04,H04N,165.6133723906241
uk,1.03,G01,G01R,165.6558697232977
ec,1.04,C08,C08G,165.7299335829448
zc,4.03,G01,G01N,166.3115321510704
db,2.08,A61,A61L,166.6667174607865
id,2.07,C10,C10L,166.9986161930719
su,3.02,G02,G02C,167.1276886630803
pz,2.05,C21,C21C,167.279365606606
ub,1.03,G01,G01L,167.5058716414496
if,2.11,H02,H02P,167.5370985446498
et,1.02,H01,H01L,167.6045887933578
ig,2.06,G06,G06K,167.7254471644992
ai,2.03,H04,H04L,167.9969606344821
if,2.11,H02,H02M,168.2319864472374
uy,1.04,G03,G03G,168.2553864009678
ki,3.02,C12,C12N,168.3713494836411
iq,2.02,G06,G06G,168.3822582289577
le,1.05,E21,E21B,168.4276502947323
ii,2.04,B32,B32B,168.6892520203255
ew,1.02,H01,H01L,169.2526858468773
za,3.02,C07,C07K,169.6035070624202
dx,3.01,C12,C12N,169.7863324242062
dy,1.04,G03,G03G,170.1858011819422
ub,1.03,C22,C22C,170.2378386901692
ye,2.02,H01,H01S,170.277417734731
ne,3.03,A61,A61B,170.6259610916022
pz,2.05,H01,H01L,170.9760461719707
de,1.06,C12,C12Q,171.2635462974431
ew,1.02,H03,H03M,171.6023503165925
pm,2.05,C08,C08K,172.1389422600623
id,2.07,G01,G01N,172.2869944766862
ya,3.02,G01,G01N,172.3967329229345
uk,1.03,C30,C30B,172.422034136951
ub,1.03,B41,B41J,172.5240031019785
ei,1.04,C11,C11D,172.9540970532689
tu,3.01,B82,B82Y,173.3652510745451
de,1.06,C12,C12P,173.4549441290437
dy,1.04,H01,H01G,173.5018932132516
pz,2.05,G01,G01N,173.8250639857724
ne,3.03,H04,H04N,173.9863295918331
qe,2.09,A61,A61F,174.2801674799994
pm,2.05,H01,H01F,174.6490181894042
zd,9,C12,C12N,174.7756344093941
pk,2.05,H01,H01M,175.3219882277772
ig,2.06,C12,C12N,175.7148145530955
uk,1.03,G11,G11B,176.0111265394371
pm,2.05,G11,G11C,176.048892335617
ne,3.03,H01,H01L,176.1543963821605
ub,1.03,G01,G01S,176.5112655779812
ro,1.07,B01,B01L,176.8465307244333
cq,1.06,C12,C12R,176.8686332235811
ep,1.02,G01,G01C,176.8842749770265
if,2.11,H04,H04L,177.2579159189481
ze,1.06,C07,C07D,177.5831778823631
ub,1.03,B01,B01J,177.7310877355048
ex,1.02,H03,H03M,177.7384929810651
jy,4.05,A01,A01N,177.8204307452543
es,2.02,G06,G06N,177.8848365766462
iq,2.02,G10,G10K,178.5200122119859
id,2.07,C01,C01B,178.599756423384
nu,5.08,H04,H04N,178.637259115465
ro,1.07,G06,G06K,178.9934805021621
ro,1.07,C01,C01B,179.230687500909
li,3.02,A61,A61K,179.2461775595439
mm,6.01,G06,G06F,179.3960629589856
jy,4.05,C11,C11B,179.4889770057052
er,1.02,G06,G06T,179.7120722415857
nn,3.03,C12,C12Q,180.0312401868287
sy,1.03,C09,C09K,180.4323911786778
ew,1.02,A61,A61B,180.4679677220993
ti,9,A61,A61K,180.746750503662
pn,1.01,G06,G06T,180.908073665807
ro,1.07,G11,G11C,180.9543947400525
qg,2.05,C09,C09D,181.3764309800463
jy,4.05,C07,C07K,181.388498853601
iu,2.03,C10,C10M,181.4971861597151
dm,3.02,C07,C07C,181.9239779583877
yp,3.02,A61,A61K,182.2082703760825
ex,1.02,H01,H01L,182.4048107517883
qu,1.06,C07,C07H,182.4692814875161
aa,1.03,G10,G10K,183.2445184141397
om,5.05,G06,G06F,183.5346735622734
td,3.02,A61,A61B,183.617448866833
id,2.07,C09,C09K,183.8824555831961
pt,3.03,G06,G06F,184.1549940449186
ew,1.02,A63,A63F,184.311099355109
ub,1.03,H01,H01B,184.3513047592714
uh,1.03,H01,H01L,184.9172844135901
uh,1.03,G01,G01N,184.9604643515777
ah,4.01,A61,A61K,184.9792980285129
id,2.07,G06,G06F,185.3317307627294
ac,2.02,H02,H02M,185.3837158426177
ro,1.07,A61,A61N,185.7578968564048
ne,3.03,H04,H04W,185.9900096207857
pk,2.05,C03,C03B,185.9998965095729
ac,2.02,G06,G06T,186.5598243009299
vy,3.02,C07,C07D,186.5862357879523
ee,1.04,C07,C07B,186.6749898367561
ue,2.11,G03,G03G,186.9317607088014
jy,4.05,A23,A23K,187.3007224876201
bq,6.05,H04,H04L,187.4445494301617
tc,3.02,A61,A61K,187.4766446492285
uk,1.03,G03,G03F,187.8072213971755
jy,4.05,A23,A23D,188.1526455257554
ei,1.04,H01,H01G,188.3610714718234
ig,2.06,G01,G01R,188.4876929034945
pm,2.05,C08,C08L,188.8283433935139
dy,1.04,C07,C07J,189.1240483396687
ii,2.04,C09,C09K,189.1957230055705
uy,1.04,C08,C08B,189.2625240653288
oa,2.11,G03,G03F,189.4132890149485
oa,2.11,G01,G01S,189.8185324240476
ue,2.11,H04,H04L,190.127362478408
ac,2.02,G06,G06K,190.1800576832611
ev,1.02,G10,G10L,190.6333098637406
oa,2.11,H04,H04L,190.8962645521387
aa,1.03,H04,H04S,190.9382788685616
dy,1.04,C23,C23C,191.0774085941957
pw,2.06,C07,C07K,191.8143478928832
oi,3.02,A61,A61K,191.9793086628197
iq,2.02,G07,G07F,191.990862631239
pk,2.05,C23,C23C,192.4603605270386
ii,2.04,H01,H01L,192.4668620376615
rt,3.02,G06,G06F,192.8292243095348
wf,1.06,C12,C12N,193.069168322254
hq,1.04,C25,C25D,193.1524735086132
yo,3.01,G01,G01N,193.6119654093636
iq,2.02,G01,G01F,194.2921813731082
uf,1.03,H01,H01J,194.4814408961684
ei,1.04,H01,H01J,195.6877719697659
uk,1.03,G02,G02B,195.7529163149884
cu,1.06,C12,C12Q,196.1145094143576
dq,9,C07,C07K,196.3257566778921
pw,2.06,A61,A61K,196.5311478883959
db,2.08,C07,C07H,196.9865939042647
ew,1.02,G10,G10L,197.1874015401118
ew,1.02,G11,G11B,197.6302251899615
ja,1.05,C07,C07C,197.6612866627984
ki,3.02,C07,C07D,198.0888116729911
oa,2.11,G01,G01L,198.1190826918464
id,2.07,B01,B01J,198.2629631403834
vy,3.02,G06,G06K,198.6958397506969
za,3.02,A61,A61F,198.9657038431615
pa,6.02,G06,G06F,199.3870765054598
hq,1.04,H01,H01G,200.0958987639751
ue,2.11,G03,G03C,200.2339288014919
ep,1.02,H04,H04W,201.0055975193391
dy,1.04,G02,G02F,201.1489245032426
ip,2.07,C09,C09K,201.1616361811757
wh,3.02,C07,C07K,201.1991510652006
ei,1.04,C04,C04B,201.4623276174534
dy,1.04,G02,G02B,201.6054791809293
cq,1.06,C11,C11D,201.6974002247443
py,3.02,A61,A61F,202.0851876486558
ue,2.11,A61,A61B,202.1265863769222
yo,3.01,C07,C07D,202.1319466668647
ja,1.05,B01,B01D,202.3729394474067
cq,1.06,B82,B82Y,202.3790820569266
pm,2.05,C08,C08J,202.8731844074791
pm,2.05,C07,C07D,203.1128368047066
iq,2.02,B81,B81B,203.2311215624213
dq,9,A61,A61L,203.3672999272821
iq,2.02,B60,B60L,203.5196594535373
ha,5.03,G06,G06F,203.5603216122836
dw,1.04,C09,C09D,203.6453705145977
ub,1.03,H01,H01G,203.823962206021
aa,1.03,G01,G01N,203.9214269270888
ii,2.04,C10,C10L,204.1698599990923
sy,1.03,H04,H04Q,204.2217368842103
iq,2.02,H01,H01M,204.3054048165213
km,1.06,C07,C07D,204.3602045745356
fi,1.04,G02,G02F,204.3892468889244
ro,1.07,B01,B01D,204.820217280183
ga,3.02,A61,A61B,205.4645489691757
cq,1.06,A01,A01H,205.587168744416
ub,1.03,C01,C01B,206.0459904336603
oa,2.11,G01,G01T,206.5452768055256
tu,3.01,A61,A61B,206.8401139404159
nn,3.03,G01,G01N,206.8688812435139
pz,2.05,B22,B22F,207.059863707982
ui,1.03,H04,H04L,207.5353735685349
hy,1.06,A61,A61K,208.4559167043772
qg,2.05,G01,G01N,208.5412040334195
dx,3.01,G01,G01N,208.9622281004558
ro,1.07,G01,G01R,209.5573046323843
pm,2.05,C01,C01G,209.7081307161134
if,2.11,H01,H01L,210.0258563221432
ub,1.03,H04,H04L,210.2279571841937
co,1.06,G01,G01R,210.4204317724798
id,2.07,H02,H02M,210.6410181780811
sy,1.03,G01,G01D,210.6645199949853
cq,1.06,A61,A61Q,210.7695599452127
pz,2.05,B21,B21B,210.8030961463228
oa,2.11,G01,G01F,211.3422082047909
de,1.06,C07,C07D,211.6522343654651
sd,3.02,G01,G01N,211.7272686966462
ro,1.07,G02,G02F,212.0462280372158
iq,2.02,G05,G05D,212.5242809955962
km,1.06,C12,C12P,212.7630930423038
iq,2.02,B60,B60R,212.861920196563
et,1.02,A61,A61K,213.0206978267524
ub,1.03,C03,C03C,213.2830246980302
ii,2.04,G06,G06F,213.3193423694465
ry,2.03,H01,H01L,213.5669255018001
ve,3.02,C07,C07D,214.1265701008961
cq,1.06,C40,C40B,215.0188883944938
ye,2.02,H03,H03H,215.2890721858712
tu,3.01,C07,C07F,215.4786418778822
dy,1.04,C10,C10G,216.1205021969508
sy,1.03,G09,G09G,216.4356707721017
ev,1.02,H04,H04N,216.5033703029621
ot,6.02,G06,G06F,216.5454590604641
pm,2.05,G11,G11B,216.7433703057468
pm,2.05,H01,H01B,216.8491909056902
ji,5.01,G06,G06F,216.9360124946106
ds,3.02,A61,A61M,216.9526474843733
sy,1.03,B23,B23K,217.4047957486473
tu,3.01,A61,A61M,217.5222869305871
rt,3.02,A61,A61F,217.8218927532434
zd,9,A61,A61N,218.2624091261532
iq,2.02,H01,H01R,218.3702146280557
dw,1.04,C08,C08G,218.6623706129612
dw,1.04,A23,A23L,219.1324179456569
oy,9,G06,G06F,220.0625387148466
cq,1.06,C07,C07J,220.2749661642592
rt,3.02,G01,G01N,220.5597787372535
um,3.01,G01,G01N,221.3900602108333
ns,2.01,H01,H01J,221.6931797969737
ea,1.04,C07,C07C,222.5130953374319
ep,1.02,G05,G05B,222.73867440084
ac,2.02,H04,H04L,222.7995675923303
pm,2.05,B23,B23K,223.2057186358143
ij,2.11,G06,G06Q,223.5181505670771
pm,2.05,H05,H05K,223.9827342949575
ye,2.02,H04,H04H,225.5110724526457
ii,2.04,C08,C08J,225.9599725282751
zc,4.03,C07,C07K,226.4771483098157
pm,2.05,H01,H01G,227.0923201227561
et,1.02,H04,H04Q,227.1286485460587
ei,1.04,C07,C07F,227.4360473963898
ex,1.02,G10,G10L,227.6846432642778
id,2.07,B01,B01D,228.078226284124
id,2.07,H02,H02J,228.6253503961489
yr,2.01,H04,H04B,228.8202583217062
ui,1.03,G02,G02B,229.4220873625018
ro,1.07,A61,A61L,229.4609315129928
da,1.06,A61,A61B,229.6678804404801
ki,3.02,C12,C12Q,229.8793082815828
ii,2.04,E21,E21B,230.198186095804
cq,1.06,A01,A01K,230.8757171969628
zd,9,A61,A61F,231.3523740862729
dy,1.04,C09,C09B,231.3671221109107
le,1.05,G01,G01V,231.3828254952095
co,1.06,G06,G06F,231.6423110358883
iq,2.02,G08,G08B,232.0748358618002
ub,1.03,G01,G01B,233.2625429310137
tu,3.01,A01,A01N,233.4907966265455
ei,1.04,C09,C09D,233.7183679598384
di,5.02,G06,G06F,234.6681915007066
wf,1.06,A61,A61K,234.7808199024876
ep,1.02,G01,G01S,234.8524959568167
et,1.02,C07,C07K,235.4970406917855
es,2.02,H04,H04M,235.6015576850623
ub,1.03,B23,B23K,235.847450287547
ii,2.04,H01,H01M,236.0622036529239
pm,2.05,A61,A61L,236.1017348478781
ev,1.02,G06,G06K,236.1901749243261
iq,2.02,B25,B25J,237.117585091386
pm,2.05,B01,B01D,237.1729604555294
es,2.02,G09,G09G,237.54246644862
iu,2.03,H01,H01L,237.5529698939063
ac,2.02,B25,B25J,238.1574754188769
fa,2.01,C04,C04B,238.7488426696509
um,3.01,C07,C07D,238.8679832292255
oa,2.11,G05,G05B,239.2028891434893
uh,1.03,H01,H01J,240.0777788802516
xw,3.03,A61,A61B,240.3210086098406
nu,5.08,C07,C07K,240.9095213563414
pm,2.05,B32,B32B,241.5822681395803
ui,1.03,B82,B82Y,241.6287887839135
iq,2.02,G08,G08G,242.2376255951822
ei,1.04,C08,C08G,242.5396221766714
ee,1.04,C09,C09K,243.9330786664505
ro,1.07,H01,H01M,244.4767285021953
ro,1.07,G06,G06Q,244.9119303892367
ii,2.04,C08,C08G,244.9686953434721
fi,1.04,C07,C07D,245.2605760713341
iq,2.02,G01,G01K,245.5012291593011
aa,1.03,H04,H04N,245.6097319948021
vy,3.02,G06,G06F,245.9496814165032
ew,1.02,G06,G06N,245.9780966793187
dx,3.01,C07,C07J,246.723627069965
tu,3.01,A61,A61Q,246.846874024719
et,1.02,G11,G11B,248.001126045594
dy,1.04,A61,A61Q,248.0820223700721
dm,3.02,A61,A61N,248.5630014161579
db,2.08,C02,C02F,249.3846086829435
ue,2.11,H01,H01L,249.452945014229
dy,1.04,C08,C08J,249.7912673128303
we,3.02,A61,A61M,250.2117460090667
zd,9,C07,C07D,250.3002748033032
dy,1.04,C11,C11D,250.4049026998691
ub,1.03,H05,H05K,250.4208054147894
hq,1.04,C23,C23C,250.4876992399804
iq,2.02,G01,G01M,251.2142425500788
gy,5.02,G06,G06F,252.0314220478758
if,2.11,G01,G01N,252.2790819234215
dy,1.04,C08,C08K,252.4778770434204
es,2.02,G06,G06K,252.6335351483431
pm,2.05,G02,G02F,253.0752702839673
ub,1.03,H03,H03K,253.5971189506818
um,3.01,C07,C07K,253.7990006900509
ra,2.11,H01,H01J,255.6902479205746
ii,2.04,C08,C08L,255.79722472094
ro,1.07,H04,H04L,255.805102230981
ru,3.01,C12,C12Q,255.8716441709548
ai,2.03,B64,B64G,258.2466712519526
ds,3.02,A61,A61B,258.2978393776575
am,4.01,C12,C12N,259.2195605724119
pm,2.05,C09,C09D,259.3138644567225
ai,2.03,B64,B64C,260.1039860500023
es,2.02,H04,H04B,260.6921874792315
jy,4.05,A23,A23J,260.6994547634386
sy,1.03,G01,G01M,262.5072382632643
rt,3.02,C07,C07D,262.6179245238891
dw,1.04,B01,B01J,262.6452342025004
pm,2.05,B22,B22F,263.1284135244787
ei,1.04,C23,C23C,263.1785076734377
ne,3.03,A61,A61K,263.9589565531351
hq,1.04,C25,C25B,264.7132806393784
ui,1.03,G01,G01N,264.7471837713383
sy,1.03,G01,G01C,264.7968183243647
uy,1.04,H01,H01B,265.8204685929231
ja,1.05,B01,B01J,265.9083992291708
sy,1.03,H01,H01Q,265.9401029467117
xq,2.11,G01,G01R,266.4004061571322
pe,5.02,G06,G06F,266.5835609969217
vy,3.02,A61,A61M,266.631924856687
rb,2.02,B25,B25J,266.9185333680362
ub,1.03,H01,H01M,267.1301829807926
ya,3.02,A61,A61N,267.2948440101463
dq,9,C07,C07D,267.4403000533348
pq,1.01,G06,G06F,267.492344068829
ea,1.04,A61,A61B,267.5224618058419
ne,3.03,G06,G06Q,268.0076150917448
ew,1.02,H04,H04M,269.4738927087747
oz,6.02,G06,G06F,270.0457650274038
nu,5.08,A61,A61K,270.8256824234268
ui,1.03,G06,G06F,271.132933109533
ro,1.07,A01,A01N,272.0708939144388
zd,9,C07,C07K,272.4934830639977
uk,1.03,G11,G11C,272.6105060199043
es,2.02,G11,G11B,273.3093055365607
ds,3.02,A61,A61K,273.7712211306789
ee,1.04,C12,C12N,275.0020385155221
sy,1.03,G01,G01R,275.187878745608
dy,1.04,A61,A61L,275.3947050528368
py,3.02,C12,C12N,275.466072239913
ij,2.11,G06,G06F,275.527249159757
et,1.02,G06,G06N,276.0383608865086
iu,2.03,G01,G01N,278.7095387225272
ye,2.02,H01,H01P,278.8251863974147
pm,2.05,C08,C08G,280.4370110172895
cu,1.06,G01,G01N,280.7521692608716
ec,1.04,A61,A61K,280.9061664779438
id,2.07,C10,C10G,280.9408982594032
rt,3.02,A61,A61N,281.1585958541837
ew,1.02,G09,G09G,281.2493690778501
tm,3.01,C07,C07K,281.487964721804
cq,1.06,C07,C07F,281.7347984785447
aq,3.02,A61,A61K,282.0584231689572
py,3.02,A61,A61M,282.251069592312
ye,2.02,G01,G01R,282.6172346428502
dq,9,G01,G01N,283.3587291947915
uy,1.04,D01,D01F,283.4009765880182
ru,3.01,G06,G06F,283.4200819147518
ew,1.02,G05,G05B,284.0855830376968
sr,2.07,G01,G01S,287.1354845648166
jy,4.05,C12,C12P,287.3051817015512
ia,3.02,C12,C12Q,287.7843386748573
pm,2.05,B29,B29C,287.9549778585788
ad,4.02,A23,A23K,287.9626878974959
db,2.08,A01,A01N,289.4478874322958
ii,2.04,C08,C08F,289.8945990868378
co,1.06,C07,C07D,291.7576452338253
dm,3.02,G06,G06F,291.9131862692302
oa,2.11,G01,G01B,292.3445100872777
ba,3.02,A61,A61M,293.3309865542687
aa,1.03,H03,H03H,293.8989801007556
hy,1.06,C07,C07K,294.3226268787403
ro,1.07,B01,B01J,294.3632654198445
et,1.02,G10,G10L,294.7188572502928
za,3.02,A61,A61M,294.792857093038
ro,1.07,A01,A01K,295.5349329923629
dm,3.02,A61,A61B,296.7786403286736
tu,3.01,A61,A61L,297.4937242700253
cq,1.06,C12,C12Y,297.5428341538645
aa,1.03,G06,G06F,297.9053789093159
cq,1.06,A61,A61L,298.8186808449682
jy,4.05,G01,G01N,299.1105191643583
oa,2.11,G01,G01J,299.252055847086
pc,5.02,G06,G06F,299.5303063669708
qa,3.01,C12,C12Q,299.8506739013246
xy,1.01,G06,G06F,300.2977744281525
et,1.02,H04,H04M,302.5485777393915
pz,2.05,B22,B22D,303.611666967161
iq,2.02,B41,B41J,304.2384273905773
zd,9,G01,G01N,304.7117364098085
pn,1.01,H04,H04L,305.1732620557304
pm,2.05,H01,H01J,307.384249443945
za,3.02,G01,G01N,307.6397737651132
dy,1.04,C08,C08L,307.6949606870767
ia,3.02,A61,A61B,308.3019020147622
ja,1.05,G01,G01N,308.5650991214206
ih,2.07,C02,C02F,309.2909517809749
iq,2.02,G01,G01P,309.9096428344492
jy,4.05,A23,A23B,311.1605915380642
ub,1.03,G09,G09G,311.9458214694168
tm,3.01,C12,C12Q,312.5535602524178
uy,1.04,G02,G02B,312.8590992947575
ea,1.04,C12,C12N,313.213230923051
ec,1.04,H01,H01L,313.758655073354
qu,1.06,A01,A01N,313.8858938338235
iq,2.02,H01,H01H,315.4219870113302
ye,2.02,G06,G06K,315.5115924675483
pt,3.03,A61,A61B,316.3185092433123
qg,2.05,H01,H01J,316.9879826079123
ub,1.03,H03,H03H,317.2897831236478
iq,2.02,G01,G01V,318.1478099899832
ki,3.02,C07,C07K,318.5606266673421
iq,2.02,H04,H04H,319.5092020155862
ei,1.04,C08,C08F,320.5725684051868
fi,1.04,C30,C30B,321.0923245267477
iq,2.02,A61,A61N,321.176166041987
db,2.08,C12,C12M,321.531403432251
ee,1.04,C07,C07J,321.6832773149945
ec,1.04,B01,B01J,321.7006165921921
ye,2.02,H01,H01L,322.5385040484834
ea,1.04,B01,B01L,323.3850712433923
aa,1.03,G01,G01S,323.4305845370982
ub,1.03,H05,H05B,324.6281900568865
py,3.02,G06,G06F,324.9743355242535
ad,4.02,A61,A61K,325.1399167268537
jy,4.05,A21,A21D,325.5624322918011
ma,3.02,C07,C07D,325.8774027256295
uy,1.04,B01,B01J,325.9653801586246
bq,6.05,G06,G06F,326.4768328610808
dx,3.01,C07,C07F,327.1425297539681
iq,2.02,C23,C23C,328.2484330482548
da,1.06,C12,C12Q,328.5558131013531
ig,2.06,G06,G06F,328.6896635360317
dy,1.04,G03,G03F,329.0882817944512
ub,1.03,H04,H04N,329.7996652177535
ai,2.03,G06,G06F,330.1610799946357
zr,1.05,C02,C02F,330.3599657977466
ze,1.06,G01,G01N,333.1033452551346
iq,2.02,G01,G01B,335.3105646297336
uy,1.04,C07,C07F,336.7021144977771
sd,3.02,A61,A61B,337.5243050893769
iu,2.03,G06,G06F,339.1617726222612
pm,2.05,G03,G03F,339.2017487402773
jy,4.05,C12,C12N,339.3004049717565
ex,1.02,G06,G06N,339.3424269908573
iq,2.02,G01,G01T,339.5508571441751
es,2.02,H03,H03K,340.4749276470393
ru,3.01,A61,A61N,341.8554673132021
um,3.01,A61,A61B,343.648189612315
ns,2.01,G03,G03F,344.1646077128826
tu,3.01,G06,G06F,344.6204014812829
ea,1.04,B01,B01D,345.0628664079122
sy,1.03,H01,H01J,345.1547976746224
iq,2.02,G01,G01D,345.6284771007486
we,3.02,A61,A61B,346.5540994667681
oa,2.11,H04,H04N,346.9814277403057
pm,2.05,C03,C03C,347.0956442125607
ue,2.11,G03,G03F,347.1866635188926
pz,2.05,C21,C21D,347.8265221146867
ki,3.02,G01,G01N,349.8032639253652
ig,2.06,A61,A61M,350.3232006536564
ee,1.04,G01,G01N,351.0496314568445
iq,2.02,B81,B81C,351.1228718359489
ep,1.02,A61,A61B,351.9637268150691
jy,4.05,A23,A23G,355.6924634687603
pm,2.05,G06,G06F,355.9506297707558
qf,9,G01,G01N,357.5570481214672
iq,2.02,G01,G01L,358.0548567208461
uh,1.03,G01,G01R,358.2123599576298
db,2.08,C12,C12R,358.4064293425763
ii,2.04,C07,C07D,358.8135942164809
ye,2.02,H03,H03F,360.1968398094177
uk,1.03,B82,B82Y,360.6461269052234
uk,1.03,G01,G01N,362.3664823191357
sa,3.03,A23,A23L,362.5339198275469
ai,2.03,G01,G01S,363.894140004646
pz,2.05,B23,B23K,364.0381136490032
ro,1.07,C07,C07H,364.7084700030973
fi,1.04,H01,H01L,366.1658913266147
dy,1.04,G06,G06F,366.9246015468379
pj,2.05,D21,D21H,368.1172292232513
ec,1.04,C08,C08F,368.4425070532598
oa,2.11,G02,G02B,368.6062661504839
ev,1.02,A61,A61B,369.772733033984
km,1.06,G06,G06F,371.8143903266173
ia,3.02,C12,C12N,371.8228391286975
if,2.11,G06,G06F,373.7538161003031
ii,2.04,C01,C01B,374.3713009888306
pz,2.05,C23,C23C,375.477123802295
es,2.02,H03,H03M,375.9320896384306
py,3.02,C12,C12Q,377.0817923576105
vy,3.02,A61,A61F,377.3371183559066
da,1.06,C07,C07D,379.3768773230258
fi,1.04,C09,C09K,380.5326144671999
oa,2.11,A61,A61B,380.5906334011815
iq,2.02,G01,G01J,384.6859795787605
dy,1.04,C12,C12P,388.582733152085
ry,2.03,G21,G21C,389.8926758971065
ub,1.03,G01,G01J,391.315359082655
ea,1.04,B01,B01J,391.342234111391
sy,1.03,B82,B82Y,393.5390758422436
ba,3.02,A61,A61B,395.0253698345041
pm,2.05,A61,A61K,396.8113797692058
ub,1.03,A61,A61B,397.8526840050472
ga,3.02,A61,A61Q,397.9030885021202
uy,1.04,C09,C09J,401.0214613296557
ev,1.02,G06,G06Q,402.8850277389865
dy,1.04,C09,C09D,402.8904885138618
ze,1.06,C12,C12Q,403.2727774505038
uk,1.03,C23,C23C,406.2849689869909
vy,3.02,G01,G01N,406.3067132972647
dw,1.04,C07,C07C,407.1190036437474
pz,2.05,C22,C22B,407.9797455137596
tu,3.01,C07,C07H,408.8585033491254
ma,3.02,C12,C12Q,410.6635564524913
ro,1.07,G02,G02B,413.2814558874816
ye,2.02,G06,G06T,413.480293862056
ee,1.04,C12,C12P,413.5094655820285
cq,1.06,A01,A01N,413.862752962159
ee,1.04,H01,H01L,413.993550156476
aa,1.03,H04,H04R,415.6621507648379
ns,2.01,G01,G01N,416.7178919224534
ii,2.04,C02,C02F,419.5241464162245
uy,1.04,H01,H01M,420.2507686573081
pk,2.05,C03,C03C,420.2724387580529
vy,3.02,G01,G01T,420.4572369281668
dy,1.04,A01,A01N,421.0270165050169
ne,3.03,H04,H04L,421.9573977487162
db,2.08,G06,G06F,422.3549597691745
sy,1.03,H04,H04J,422.8411196651869
qu,1.06,C07,C07D,423.7857880286174
pm,2.05,G02,G02B,425.5114364497131
uy,1.04,G01,G01N,426.0791332666995
dq,9,A61,A61M,428.4788287165575
ik,2.11,G06,G06F,429.5305436928757
ev,1.02,G06,G06T,431.5104895266704
ya,3.02,A61,A61L,432.6561814949382
tu,3.01,C12,C12Q,433.1838172986172
ub,1.03,C04,C04B,434.1852588842157
ig,2.06,G01,G01N,434.2344832589151
ea,1.04,C07,C07K,434.5008126232424
ei,1.04,C09,C09K,434.5286093045142
uk,1.03,H01,H01M,435.371036599623
ii,2.04,B29,B29C,438.5450034332462
ig,2.06,A61,A61F,439.3576608664589
ei,1.04,C10,C10G,440.0586204377469
ee,1.04,A01,A01N,440.3859145806637
ii,2.04,A61,A61K,441.275658835948
iq,2.02,H03,H03G,442.1048466099892
ro,1.07,C12,C12P,442.5449035799247
aa,1.03,A61,A61B,442.9390098426957
tq,3.02,A61,A61K,443.9105104592745
es,2.02,G06,G06T,444.144220545073
ba,3.02,A61,A61K,445.1781450539129
ro,1.07,A61,A61B,448.3480508895591
ro,1.07,C07,C07C,449.9203644541558
ya,3.02,A61,A61M,451.5074561729562
tm,3.01,A61,A61K,451.6997415602673
dw,1.04,C07,C07D,452.7228706330061
ei,1.04,B82,B82Y,453.466577293002
pj,2.05,D21,D21C,453.830451387912
ii,2.04,G01,G01N,454.2460229160497
nu,5.08,H04,H04L,454.8659044427332
ee,1.04,B01,B01J,455.2785663226387
sy,1.03,G03,G03H,457.4335041823797
qu,1.06,C12,C12R,457.6054967547534
ki,3.02,A61,A61B,458.1413539811037
hy,1.06,C12,C12N,458.416253068368
iq,2.02,H02,H02H,462.1199119761586
za,3.02,A61,A61B,464.9519029911608
tm,3.01,G01,G01N,469.6345563417999
ac,2.02,G05,G05B,471.4878669569734
dy,1.04,B01,B01D,471.7614922015928
ev,1.02,H04,H04L,472.4694633091567
et,1.02,H03,H03M,473.7605740211438
sy,1.03,G01,G01S,477.0882092020474
wh,3.02,A61,A61K,478.6681408805307
dy,1.04,C01,C01B,479.3908715144498
ea,1.04,C07,C07D,481.7185876882868
ee,1.04,C08,C08G,484.0927072822815
pm,2.05,C01,C01B,484.3169078428764
dy,1.04,C12,C12Q,485.7308090358274
db,2.08,C07,C07D,489.2015890475595
dx,3.01,C07,C07H,489.2809492475353
oa,2.11,H01,H01J,489.9556292098714
ub,1.03,G01,G01Q,492.0043736337684
ue,2.11,G06,G06F,493.7005608247127
de,1.06,C07,C07K,493.8105756262667
xq,2.11,H01,H01J,493.9464847425697
qa,3.01,C07,C07D,497.0915234062122
ew,1.02,H04,H04W,497.3304114290513
ry,2.03,G01,G01T,501.2561949063092
ja,1.05,C02,C02F,501.8399357188027
pe,5.02,G06,G06Q,508.9322593468241
et,1.02,H04,H04B,512.0925261822995
dy,1.04,B82,B82Y,516.163297534571
pk,2.05,H01,H01L,518.4503223401261
de,1.06,A61,A61K,518.5748319384002
yr,2.01,H04,H04W,518.814841483254
ru,3.01,A61,A61B,525.7050314859953
iq,2.02,H03,H03D,527.4290112114977
ub,1.03,H04,H04B,528.0424286557827
yr,2.01,H04,H04L,528.206620555371
iq,2.02,H02,H02K,529.3792665125802
ee,1.04,C08,C08F,529.9842901122756
uy,1.04,A61,A61L,530.7777628598269
nn,3.03,C07,C07K,533.6190040863585
qe,2.09,A61,A61K,534.7813675434445
ye,2.02,G11,G11B,536.1779507955071
dk,5.02,G06,G06Q,537.0701297204942
oa,2.11,G06,G06F,537.3631167694693
et,1.02,G06,G06K,537.4637218271382
pm,2.05,B01,B01J,537.6096793516772
ig,2.06,G06,G06T,539.8520145836519
we,3.02,A61,A61K,541.2571089336416
ni,3.01,C12,C12Q,542.0124255603878
ru,3.01,C12,C12N,542.6354391238419
gy,5.02,G06,G06Q,543.985338550061
uy,1.04,C09,C09K,545.7447757869959
pm,2.05,B82,B82Y,548.0271509913728
fy,3.02,A61,A61C,550.5368106914684
ea,1.04,A61,A61K,553.1509647007333
iq,2.02,H04,H04R,554.6314556854777
iq,2.02,H01,H01F,557.6668379683979
ik,2.11,H01,H01L,560.6470301612862
ei,1.04,B01,B01D,566.258843295509
iq,2.02,G01,G01C,566.4010700960644
zd,9,A61,A61B,569.3565547467442
ub,1.03,H01,H01F,571.2024204432964
cu,1.06,A61,A61K,571.2656635681051
ia,3.02,C07,C07D,574.4321009146515
et,1.02,G06,G06T,574.7118183634011
pm,2.05,C09,C09K,574.8427159586572
jy,4.05,A23,A23C,574.8686245512217
ub,1.03,G06,G06F,576.9329161227215
km,1.06,G01,G01N,577.0062259999686
ro,1.07,B82,B82Y,581.8329559753183
ec,1.04,C07,C07C,582.0655532620149
uy,1.04,B32,B32B,582.6923461181577
py,3.02,G01,G01N,585.155799746979
sd,3.02,A61,A61K,587.6116157993674
dy,1.04,C12,C12N,588.9458095856244
iq,2.02,H05,H05B,593.8639398231171
uy,1.04,G03,G03F,594.5339310463751
cu,1.06,C12,C12N,594.7878159155953
tc,3.02,A61,A61F,597.8916511607822
sy,1.03,H04,H04L,599.4345180005766
ve,3.02,A61,A61K,602.8553498050314
pw,2.06,C12,C12Q,605.0482841318008
id,2.07,E21,E21B,605.3352948976681
ig,2.06,A61,A61K,605.5663712996175
xq,2.11,G01,G01N,606.7167835880537
ec,1.04,C07,C07D,610.7592790802009
ex,1.02,G06,G06K,610.8996807715157
dq,9,A61,A61F,612.2242310513975
uy,1.04,C07,C07C,620.984131673933
pm,2.05,C30,C30B,628.9429818375502
ye,2.02,G10,G10L,630.0598949223058
ii,2.04,C10,C10G,634.1292776132468
am,4.01,A01,A01N,635.8467805506662
es,2.02,G01,G01R,636.5499406605959
ac,2.02,G06,G06F,637.0972349640215
qa,3.01,G01,G01N,637.4287103095558
py,3.02,A61,A61B,638.9834504118189
su,3.02,A61,A61B,639.6131988791749
iq,2.02,H03,H03B,642.2957931323908
yo,3.01,A61,A61K,642.9127844669274
ia,3.02,G01,G01N,645.6722926907241
ue,2.11,G06,G06K,645.7078713076189
co,1.06,A61,A61K,651.0748278600513
pc,5.02,G06,G06Q,651.4607204259373
di,5.02,G06,G06Q,652.7686162716709
qe,2.09,A61,A61L,656.9535346247721
ex,1.02,H04,H04W,658.5142199883703
ru,3.01,G01,G01N,659.5120239976095
cq,1.06,G06,G06F,659.76010404923
py,3.02,C07,C07K,666.2940127989859
uy,1.04,C07,C07D,667.2824482847936
ne,3.03,G06,G06F,667.3928207510617
es,2.02,G06,G06Q,672.6375316157937
iy,1.06,A01,A01N,673.0179258680437
qu,1.06,G01,G01N,677.0284315071185
ub,1.03,C09,C09K,678.2156286748941
tu,3.01,C12,C12N,683.5435141791822
dy,1.04,C09,C09K,683.9657822407898
su,3.02,A61,A61F,684.3989474641858
cq,1.06,C07,C07C,685.659824414528
um,3.01,A61,A61K,688.1496216711821
ye,2.02,G06,G06Q,688.5122808930464
ye,2.02,G02,G02B,692.2984333003405
ip,2.07,E21,E21B,695.638716221787
ni,3.01,C07,C07D,696.0436082776869
dy,1.04,H01,H01M,696.1554588202853
sy,1.03,G06,G06K,702.7099925081711
pm,2.05,C22,C22C,710.669608032098
ei,1.04,C07,C07D,712.6363632313441
vy,3.02,A61,A61N,714.3565914095379
hq,1.04,G01,G01N,717.0315148148802
es,2.02,G11,G11C,718.7543748151511
fy,3.02,A61,A61K,720.1390347757842
sy,1.03,G06,G06F,720.5637734355405
mu,4.01,A01,A01H,727.7376794319134
iq,2.02,H05,H05K,730.7437335660215
ig,2.06,A61,A61L,732.7436241519172
uy,1.04,H01,H01L,733.5942257571733
uy,1.04,B01,B01D,745.1906546410173
oa,2.11,G01,G01R,750.0135371298529
qg,2.05,H01,H01M,752.0836062843446
py,3.02,C07,C07D,752.4212240335764
ma,3.02,G01,G01N,756.2802735897712
uy,1.04,B29,B29C,758.1053832219914
nu,5.08,G06,G06Q,758.7736165961251
km,1.06,A61,A61K,759.2208639470628
ew,1.02,G06,G06K,766.2047896268778
dw,1.04,A61,A61K,766.9635946242488
dx,3.01,C07,C07K,768.396444247046
uy,1.04,C09,C09D,777.7028972611297
ei,1.04,A61,A61K,779.8256779845105
ei,1.04,C01,C01B,780.544616938103
sy,1.03,G11,G11B,780.9859324351419
nn,3.03,A61,A61K,783.3665327787749
da,1.06,G01,G01N,788.54247082246
er,1.02,G06,G06F,794.2961770943366
ep,1.02,G10,G10L,797.7470447052037
iq,2.02,G09,G09G,804.4845203859732
rt,3.02,A61,A61B,805.7514351621503
zc,4.03,A61,A61K,805.8874147192982
ee,1.04,C07,C07K,811.6406494828407
dy,1.04,C07,C07H,811.9099905149778
tu,3.01,C07,C07C,813.2778821617831
oa,2.11,H01,H01L,813.8503146568546
ma,3.02,C12,C12N,821.0070015287492
iq,2.02,G06,G06N,821.49551222031
co,1.06,C12,C12N,823.4544017776789
de,1.06,A01,A01N,827.4544316865504
pz,2.05,C22,C22C,828.9529367480427
iq,2.02,B82,B82Y,832.024030784145
iq,2.02,H01,H01J,834.0509753267979
ex,1.02,G06,G06T,836.8541008753236
da,1.06,C12,C12N,843.7377613419958
dr,1.06,C07,C07D,856.244644304039
ui,1.03,H01,H01L,860.1778748250799
es,2.02,H04,H04N,862.8129852211569
dr,1.06,C12,C12Q,862.9287207869929
ei,1.04,G01,G01N,864.4736791939358
ea,1.04,H01,H01J,877.389805916464
pm,2.05,G01,G01N,880.5363930820604
cu,1.06,C07,C07K,883.5245956911822
ex,1.02,H04,H04N,884.4050030275248
id,2.07,H01,H01L,893.0860476784874
tc,3.02,A61,A61B,896.1658551236615
uy,1.04,C08,C08K,903.850696911104
ea,1.04,C12,C12Q,908.4512085644528
qg,2.05,C23,C23C,909.7401855611242
es,2.02,H04,H04W,909.8065464012325
qa,3.01,C12,C12N,909.8169403241773
pn,1.01,G06,G06F,911.0219393470325
iq,2.02,H02,H02P,912.0803411030211
iq,2.02,G05,G05B,913.8823011748027
ru,3.01,C07,C07K,915.4429663444462
pm,2.05,H01,H01M,915.7838890624698
tu,3.01,G01,G01N,917.0167777633178
ye,2.02,G01,G01S,917.8841375476914
ep,1.02,G06,G06Q,923.4179616759066
co,1.06,C07,C07K,923.7376120091067
ep,1.02,G06,G06N,928.9126864185091
dy,1.04,C07,C07K,931.5590969724581
co,1.06,C12,C12Q,935.4053387225722
ep,1.02,H04,H04L,948.8147550523281
ia,3.02,C07,C07K,950.4394041364139
iq,2.02,G05,G05F,953.6827197435778
pm,2.05,C04,C04B,968.5974755492061
ya,3.02,A61,A61K,976.4486426111253
ye,2.02,H04,H04J,977.183409468038
ei,1.04,H01,H01M,983.5375122611877
ub,1.03,G01,G01R,988.2120812481735
ue,2.11,G06,G06T,997.2283195671625
za,3.02,A61,A61K,998.5275839382666
ec,1.04,C07,C07F,1000.66922752629
zd,9,A61,A61K,1004.330809022475
qu,1.06,C12,C12P,1010.410403195157
sy,1.03,G06,G06T,1024.756237200578
ya,3.02,A61,A61F,1032.649318042211
vy,3.02,A61,A61K,1033.726289996965
ye,2.02,H03,H03M,1036.984677068773
ye,2.02,H04,H04M,1041.114373773802
ig,2.06,A61,A61N,1041.226364813279
uy,1.04,A61,A61K,1053.857805134845
iq,2.02,G02,G02F,1065.146558435634
iq,2.02,G03,G03F,1074.795996386674
id,2.07,H01,H01M,1076.479060702724
jy,4.05,A61,A61K,1078.016238771466
da,1.06,A61,A61K,1093.640799915069
jy,4.05,A23,A23L,1096.548511302331
dm,3.02,C12,C12N,1097.124317026464
ze,1.06,A61,A61K,1099.357563120895
ru,3.01,C07,C07D,1099.867529727053
db,2.08,G01,G01N,1123.910997298604
ub,1.03,G11,G11C,1129.270943060168
sy,1.03,G01,G01J,1129.433412538143
ns,2.01,H01,H01L,1133.026593513088
dy,1.04,C08,C08G,1141.175836756709
ex,1.02,G06,G06Q,1143.161713677924
da,1.06,C07,C07K,1150.183458680171
uy,1.04,C08,C08J,1167.559097555932
dq,9,A61,A61N,1176.196590265608
ma,3.02,C07,C07K,1181.472530778148
ro,1.07,G06,G06F,1194.064308758709
ye,2.02,H04,H04Q,1196.456925961189
pm,2.05,C23,C23C,1197.176128573134
ub,1.03,G03,G03F,1197.384822044522
ee,1.04,C07,C07H,1205.029917597421
pk,2.05,C04,C04B,1210.809932772536
rt,3.02,A61,A61K,1213.806146560761
ei,1.04,H01,H01L,1214.249569561624
es,2.02,H01,H01L,1219.82459076168
ub,1.03,C30,C30B,1223.576164055383
dy,1.04,C08,C08F,1229.557484214427
sy,1.03,G01,G01B,1233.262005328201
ii,2.04,C07,C07C,1234.041504019173
ni,3.01,C12,C12N,1235.66038353878
cq,1.06,C07,C07H,1236.789425587282
ye,2.02,H01,H01Q,1238.735447338782
dq,9,A61,A61K,1239.142002164503
ii,2.04,B01,B01J,1244.070683094207
dx,3.01,C07,C07C,1323.490334321046
et,1.02,H04,H04N,1338.899474397535
qu,1.06,C07,C07K,1342.622537665768
vy,3.02,G06,G06T,1346.200898727286
iq,2.02,A61,A61B,1349.461910016951
db,2.08,C12,C12Q,1352.66588571528
sa,3.03,A61,A61K,1360.284829382261
su,3.02,A61,A61K,1371.512272574124
sy,1.03,A61,A61B,1378.971258774865
iq,2.02,H04,H04M,1379.979985540267
iq,2.02,H04,H04J,1388.437987933867
iq,2.02,H02,H02J,1395.769973411458
hq,1.04,H01,H01L,1402.805140841519
iq,2.02,G01,G01N,1408.006991434842
ki,3.02,A61,A61K,1411.95130875631
sy,1.03,H04,H04B,1425.656248748535
qa,3.01,C07,C07K,1444.90127822847
aa,1.03,G10,G10L,1454.224443127285
ze,1.06,C12,C12N,1463.109724683163
cq,1.06,C12,C12P,1468.453348875453
iq,2.02,H04,H04Q,1468.568500617985
dm,3.02,C07,C07D,1472.963716616272
dy,1.04,B01,B01J,1474.202559669269
ew,1.02,G06,G06Q,1491.869710245403
ro,1.07,H01,H01L,1494.39899388398
nu,5.08,G06,G06F,1496.264140660176
pw,2.06,G01,G01N,1504.129161751713
iq,2.02,H03,H03L,1518.637784303632
km,1.06,A01,A01H,1527.547749400605
iq,2.02,G06,G06Q,1538.300911664963
sy,1.03,G03,G03F,1541.137664727401
qu,1.06,A61,A61K,1548.002342551044
dr,1.06,G01,G01N,1549.643483719381
sy,1.03,H04,H04N,1556.09655389539
dm,3.02,C12,C12Q,1562.952631787048
qu,1.06,C12,C12Q,1569.777957111772
dy,1.04,H01,H01L,1571.851932176854
iq,2.02,H01,H01P,1573.74091449636
de,1.06,A01,A01H,1575.882117412519
et,1.02,G06,G06Q,1585.979559931671
dy,1.04,G01,G01N,1597.900937895814
db,2.08,A61,A61K,1604.161666793138
ma,3.02,A61,A61K,1608.43882446349
tu,3.01,C07,C07K,1614.905686930724
ni,3.01,G01,G01N,1629.604211300029
ee,1.04,C07,C07F,1651.588601185125
ei,1.04,C07,C07C,1662.185740860878
ue,2.11,H04,H04N,1680.102041062433
oa,2.11,G01,G01N,1726.053247844568
sy,1.03,G02,G02F,1733.454890526831
ub,1.03,G02,G02F,1737.685221999418
ga,3.02,A61,A61K,1737.74344771952
dy,1.04,C07,C07F,1746.088549212203
gc,1.05,G01,G01V,1767.813456190517
am,4.01,A01,A01H,1781.56218670751
et,1.02,H04,H04W,1786.072148453677
ze,1.06,C07,C07K,1787.825355931971
dm,3.02,G01,G01N,1788.797053513001
ii,2.04,B01,B01D,1815.347691751551
sy,1.03,H01,H01L,1861.143656751607
km,1.06,C07,C07K,1865.085274518176
ev,1.02,G06,G06F,1877.23896998167
km,1.06,C12,C12Q,1881.796103356639
ub,1.03,H01,H01J,1887.48358510324
ub,1.03,G02,G02B,1893.174611432129
dq,9,A61,A61B,1893.86697024887
ub,1.03,G01,G01N,1913.481123983336
ep,1.02,H04,H04N,1916.163910723291
sy,1.03,G01,G01N,1947.744397561881
ei,1.04,B01,B01J,1950.212410512147
db,2.08,C12,C12P,1962.329119540082
ew,1.02,H04,H04N,1964.429326005979
iq,2.02,H01,H01S,1981.412606191589
ub,1.03,B82,B82Y,1996.735473222565
ee,1.04,A61,A61K,2009.857291906636
iq,2.02,H03,H03H,2034.438294523978
qg,2.05,H01,H01L,2094.369408741884
co,1.06,G01,G01N,2095.864548192883
uy,1.04,C08,C08L,2110.384367604973
ya,3.02,A61,A61B,2113.443923524697
ub,1.03,C23,C23C,2136.212788461009
iq,2.02,G01,G01S,2204.852872017422
ro,1.07,C07,C07D,2266.007589174435
db,2.08,C07,C07K,2270.234401634632
qu,1.06,C12,C12N,2332.423909294535
ep,1.02,G06,G06T,2354.862561577815
ia,3.02,A61,A61K,2380.302932666556
ub,1.03,H01,H01S,2453.88211663207
ru,3.01,A61,A61K,2458.225043733837
dr,1.06,A61,A61K,2475.809302843787
dm,3.02,C07,C07K,2499.146783606848
qa,3.01,A61,A61K,2562.319837917545
de,1.06,C12,C12N,2567.333976761962
km,1.06,C12,C12N,2575.202895052324
iq,2.02,H01,H01Q,2696.414035202237
ig,2.06,A61,A61B,2700.985612124205
iq,2.02,G11,G11B,2711.002558124484
iq,2.02,G10,G10L,2732.452580707963
ro,1.07,C12,C12Q,2746.275005458039
dr,1.06,C12,C12N,2759.263197376073
vy,3.02,A61,A61B,2834.907951678731
hq,1.04,H01,H01M,2845.858815311687
vy,3.02,G01,G01R,2884.619861979736
sy,1.03,H01,H01S,2888.118995259283
ub,1.03,G11,G11B,2901.662003072677
iq,2.02,H03,H03F,2984.759361538105
ro,1.07,G01,G01N,2992.147422026726
py,3.02,A61,A61K,3006.587600360683
dr,1.06,C07,C07K,3022.704806377267
iq,2.02,G06,G06K,3104.248125161976
iq,2.02,H02,H02M,3176.400538250105
ep,1.02,G06,G06K,3178.182472657412
ye,2.02,H04,H04N,3183.434675926343
uy,1.04,C08,C08F,3227.538877294399
uk,1.03,H01,H01L,3442.497853141162
dx,3.01,A61,A61K,3448.811183971586
uy,1.04,C08,C08G,3491.953784649726
cq,1.06,C07,C07D,3495.343496590445
iq,2.02,H03,H03K,3531.998279427644
es,2.02,H04,H04L,3547.77944131766
iq,2.02,G02,G02B,3548.503161408007
ye,2.02,G06,G06F,3575.093846402364
iq,2.02,G06,G06T,3614.092172737583
ew,1.02,H04,H04L,3657.18592029647
ye,2.02,H04,H04B,3680.410075635999
dy,1.04,C07,C07C,3697.431246884167
dy,1.04,A61,A61K,3790.496623750892
db,2.08,C12,C12N,3898.960087734333
iq,2.02,G01,G01R,4001.25822739373
iq,2.02,H03,H03M,4060.007246079273
ni,3.01,A61,A61K,4084.1609632576
ep,1.02,G06,G06F,4233.968641755986
cq,1.06,C12,C12Q,4313.163581447094
ew,1.02,G06,G06T,4349.713057709974
cq,1.06,G01,G01N,4364.652216875169
pm,2.05,H01,H01L,4632.723355438793
ex,1.02,H04,H04L,4690.983394111274
ro,1.07,A61,A61K,4785.37916740292
ni,3.01,C07,C07K,4922.156686058326
ee,1.04,C07,C07C,4946.917365040514
dm,3.02,A61,A61K,5413.536492266081
iq,2.02,H04,H04W,5586.752074184478
ea,1.04,G01,G01N,5626.912487802736
iq,2.02,G11,G11C,5774.54714751814
ro,1.07,C12,C12N,5830.480687285279
sy,1.03,G02,G02B,6073.90382066695
ye,2.02,H04,H04W,6188.141543615726
et,1.02,H04,H04L,6671.418529092334
iq,2.02,H04,H04B,6743.079029371613
tu,3.01,C07,C07D,6834.330045975395
dy,1.04,C07,C07D,7415.502157029521
ro,1.07,C07,C07K,7461.086531534529
cq,1.06,A61,A61K,7546.544023445313
et,1.02,G06,G06F,9172.280877473531
dx,3.01,C07,C07D,10082.29185773071
iq,2.02,H04,H04N,10283.43735006126
cq,1.06,C12,C12N,10301.77248389641
cq,1.06,C07,C07K,11120.68367536945
ex,1.02,G06,G06F,11326.1924047278
es,2.02,G06,G06F,11437.08040790283
ye,2.02,H04,H04L,12364.63049035461
tu,3.01,A61,A61K,13346.65060265519
ee,1.04,C07,C07D,13493.34951408341
iq,2.02,H04,H04L,15140.69989007397
ew,1.02,G06,G06F,15371.27858105255
iq,2.02,G06,G06F,17921.31558351452
iq,2.02,H01,H01L,18181.81972466776
ub,1.03,H01,H01L,20267.59793932445
